lef,1,142.5933,138.4167,8.6817
lef,2,144.3833,138.2467,8.6817
lef,3,148.7567,144.8767,8.6817
lef,4,146.7967,144.1133,8.6817
lef,5,145.0433,142.5067,8.6817
lef,6,141.63,138.63,8.6817
lef,7,138.8267,137.2767,8.6817
lef,1,5.8376
lef,2,6.9395
lef,3,7.4502
lef,4,10.6749
lef,5,8.8562
lef,6,10.1375
lef,7,10.208
lef,8,8.7696
RMSE signal: 8.681669e+00,RMSE peaks: 3.687722e+00
lbd,1,173.08,178.7433,7.5587
lbd,2,167.8933,174.38,7.5587
lbd,3,165.2067,171.1467,7.5587
lbd,4,163.8567,174.7633,7.5587
lbd,5,166.65,175.1767,7.5587
lbd,6,165.9733,174.39,7.5587
lbd,7,163.7567,172.0233,7.5587
lbd,1,6.3722
lbd,2,7.3333
lbd,3,8.225
lbd,4,8.0809
lbd,5,8.0013
lbd,6,8.3839
lbd,7,7.3078
lbd,8,6.334
RMSE signal: 7.558673e+00,RMSE peaks: 7.930693e+00
lelb,1,135.3167,129.93,21
lelb,2,138.02,129.2167,41
lelb,3,143.6033,128.25,64
lelb,4,143.6967,131.8633,84
lelb,5,139.1,130.8433,107
lelb,6,142.9667,127.7733,125
lelb,7,141.83,130.2267,148
lelb,1,9.3941
lelb,2,9.8997
lelb,3,8.3491
lelb,4,10.0109
lelb,5,9.4813
lelb,6,8.5302
lelb,7,7.259
lelb,8,8.442
RMSE signal: 9.031838e+00,RMSE peaks: 1.143875e+01
lelb1,1,121.9967,127.48,24
lelb1,2,123.6867,124.6533,49
lelb1,3,126.1433,124.3333,71
lelb1,4,127.66,125.9867,91
lelb1,5,128.7367,124.8367,112
lelb1,6,127.7067,123.08,125
lelb1,7,135.5167,131.03,153
lelb1,1,6.6345
lelb1,2,6.5167
lelb1,3,5.9233
lelb1,4,5.9303
lelb1,5,6.7007
lelb1,6,7.7697
lelb1,7,5.9392
lelb1,8,5.8947
RMSE signal: 6.420997e+00,RMSE peaks: 3.661065e+00
lie,1,38.3067,27.5819,20
lie,2,47.42,45.8086,37
lie,3,51.8433,54.0986,55
lie,4,47.9667,55.4853,76
lie,5,49.03,46.2419,98
lie,6,42.1433,43.0986,120
lie,7,44.1267,36.3086,142
lie,1,7.7913
lie,2,8.2618
lie,3,9.8119
lie,4,3.9519
lie,5,6.7051
lie,6,3.728
lie,7,3.9123
lie,8,6.3888
RMSE signal: 6.444657e+00,RMSE peaks: 5.964663e+00
ref,1,135.7233,136.3633,26
ref,2,144.33,140.9033,47
ref,3,146.3767,143.6067,70
ref,4,139.8733,134.2933,92
ref,5,139.7433,136.2733,109
ref,6,130.2333,125.2933,132
ref,7,137.2633,132.3933,154
ref,1,7.404
ref,2,8.2272
ref,3,6.1308
ref,4,8.5751
ref,5,8.8252
ref,6,5.2319
ref,7,6.7181
ref,8,7.3638
RMSE signal: 7.434294e+00,RMSE peaks: 3.984297e+00
rbd,1,162.38,162.31,25
rbd,2,154.06,159.2533,46
rbd,3,153.82,155.3867,66
rbd,4,159.49,162.61,88
rbd,5,157.82,157.6133,111
rbd,6,149.7733,151.1867,129
rbd,7,160.35,160.1167,150
rbd,1,8.5364
rbd,2,10.2335
rbd,3,10.5598
rbd,4,9.0357
rbd,5,10.1833
rbd,6,11.0233
rbd,7,11.084
rbd,8,8.4755
RMSE signal: 9.808034e+00,RMSE peaks: 2.427789e+00
relb,1,130.8633,133.2567,21
relb,2,123.8467,132.2633,42
relb,3,125.3533,131.5567,63
relb,4,120.0067,130.6967,83
relb,5,122.74,126.82,105
relb,6,124.3767,129.86,123
relb,7,126.9133,131.2167,146
relb,1,6.8189
relb,2,7.5347
relb,3,6.7277
relb,4,8.8635
relb,5,8.7011
relb,6,7.1221
relb,7,7.311
relb,8,5.2104
RMSE signal: 7.281424e+00,RMSE peaks: 6.486886e+00
relb1,1,131.8733,132.4833,30
relb1,2,130.63,129.1367,49
relb1,3,130.65,128.2633,71
relb1,4,130.11,134.9367,95
relb1,5,131.19,133.4567,112
relb1,6,133.6933,135.9833,137
relb1,7,132.3833,131.86,159
relb1,1,6.5419
relb1,2,9.0077
relb1,3,6.4903
relb1,4,8.1664
relb1,5,10.9964
relb1,6,7.8436
relb1,7,9.9442
relb1,8,7.3976
RMSE signal: 8.318284e+00,RMSE peaks: 2.456792e+00
rie,1,40.2167,43.171,22
rie,2,46.5567,52.8877,42
rie,3,55.2567,56.0777,63
rie,4,48.5933,59.211,84
rie,5,54.4967,67.8243,106
rie,6,46.1633,50.931,127
rie,7,50.24,59.681,148
rie,1,13.8672
rie,2,9.3517
rie,3,6.9168
rie,4,7.6223
rie,5,9.268
rie,6,10.7107
rie,7,7.1916
rie,8,7.4368
RMSE signal: 9.153544e+00,RMSE peaks: 8.033042e+00
