lef,1,174.1767,167.0967,7.8116
lef,2,179.0967,167.1133,7.8116
lef,3,171.5967,170.3567,7.8116
lef,4,164.6433,164.78,7.8116
lef,5,164.0833,162.06,7.8116
lef,6,172.78,163.2033,7.8116
lef,7,167.09,163.6233,7.8116
lef,1,6.7592
lef,2,9.4252
lef,3,7.5772
lef,4,6.6601
lef,5,7.7072
lef,6,9.1578
lef,7,7.6581
lef,8,7.0454
lef,9,0
RMSE signal: 7.811631e+00,RMSE peaks: 6.580351e+00
lbd,1,181.0867,184.4633,5.7413
lbd,2,181.85,185.06,5.7413
lbd,3,179.6567,178.29,5.7413
lbd,4,179.93,184.2067,5.7413
lbd,5,180.03,165.32,5.7413
lbd,6,173.96,181.2567,5.7413
lbd,7,171.0467,175.73,5.7413
lbd,1,5.811
lbd,2,5.1085
lbd,3,5.3939
lbd,4,4.6835
lbd,5,6.9598
lbd,6,6.401
lbd,7,6.3042
lbd,8,4.6992
lbd,9,0
RMSE signal: 5.741263e+00,RMSE peaks: 6.901580e+00
lelb,1,143.3467,144.0967,-9.7267
lelb,2,142.58,149.6233,-16.5967
lelb,3,138.3333,144.49,-13.8133
lelb,4,142.0533,150.1433,-10.3767
lelb,5,140.06,147.1967,-7.1733
lelb,6,133.9067,144.4267,-9.09
lelb,7,143.9233,152.37,-12.37
lelb,1,10.3484
lelb,2,10.4244
lelb,3,11.5884
lelb,4,11.9838
lelb,5,12.1924
lelb,6,10.038
lelb,7,11.07
lelb,8,8.0151
lelb,9,0
RMSE signal: 1.057552e+01,RMSE peaks: 7.430365e+00
lelb1,1,105.1567,123.73,-2.95
lelb1,2,102.32,123.91,-34.0233
lelb1,3,100.05,104.85,-4.6867
lelb1,4,105.92,132.0467,-4.0333
lelb1,5,98.0933,122.8067,-2.8
lelb1,6,106.0633,127.6067,-4.5967
lelb1,7,99.54,121.0067,-4.2667
lelb1,1,10.6367
lelb1,2,17.0479
lelb1,3,9.1202
lelb1,4,12.6568
lelb1,5,15.2495
lelb1,6,11.3387
lelb1,7,12.5848
lelb1,8,11.6687
lelb1,9,0
RMSE signal: 1.265017e+01,RMSE peaks: 2.088205e+01
lie,1,54.4767,44.5819,79.7033
lie,2,41.8467,50.7019,84.38
lie,3,44.64,51.9952,84.43
lie,4,47.6233,55.7619,86.1367
lie,5,46.6867,56.0652,86.8367
lie,6,50.2,63.6219,83.03
lie,7,49.69,25.9052,49.5533
lie,1,3.3935
lie,2,8.4082
lie,3,8.8512
lie,4,8.2998
lie,5,9.1929
lie,6,6.9295
lie,7,9.1569
lie,8,11.7822
lie,9,6.2123
lie,10,0
RMSE signal: 8.251554e+00,RMSE peaks: 1.270813e+01
ref,1,162.0433,158.71,7.6633
ref,2,154.3067,151.1,2.6533
ref,3,160.85,152.1767,2.9333
ref,4,166.2267,155.75,-0.11333
ref,5,165.8833,160.1267,8.59
ref,6,163.7067,153.65,8.24
ref,7,163.07,155.2167,3.1767
ref,1,6.7232
ref,2,8.1099
ref,3,8.5428
ref,4,8.2288
ref,5,8.2359
ref,6,8.8592
ref,7,7.7857
ref,8,6.763
ref,9,0
RMSE signal: 7.955121e+00,RMSE peaks: 7.581290e+00
rbd,1,178.4033,180.8333,-1.39
rbd,2,179.0633,180.68,-0.58333
rbd,3,172.13,178.4867,-2.7333
rbd,4,179.53,181.2033,-1.6933
rbd,5,176.43,181.5567,-4.0867
rbd,6,175.6233,181.2667,-4.1767
rbd,7,174.7533,177.0067,-3.6733
rbd,1,5.7183
rbd,2,5.3136
rbd,3,6.9886
rbd,4,6.1238
rbd,5,6.3043
rbd,6,7.8379
rbd,7,6.8675
rbd,8,6.2776
rbd,9,0
RMSE signal: 6.559876e+00,RMSE peaks: 4.052040e+00
relb,1,139.5667,151.3,-13.4033
relb,2,139.3733,150.5967,-11.64
relb,3,92.2567,98.2733,-15.0533
relb,4,135.0833,149.32,-15.2067
relb,5,119.9167,131.7267,-13.2
relb,6,132.34,151.81,-11.73
relb,7,134.2233,150.4833,-9.93
relb,1,11.1526
relb,2,12.6028
relb,3,9.3621
relb,4,13.0737
relb,5,9.9474
relb,6,11.1684
relb,7,11.1782
relb,8,60.1527
relb,9,0
RMSE signal: 1.134014e+01,RMSE peaks: 1.355129e+01
relb1,1,97.0667,117.1767,-6.1667
relb1,2,101.6467,129.24,-5.4933
relb1,3,86.1133,106.3433,-8.8867
relb1,4,97.24,120.8633,-6.6667
relb1,5,106.5,132.1033,-6.8767
relb1,6,107.0633,134.58,-7.6867
relb1,7,104.0567,123.79,-6.5233
relb1,1,9.307
relb1,2,14.8009
relb1,3,8.809
relb1,4,12.9219
relb1,5,9.0766
relb1,6,12.5106
relb1,7,11.3825
relb1,8,10.99
relb1,9,0
RMSE signal: 1.137038e+01,RMSE peaks: 2.371022e+01
rie,1,42.2,46.6735,79.4533
rie,2,45.1133,52.2402,80.7467
rie,3,46.5167,54.3068,88.14
rie,4,45.52,50.4702,86.91
rie,5,46.77,51.0568,88.9333
rie,6,44.65,51.7935,85.73
rie,7,47.28,51.0468,52.3533
rie,1,5.1242
rie,2,8.016
rie,3,7.1188
rie,4,8.2865
rie,5,7.7285
rie,6,7.6562
rie,7,7.3424
rie,8,7.0546
rie,9,9.3287
rie,10,0
RMSE signal: 7.660673e+00,RMSE peaks: 5.850414e+00
