0.000000,-0.113038,0.147049,0.723242,-0.665222,-0.089094,-0.689725,-0.083087,0.713750,0.610372
0.475304,-0.113038,0.147049,0.723242,-0.665222,-0.089094,-0.689725,-0.083087,0.713750,0.610372
0.657062,-0.113038,0.147049,0.723242,-0.665222,-0.089094,-0.689725,-0.083087,0.713750,0.610372
0.735458,-0.113038,0.147049,0.723242,-0.665222,-0.089094,-0.689725,-0.083087,0.713750,0.610372
0.845876,-0.113038,0.147049,0.723242,-0.665222,-0.089094,-0.689725,-0.083087,0.713750,0.610372
0.992059,-0.113038,0.147049,0.723242,-0.665222,-0.089094,-0.689725,-0.083087,0.713750,0.610372
1.092504,-0.113038,0.147049,0.723242,-0.665222,-0.089094,-0.689725,-0.083087,0.713750,0.610372
1.190223,-0.113038,0.147049,0.723242,-0.665222,-0.089094,-0.689725,-0.083087,0.713750,0.610372
1.289153,-0.113038,0.147049,0.723242,-0.665222,-0.089094,-0.689725,-0.083087,0.713750,0.610372
1.387224,-0.113038,0.147049,0.723242,-0.665222,-0.089094,-0.689725,-0.083087,0.713750,0.610372
1.486504,-0.113038,0.147049,0.723242,-0.665222,-0.089094,-0.689725,-0.083087,0.713750,0.610372
1.592470,-0.113038,0.147049,0.723242,-0.665222,-0.089094,-0.689725,-0.083087,0.713750,0.610372
1.706648,-0.113038,0.147049,0.723242,-0.665222,-0.089094,-0.689725,-0.083087,0.713750,0.610372
1.796435,-0.113038,0.147049,0.723242,-0.665222,-0.085042,-0.691344,-0.077038,0.713355,0.596015
1.895748,-0.113038,0.147049,0.723242,-0.665222,0.043038,-0.693620,0.045040,0.717642,0.240834
1.983342,-0.113038,0.147049,0.723242,-0.665222,0.137115,-0.681571,0.137115,0.705592,-0.024487
2.075512,-0.113038,0.147049,0.723242,-0.665222,0.155185,-0.681812,0.155185,0.697831,-0.075466
2.190550,-0.113038,0.147049,0.723242,-0.665222,0.165230,-0.679949,0.161225,0.695971,-0.098796
2.299458,-0.113038,0.147049,0.723242,-0.665222,0.175201,-0.679779,0.169194,0.691793,-0.124329
2.399951,-0.113038,0.147049,0.723242,-0.665222,0.177321,-0.678229,0.171310,0.692254,-0.130753
2.482388,-0.113038,0.147049,0.723242,-0.665222,0.179261,-0.677987,0.171249,0.692007,-0.133522
2.578463,-0.113038,0.147049,0.723242,-0.665222,0.179265,-0.680006,0.171253,0.690021,-0.133017
2.670901,-0.113038,0.147049,0.723242,-0.665222,0.171308,-0.682228,0.161290,0.692246,-0.107027
2.753900,-0.113038,0.147049,0.723242,-0.665222,0.135101,-0.689515,0.119089,0.701524,0.005741
2.864176,-0.113038,0.147049,0.723242,-0.665222,0.095060,-0.697437,0.083052,0.705442,0.114931
2.959716,-0.113038,0.147049,0.723242,-0.665222,0.035024,-0.707486,0.023016,0.705484,0.286226
3.046899,-0.113038,0.147049,0.723242,-0.665222,-0.003004,-0.708002,-0.017024,0.705999,0.396604
3.162084,-0.113038,0.147049,0.723242,-0.665222,-0.041042,-0.705727,-0.047048,0.705727,0.492787
3.267075,-0.113038,0.147049,0.723242,-0.665222,-0.053071,-0.701945,-0.057077,0.707954,0.523578
3.384252,-0.113038,0.147049,0.723242,-0.665222,-0.061025,-0.701282,-0.065026,0.707284,0.546185
3.490245,-0.113038,0.147049,0.723242,-0.665222,-0.067068,-0.699707,-0.071072,0.707715,0.563234
3.618944,-0.113038,0.147049,0.723242,-0.665222,-0.069050,-0.699511,-0.073053,0.707517,0.568880
3.710896,-0.113038,0.147049,0.723242,-0.665222,-0.069049,-0.697495,-0.073052,0.709504,0.568576
3.821279,-0.113038,0.147049,0.723242,-0.665222,-0.052996,-0.700951,-0.056996,0.708950,0.523195
3.891687,-0.113038,0.147049,0.723242,-0.665222,-0.027021,-0.703542,-0.029022,0.709547,0.446813
4.001756,-0.113038,0.147049,0.723242,-0.665222,0.037018,-0.701344,0.027013,0.711349,0.276566
4.113185,-0.113038,0.147049,0.723242,-0.665222,0.077147,-0.694325,0.067128,0.712359,0.161927
4.238593,-0.113038,0.147049,0.723242,-0.665222,0.127076,-0.687408,0.117070,0.705419,0.019464
4.340235,-0.113038,0.147049,0.723242,-0.665222,0.151163,-0.681735,0.141152,0.701757,-0.050041
4.446020,-0.113038,0.147049,0.723242,-0.665222,0.167231,-0.679940,0.159220,0.695962,-0.098849
4.579176,-0.113038,0.147049,0.723242,-0.665222,0.173135,-0.679529,0.165129,0.693540,-0.115720
4.692656,-0.113038,0.147049,0.723242,-0.665222,0.179322,-0.678218,0.169304,0.692243,-0.130818
4.792131,-0.113038,0.147049,0.723242,-0.665222,0.179322,-0.678218,0.169304,0.692243,-0.130818
4.885616,-0.113038,0.147049,0.723242,-0.665222,0.181260,-0.677973,0.169243,0.691993,-0.133584
4.993325,-0.113038,0.147049,0.723242,-0.665222,0.181260,-0.677973,0.169243,0.691993,-0.133584
5.082862,-0.113038,0.147049,0.723242,-0.665222,0.179139,-0.679526,0.167129,0.691535,-0.127169
5.199146,-0.113038,0.147049,0.723242,-0.665222,0.129262,-0.692404,0.115234,0.700420,0.020123
5.264449,-0.113038,0.147049,0.723242,-0.665222,0.073101,-0.701971,0.059082,0.705976,0.180614
5.343540,-0.113038,0.147049,0.723242,-0.665222,0.031029,-0.709660,0.017016,0.703655,0.300721
5.470587,-0.113038,0.147049,0.723242,-0.665222,0.007001,-0.709058,-0.009001,0.705058,0.371275
5.574975,-0.113038,0.147049,0.723242,-0.665222,-0.037050,-0.707965,-0.043059,0.703959,0.481814
5.690473,-0.113038,0.147049,0.723242,-0.665222,-0.052997,-0.704962,-0.056997,0.704962,0.523852
5.808966,-0.113038,0.147049,0.723242,-0.665222,-0.057044,-0.703545,-0.063049,0.705546,0.538051
5.898664,-0.113038,0.147049,0.723242,-0.665222,-0.063098,-0.702095,-0.067105,0.706101,0.552248
5.988773,-0.113038,0.147049,0.723242,-0.665222,-0.067069,-0.701718,-0.071073,0.705722,0.563544
6.094110,-0.113038,0.147049,0.723242,-0.665222,-0.069051,-0.701521,-0.073054,0.705524,0.569188
6.229534,-0.113038,0.147049,0.723242,-0.665222,-0.069050,-0.699511,-0.073053,0.707517,0.568880
6.368774,-0.113038,0.147049,0.723242,-0.665222,-0.059038,-0.701456,-0.063041,0.707460,0.540537
6.497051,-0.113038,0.147049,0.723242,-0.665222,-0.011015,-0.701937,-0.017023,0.711950,0.406829
6.630207,-0.113038,0.147049,0.723242,-0.665222,0.047055,-0.701822,0.037043,0.709831,0.248358
6.774267,-0.113038,0.147049,0.723242,-0.665222,0.101090,-0.693618,0.089079,0.707630,0.097078
6.841656,-0.113038,0.147049,0.723242,-0.665222,0.147172,-0.685803,0.135158,0.699819,-0.034911
6.916672,-0.113038,0.147049,0.723242,-0.665222,0.167113,-0.683461,0.155105,0.693468,-0.092016
7.020489,-0.113038,0.147049,0.723242,-0.665222,0.173199,-0.683784,0.163187,0.689791,-0.112025
7.132039,-0.113038,0.147049,0.723242,-0.665222,0.179142,-0.681541,0.167133,0.689548,-0.126683
7.249298,-0.113038,0.147049,0.723242,-0.665222,0.181267,-0.682006,0.169250,0.688015,-0.132610
7.386473,-0.113038,0.147049,0.723242,-0.665222,0.183141,-0.681525,0.171132,0.687530,-0.138076
7.513636,-0.113038,0.147049,0.723242,-0.665222,0.165272,-0.688131,0.151249,0.690134,-0.082859
7.643498,-0.113038,0.147049,0.723242,-0.665222,0.111080,-0.697504,0.095069,0.701507,0.075376
7.756775,-0.113038,0.147049,0.723242,-0.665222,0.039074,-0.710341,0.025047,0.702326,0.278181
7.866241,-0.113038,0.147049,0.723242,-0.665222,-0.023021,-0.709657,-0.027025,0.703652,0.439435
7.989805,-0.113038,0.147049,0.723242,-0.665222,-0.057058,-0.705719,-0.059060,0.703717,0.532704
8.120033,-0.113038,0.147049,0.723242,-0.665222,-0.061025,-0.705289,-0.065027,0.703288,0.546825
8.265839,-0.113038,0.147049,0.723242,-0.665222,-0.067078,-0.703821,-0.069081,0.703821,0.561020
8.395801,-0.113038,0.147049,0.723242,-0.665222,-0.067069,-0.703722,-0.071073,0.703722,0.563857
8.530216,-0.113038,0.147049,0.723242,-0.665222,-0.069061,-0.701622,-0.071063,0.705625,0.566343
8.672438,-0.113038,0.147049,0.723242,-0.665222,-0.069061,-0.701622,-0.071063,0.705625,0.566343
8.795193,-0.113038,0.147049,0.723242,-0.665222,-0.040992,-0.706857,-0.042991,0.704858,0.487119
8.909060,-0.113038,0.147049,0.723242,-0.665222,0.023026,-0.705790,0.019021,0.707792,0.308467
9.024107,-0.113038,0.147049,0.723242,-0.665222,0.029024,-0.705586,0.025021,0.707588,0.291505
9.168129,-0.113038,0.147049,0.723242,-0.665222,0.123223,-0.690250,0.111201,0.704276,0.033862
9.303766,-0.113038,0.147049,0.723242,-0.665222,0.157117,-0.685512,0.147110,0.695519,-0.065964
9.427147,-0.113038,0.147049,0.723242,-0.665222,0.169185,-0.683748,0.159174,0.691757,-0.100630
9.563459,-0.113038,0.147049,0.723242,-0.665222,0.175082,-0.683321,0.165078,0.689324,-0.117504
9.689763,-0.113038,0.147049,0.723242,-0.665222,0.181206,-0.681774,0.171194,0.687780,-0.135299
9.811006,-0.113038,0.147049,0.723242,-0.665222,0.183141,-0.681525,0.171132,0.687530,-0.138076
9.931124,-0.113038,0.147049,0.723242,-0.665222,0.183141,-0.681525,0.171132,0.687530,-0.138076
10.055150,-0.113038,0.147049,0.723242,-0.665222,0.163096,-0.687406,0.151089,0.691408,-0.079668
10.130981,-0.113038,0.147049,0.723242,-0.665222,0.097164,-0.700179,0.085143,0.702182,0.109620
10.208633,-0.113038,0.147049,0.723242,-0.665222,0.045067,-0.708047,0.031046,0.704041,0.260840
10.310042,-0.113038,0.147049,0.723242,-0.665222,-0.003000,-0.709072,-0.009001,0.705072,0.385449
10.439046,-0.113038,0.147049,0.723242,-0.665222,-0.039050,-0.709905,-0.043055,0.701895,0.484991
10.630324,-0.113038,0.147049,0.723242,-0.665222,-0.059046,-0.703550,-0.061048,0.705552,0.538017
10.761431,-0.113038,0.147049,0.723242,-0.665222,-0.066974,-0.702732,-0.070973,0.704731,0.563424
10.889246,-0.113038,0.147049,0.723242,-0.665222,-0.069061,-0.701622,-0.071063,0.705625,0.566343
11.016173,-0.113038,0.147049,0.723242,-0.665222,-0.068964,-0.700632,-0.070963,0.706628,0.565905
11.137807,-0.113038,0.147049,0.723242,-0.665222,-0.051014,-0.703187,-0.053014,0.707188,0.515030
11.300838,-0.113038,0.147049,0.723242,-0.665222,0.009014,-0.704064,0.003005,0.710073,0.350529
11.435833,-0.113038,0.147049,0.723242,-0.665222,0.069105,-0.698058,0.061093,0.710076,0.182584
11.560768,-0.113038,0.147049,0.723242,-0.665222,0.111188,-0.692168,0.099167,0.706192,0.068277
11.682781,-0.113038,0.147049,0.723242,-0.665222,0.145252,-0.686188,0.133231,0.700212,-0.029372
11.771425,-0.113038,0.147049,0.723242,-0.665222,0.161145,-0.685619,0.151136,0.693626,-0.077356
11.861448,-0.113038,0.147049,0.723242,-0.665222,0.169185,-0.683748,0.159174,0.691757,-0.100630
11.977470,-0.113038,0.147049,0.723242,-0.665222,0.175380,-0.682477,0.163354,0.690494,-0.115725
12.135089,-0.113038,0.147049,0.723242,-0.665222,0.177263,-0.682011,0.165245,0.690023,-0.121207
12.292628,-0.113038,0.147049,0.723242,-0.665222,0.181267,-0.682006,0.169250,0.688015,-0.132610
12.426026,-0.113038,0.147049,0.723242,-0.665222,0.181515,-0.680933,0.169481,0.688955,-0.133553
12.564639,-0.113038,0.147049,0.723242,-0.665222,0.183391,-0.680451,0.171365,0.688468,-0.139027
12.664736,-0.113038,0.147049,0.723242,-0.665222,0.179390,-0.682483,0.167364,0.688496,-0.127136
12.795441,-0.113038,0.147049,0.723242,-0.665222,0.141245,-0.690195,0.127220,0.698209,-0.014272
12.937535,-0.113038,0.147049,0.723242,-0.665222,0.069048,-0.703494,0.051036,0.705495,0.197953
13.062572,-0.113038,0.147049,0.723242,-0.665222,0.005007,-0.712045,-0.011016,0.702030,0.377455
13.174808,-0.113038,0.147049,0.723242,-0.665222,-0.033008,-0.711166,-0.039009,0.701164,0.470874
13.323304,-0.113038,0.147049,0.723242,-0.665222,-0.051008,-0.707112,-0.055009,0.703111,0.518541
13.447567,-0.113038,0.147049,0.723242,-0.665222,-0.063107,-0.704194,-0.065110,0.704194,0.549728
13.543223,-0.113038,0.147049,0.723242,-0.665222,-0.065085,-0.703914,-0.069090,0.703914,0.558213
13.650005,-0.113038,0.147049,0.723242,-0.665222,-0.066974,-0.702732,-0.070973,0.704731,0.563424
13.828482,-0.113038,0.147049,0.723242,-0.665222,-0.067078,-0.701816,-0.069080,0.705821,0.560698
13.939060,-0.113038,0.147049,0.723242,-0.665222,-0.041046,-0.705792,-0.045051,0.705792,0.489949
14.121146,-0.113038,0.147049,0.723242,-0.665222,0.037019,-0.703356,0.027014,0.709359,0.276966
14.252727,-0.113038,0.147049,0.723242,-0.665222,0.091106,-0.697811,0.081094,0.705821,0.123354
14.387197,-0.113038,0.147049,0.723242,-0.665222,0.139242,-0.688194,0.129224,0.700215,-0.014701
14.547752,-0.113038,0.147049,0.723242,-0.665222,0.171311,-0.684242,0.161293,0.690253,-0.106539
14.671766,-0.113038,0.147049,0.723242,-0.665222,0.177021,-0.683081,0.165019,0.689081,-0.120283
14.842562,-0.113038,0.147049,0.723242,-0.665222,0.179329,-0.682252,0.169311,0.688263,-0.129830
14.967558,-0.113038,0.147049,0.723242,-0.665222,0.181206,-0.681774,0.171194,0.687780,-0.135299
15.087969,-0.113038,0.147049,0.723242,-0.665222,0.183391,-0.680451,0.171365,0.688468,-0.139027
15.221211,-0.113038,0.147049,0.723242,-0.665222,0.183141,-0.681525,0.171132,0.687530,-0.138076
15.349370,-0.113038,0.147049,0.723242,-0.665222,0.169060,-0.685243,0.155055,0.691245,-0.094321
15.499541,-0.113038,0.147049,0.723242,-0.665222,0.105182,-0.696205,0.091158,0.704219,0.088948
15.661317,-0.113038,0.147049,0.723242,-0.665222,0.013019,-0.708044,-0.003004,0.706041,0.354114
15.780611,-0.113038,0.147049,0.723242,-0.665222,-0.039050,-0.707911,-0.043055,0.703906,0.484640
15.921084,-0.113038,0.147049,0.723242,-0.665222,-0.055062,-0.703796,-0.059067,0.705798,0.529560
16.064832,-0.113038,0.147049,0.723242,-0.665222,-0.063018,-0.703201,-0.065019,0.705202,0.549307
16.238644,-0.113038,0.147049,0.723242,-0.665222,-0.067069,-0.701718,-0.071073,0.705722,0.563544
16.397317,-0.113038,0.147049,0.723242,-0.665222,-0.067069,-0.701718,-0.071073,0.705722,0.563544
16.552465,-0.113038,0.147049,0.723242,-0.665222,-0.055068,-0.701869,-0.057071,0.707877,0.526381
16.713899,-0.113038,0.147049,0.723242,-0.665222,0.039014,-0.701251,0.029010,0.711255,0.270913
16.851996,-0.113038,0.147049,0.723242,-0.665222,0.107228,-0.692471,0.099211,0.706501,0.073881
16.970526,-0.113038,0.147049,0.723242,-0.665222,0.149049,-0.685223,0.139045,0.699228,-0.043190
17.078234,-0.113038,0.147049,0.723242,-0.665222,0.173142,-0.683559,0.165135,0.689564,-0.114722
17.258760,-0.113038,0.147049,0.723242,-0.665222,0.177389,-0.682496,0.169371,0.688509,-0.127047
17.417025,-0.113038,0.147049,0.723242,-0.665222,0.181206,-0.681774,0.171194,0.687780,-0.135299
17.580116,-0.113038,0.147049,0.723242,-0.665222,0.181206,-0.681774,0.171194,0.687780,-0.135299
17.735190,-0.113038,0.147049,0.723242,-0.665222,0.169188,-0.687764,0.159177,0.687764,-0.099671
17.888820,-0.113038,0.147049,0.723242,-0.665222,0.097164,-0.700179,0.085143,0.702182,0.109620
18.038118,-0.113038,0.147049,0.723242,-0.665222,0.025030,-0.711845,0.009011,0.701833,0.320858
18.191063,-0.113038,0.147049,0.723242,-0.665222,-0.037001,-0.711010,-0.041001,0.701010,0.479356
18.355407,-0.113038,0.147049,0.723242,-0.665222,-0.059046,-0.705552,-0.061048,0.703550,0.538350
18.519752,-0.113038,0.147049,0.723242,-0.665222,-0.067078,-0.703821,-0.069081,0.703821,0.561020
18.681557,-0.113038,0.147049,0.723242,-0.665222,-0.069061,-0.701622,-0.071063,0.705625,0.566343
18.793945,-0.113038,0.147049,0.723242,-0.665222,-0.069061,-0.701622,-0.071063,0.705625,0.566343
18.904824,-0.113038,0.147049,0.723242,-0.665222,-0.069060,-0.699612,-0.071062,0.707619,0.566027
19.042322,-0.113038,0.147049,0.723242,-0.665222,-0.043045,-0.707732,-0.045047,0.703728,0.493119
19.219957,-0.113038,0.147049,0.723242,-0.665222,0.043061,-0.701999,0.035050,0.710010,0.256831
19.373479,-0.113038,0.147049,0.723242,-0.665222,0.121249,-0.690420,0.111229,0.704448,0.036660
19.498583,-0.113038,0.147049,0.723242,-0.665222,0.153041,-0.685182,0.145039,0.697185,-0.057309
19.646348,-0.113038,0.147049,0.723242,-0.665222,0.171253,-0.682006,0.163241,0.692021,-0.109735
19.789192,-0.113038,0.147049,0.723242,-0.665222,0.175263,-0.682025,0.167251,0.690037,-0.121127
19.921451,-0.113038,0.147049,0.723242,-0.665222,0.179082,-0.681312,0.169077,0.689316,-0.129377
20.105573,-0.113038,0.147049,0.723242,-0.665222,0.181203,-0.679760,0.171191,0.689772,-0.135790
20.269267,-0.113038,0.147049,0.723242,-0.665222,0.181203,-0.679760,0.171191,0.689772,-0.135790
20.422067,-0.113038,0.147049,0.723242,-0.665222,0.155212,-0.687940,0.145198,0.693949,-0.059967
20.604551,-0.113038,0.147049,0.723242,-0.665222,0.047059,-0.705889,0.035044,0.705889,0.251988
20.760042,-0.113038,0.147049,0.723242,-0.665222,-0.013014,-0.713761,-0.027029,0.699746,0.425920
20.943405,-0.113038,0.147049,0.723242,-0.665222,-0.055062,-0.705798,-0.059067,0.703796,0.529889
21.092329,-0.113038,0.147049,0.723242,-0.665222,-0.065085,-0.703914,-0.069090,0.703914,0.558213
21.235146,-0.113038,0.147049,0.723242,-0.665222,-0.069149,-0.702512,-0.073157,0.704516,0.569628
21.386958,-0.113038,0.147049,0.723242,-0.665222,-0.071032,-0.701318,-0.075034,0.705320,0.574829
21.563500,-0.113038,0.147049,0.723242,-0.665222,-0.073125,-0.700198,-0.075129,0.706209,0.577765
21.723340,-0.113038,0.147049,0.723242,-0.665222,-0.073022,-0.699208,-0.075022,0.707211,0.577313
21.899662,-0.113038,0.147049,0.723242,-0.665222,-0.022957,-0.705665,-0.026949,0.707661,0.438504
22.067951,-0.113038,0.147049,0.723242,-0.665222,0.073081,-0.697772,0.063070,0.709785,0.174137
22.227417,-0.113038,0.147049,0.723242,-0.665222,0.143092,-0.687444,0.133086,0.699452,-0.025788
22.398890,-0.113038,0.147049,0.723242,-0.665222,0.165398,-0.686651,0.155374,0.690661,-0.089152
22.523267,-0.113038,0.147049,0.723242,-0.665222,0.173200,-0.685792,0.163188,0.687794,-0.111545
22.653305,-0.113038,0.147049,0.723242,-0.665222,0.177206,-0.683795,0.167194,0.687800,-0.123421
22.835748,-0.113038,0.147049,0.723242,-0.665222,0.179144,-0.683551,0.167135,0.687554,-0.126204
23.020403,-0.113038,0.147049,0.723242,-0.665222,0.135225,-0.690148,0.123205,0.700165,-0.000069
23.166582,-0.113038,0.147049,0.723242,-0.665222,0.051051,-0.705699,0.037037,0.705699,0.243506
23.306213,-0.113038,0.147049,0.723242,-0.665222,-0.027052,-0.714383,-0.035068,0.698352,0.457382
23.510248,-0.113038,0.147049,0.723242,-0.665222,-0.059039,-0.703463,-0.063041,0.705464,0.540858
23.667848,-0.113038,0.147049,0.723242,-0.665222,-0.067069,-0.701718,-0.071073,0.705722,0.563544
23.849589,-0.113038,0.147049,0.723242,-0.665222,-0.071032,-0.701318,-0.075034,0.705320,0.574829
24.025454,-0.113038,0.147049,0.723242,-0.665222,-0.073114,-0.700092,-0.077120,0.706101,0.580616
24.218771,-0.113038,0.147049,0.723242,-0.665222,-0.061032,-0.701372,-0.063033,0.707375,0.543335
24.344076,-0.113038,0.147049,0.723242,-0.665222,-0.005007,-0.702013,-0.013019,0.712027,0.392678
24.467345,-0.113038,0.147049,0.723242,-0.665222,0.075060,-0.695558,0.065052,0.711571,0.168068
24.614451,-0.113038,0.147049,0.723242,-0.665222,0.135150,-0.685759,0.127141,0.703779,-0.006562
24.802910,-0.113038,0.147049,0.723242,-0.665222,0.165341,-0.682406,0.157324,0.694431,-0.092846
24.979180,-0.113038,0.147049,0.723242,-0.665222,0.173375,-0.680473,0.165358,0.692499,-0.116146
25.171143,-0.113038,0.147049,0.723242,-0.665222,0.177141,-0.679540,0.169134,0.691549,-0.127101
25.364609,-0.113038,0.147049,0.723242,-0.665222,0.179078,-0.679298,0.169074,0.691303,-0.129870
25.524699,-0.113038,0.147049,0.723242,-0.665222,0.157163,-0.685712,0.145151,0.695723,-0.063235
25.680888,-0.113038,0.147049,0.723242,-0.665222,0.073091,-0.699875,0.061076,0.707885,0.177385
25.851331,-0.113038,0.147049,0.723242,-0.665222,-0.027053,-0.712399,-0.035069,0.700375,0.457034
26.010620,-0.113038,0.147049,0.723242,-0.665222,-0.061111,-0.702275,-0.065118,0.706282,0.546596
26.174711,-0.113038,0.147049,0.723242,-0.665222,-0.069051,-0.701521,-0.073054,0.705524,0.569188
26.305962,-0.113038,0.147049,0.723242,-0.665222,-0.073125,-0.700198,-0.075129,0.706209,0.577765
26.473473,-0.113038,0.147049,0.723242,-0.665222,-0.073011,-0.699102,-0.077011,0.707103,0.580164
26.650782,-0.113038,0.147049,0.723242,-0.665222,-0.073113,-0.698077,-0.077119,0.708093,0.580315
26.818594,-0.113038,0.147049,0.723242,-0.665222,-0.075105,-0.697974,-0.077108,0.707988,0.583103
26.984932,-0.113038,0.147049,0.723242,-0.665222,-0.074998,-0.696985,-0.076998,0.708984,0.582646
27.142011,-0.113038,0.147049,0.723242,-0.665222,-0.074998,-0.696985,-0.076998,0.708984,0.582646
27.322382,-0.113038,0.147049,0.723242,-0.665222,-0.074998,-0.696985,-0.076998,0.708984,0.582646
27.487478,-0.113038,0.147049,0.723242,-0.665222,-0.074998,-0.696985,-0.076998,0.708984,0.582646
27.646414,-0.113038,0.147049,0.723242,-0.665222,-0.074998,-0.696985,-0.076998,0.708984,0.582646
27.799690,-0.113038,0.147049,0.723242,-0.665222,-0.074998,-0.696985,-0.076998,0.708984,0.582646
27.979126,-0.113038,0.147049,0.723242,-0.665222,-0.074998,-0.696985,-0.076998,0.708984,0.582646
28.113471,-0.113038,0.147049,0.723242,-0.665222,-0.074998,-0.696985,-0.076998,0.708984,0.582646
28.249658,-0.113038,0.147049,0.723242,-0.665222,-0.074998,-0.696985,-0.076998,0.708984,0.582646
28.401963,-0.113038,0.147049,0.723242,-0.665222,-0.074998,-0.696985,-0.076998,0.708984,0.582646
28.559205,-0.113038,0.147049,0.723242,-0.665222,-0.074998,-0.696985,-0.076998,0.708984,0.582646
28.725548,-0.113038,0.147049,0.723242,-0.665222,-0.074998,-0.696985,-0.076998,0.708984,0.582646
28.924882,-0.113038,0.147049,0.723242,-0.665222,-0.074998,-0.696985,-0.076998,0.708984,0.582646
29.097087,-0.113038,0.147049,0.723242,-0.665222,-0.074998,-0.696985,-0.076998,0.708984,0.582646
29.285337,-0.113038,0.147049,0.723242,-0.665222,-0.074998,-0.696985,-0.076998,0.708984,0.582646
29.469356,-0.113038,0.147049,0.723242,-0.665222,-0.074998,-0.696985,-0.076998,0.708984,0.582646
29.616240,-0.113038,0.147049,0.723242,-0.665222,-0.074998,-0.696985,-0.076998,0.708984,0.582646
29.818301,-0.113038,0.147049,0.723242,-0.665222,-0.074998,-0.696985,-0.076998,0.708984,0.582646
29.960504,-0.113038,0.147049,0.723242,-0.665222,-0.074998,-0.696985,-0.076998,0.708984,0.582646
30.109760,-0.113038,0.147049,0.723242,-0.665222,-0.074998,-0.696985,-0.076998,0.708984,0.582646
30.315178,-0.113038,0.147049,0.723242,-0.665222,-0.074998,-0.696985,-0.076998,0.708984,0.582646
30.509214,-0.113038,0.147049,0.723242,-0.665222,-0.074998,-0.696985,-0.076998,0.708984,0.582646
30.714212,-0.113038,0.147049,0.723242,-0.665222,-0.074998,-0.696985,-0.076998,0.708984,0.582646
30.901151,-0.113038,0.147049,0.723242,-0.665222,-0.074998,-0.696985,-0.076998,0.708984,0.582646
31.090350,-0.113038,0.147049,0.723242,-0.665222,-0.074998,-0.696985,-0.076998,0.708984,0.582646
31.284008,-0.113038,0.147049,0.723242,-0.665222,-0.074998,-0.696985,-0.076998,0.708984,0.582646
31.468866,-0.113038,0.147049,0.723242,-0.665222,-0.074998,-0.696985,-0.076998,0.708984,0.582646
31.675304,-0.113038,0.147049,0.723242,-0.665222,-0.074998,-0.696985,-0.076998,0.708984,0.582646
31.848661,-0.113038,0.147049,0.723242,-0.665222,-0.074998,-0.696985,-0.076998,0.708984,0.582646
31.993698,-0.113038,0.147049,0.723242,-0.665222,-0.074998,-0.696985,-0.076998,0.708984,0.582646
32.165388,-0.113038,0.147049,0.723242,-0.665222,-0.074998,-0.696985,-0.076998,0.708984,0.582646
32.387750,-0.113038,0.147049,0.723242,-0.665222,-0.074998,-0.696985,-0.076998,0.708984,0.582646
32.592385,-0.113038,0.147049,0.723242,-0.665222,-0.074998,-0.696985,-0.076998,0.708984,0.582646
32.755399,-0.113038,0.147049,0.723242,-0.665222,-0.074998,-0.696985,-0.076998,0.708984,0.582646
32.938164,-0.113038,0.147049,0.723242,-0.665222,-0.074998,-0.696985,-0.076998,0.708984,0.582646
33.094627,-0.113038,0.147049,0.723242,-0.665222,-0.074998,-0.696985,-0.076998,0.708984,0.582646
33.288189,-0.113038,0.147049,0.723242,-0.665222,-0.074998,-0.696985,-0.076998,0.708984,0.582646
33.465159,-0.113038,0.147049,0.723242,-0.665222,-0.074998,-0.696985,-0.076998,0.708984,0.582646
33.665773,-0.113038,0.147049,0.723242,-0.665222,-0.074998,-0.696985,-0.076998,0.708984,0.582646
33.821031,-0.113038,0.147049,0.723242,-0.665222,-0.074998,-0.696985,-0.076998,0.708984,0.582646
33.980934,-0.113038,0.147049,0.723242,-0.665222,-0.074998,-0.696985,-0.076998,0.708984,0.582646
34.147666,-0.113038,0.147049,0.723242,-0.665222,-0.074998,-0.696985,-0.076998,0.708984,0.582646
34.323263,-0.113038,0.147049,0.723242,-0.665222,-0.074998,-0.696985,-0.076998,0.708984,0.582646
34.510476,-0.113038,0.147049,0.723242,-0.665222,-0.074998,-0.696985,-0.076998,0.708984,0.582646
34.735715,-0.113038,0.147049,0.723242,-0.665222,-0.074998,-0.696985,-0.076998,0.708984,0.582646
34.927542,-0.113038,0.147049,0.723242,-0.665222,-0.074998,-0.696985,-0.076998,0.708984,0.582646
35.131654,-0.113038,0.147049,0.723242,-0.665222,-0.074998,-0.696985,-0.076998,0.708984,0.582646
35.349488,-0.113038,0.147049,0.723242,-0.665222,-0.074998,-0.696985,-0.076998,0.708984,0.582646
35.535036,-0.113038,0.147049,0.723242,-0.665222,-0.074998,-0.696985,-0.076998,0.708984,0.582646
35.716572,-0.113038,0.147049,0.723242,-0.665222,-0.074998,-0.696985,-0.076998,0.708984,0.582646
35.888951,-0.113038,0.147049,0.723242,-0.665222,-0.074998,-0.696985,-0.076998,0.708984,0.582646
36.072099,-0.113038,0.147049,0.723242,-0.665222,-0.074998,-0.696985,-0.076998,0.708984,0.582646
36.282969,-0.113038,0.147049,0.723242,-0.665222,-0.074998,-0.696985,-0.076998,0.708984,0.582646
36.453600,-0.113038,0.147049,0.723242,-0.665222,-0.074998,-0.696985,-0.076998,0.708984,0.582646
36.625244,-0.113038,0.147049,0.723242,-0.665222,-0.074998,-0.696985,-0.076998,0.708984,0.582646
36.803721,-0.113038,0.147049,0.723242,-0.665222,-0.074998,-0.696985,-0.076998,0.708984,0.582646
36.991448,-0.113038,0.147049,0.723242,-0.665222,-0.074998,-0.696985,-0.076998,0.708984,0.582646
37.201268,-0.113038,0.147049,0.723242,-0.665222,-0.074998,-0.696985,-0.076998,0.708984,0.582646
37.384637,-0.113038,0.147049,0.723242,-0.665222,-0.074998,-0.696985,-0.076998,0.708984,0.582646
37.591568,-0.113038,0.147049,0.723242,-0.665222,-0.074998,-0.696985,-0.076998,0.708984,0.582646
37.754781,-0.113038,0.147049,0.723242,-0.665222,-0.074998,-0.696985,-0.076998,0.708984,0.582646
37.935924,-0.113038,0.147049,0.723242,-0.665222,-0.074998,-0.696985,-0.076998,0.708984,0.582646
38.123492,-0.113038,0.147049,0.723242,-0.665222,-0.074998,-0.696985,-0.076998,0.708984,0.582646
38.340852,-0.113038,0.147049,0.723242,-0.665222,-0.074998,-0.696985,-0.076998,0.708984,0.582646
38.531847,-0.113038,0.147049,0.723242,-0.665222,-0.074998,-0.696985,-0.076998,0.708984,0.582646
38.762208,-0.113038,0.147049,0.723242,-0.665222,-0.074998,-0.696985,-0.076998,0.708984,0.582646
38.958428,-0.113038,0.147049,0.723242,-0.665222,-0.074998,-0.696985,-0.076998,0.708984,0.582646
39.148003,-0.113038,0.147049,0.723242,-0.665222,-0.074998,-0.696985,-0.076998,0.708984,0.582646
39.359219,-0.113038,0.147049,0.723242,-0.665222,-0.074998,-0.696985,-0.076998,0.708984,0.582646
39.595811,-0.113038,0.147049,0.723242,-0.665222,-0.074998,-0.696985,-0.076998,0.708984,0.582646
39.784954,-0.113038,0.147049,0.723242,-0.665222,-0.074998,-0.696985,-0.076998,0.708984,0.582646
39.948617,-0.113038,0.147049,0.723242,-0.665222,-0.074998,-0.696985,-0.076998,0.708984,0.582646
40.151933,-0.113038,0.147049,0.723242,-0.665222,-0.074998,-0.696985,-0.076998,0.708984,0.582646
40.380396,-0.113038,0.147049,0.723242,-0.665222,-0.074998,-0.696985,-0.076998,0.708984,0.582646
40.607574,-0.113038,0.147049,0.723242,-0.665222,-0.074998,-0.696985,-0.076998,0.708984,0.582646
40.799212,-0.113038,0.147049,0.723242,-0.665222,-0.074998,-0.696985,-0.076998,0.708984,0.582646
41.015193,-0.113038,0.147049,0.723242,-0.665222,-0.074998,-0.696985,-0.076998,0.708984,0.582646
41.204795,-0.113038,0.147049,0.723242,-0.665222,-0.074998,-0.696985,-0.076998,0.708984,0.582646
41.414788,-0.113038,0.147049,0.723242,-0.665222,-0.074998,-0.696985,-0.076998,0.708984,0.582646
41.638852,-0.113038,0.147049,0.723242,-0.665222,-0.074998,-0.696985,-0.076998,0.708984,0.582646
41.806836,-0.113038,0.147049,0.723242,-0.665222,-0.074998,-0.696985,-0.076998,0.708984,0.582646
41.981743,-0.113038,0.147049,0.723242,-0.665222,-0.074998,-0.696985,-0.076998,0.708984,0.582646
42.202092,-0.113038,0.147049,0.723242,-0.665222,-0.074998,-0.696985,-0.076998,0.708984,0.582646
42.374890,-0.113038,0.147049,0.723242,-0.665222,-0.074998,-0.696985,-0.076998,0.708984,0.582646
42.571360,-0.113038,0.147049,0.723242,-0.665222,-0.074998,-0.696985,-0.076998,0.708984,0.582646
42.745341,-0.113038,0.147049,0.723242,-0.665222,-0.074998,-0.696985,-0.076998,0.708984,0.582646
42.929494,-0.113038,0.147049,0.723242,-0.665222,-0.074998,-0.696985,-0.076998,0.708984,0.582646
43.159966,-0.113038,0.147049,0.723242,-0.665222,-0.074998,-0.696985,-0.076998,0.708984,0.582646
43.351186,-0.113038,0.147049,0.723242,-0.665222,-0.074998,-0.696985,-0.076998,0.708984,0.582646
43.530979,-0.113038,0.147049,0.723242,-0.665222,-0.074998,-0.696985,-0.076998,0.708984,0.582646
43.711397,-0.113038,0.147049,0.723242,-0.665222,-0.074998,-0.696985,-0.076998,0.708984,0.582646
43.925816,-0.113038,0.147049,0.723242,-0.665222,-0.074998,-0.696985,-0.076998,0.708984,0.582646
44.111978,-0.113038,0.147049,0.723242,-0.665222,-0.074998,-0.696985,-0.076998,0.708984,0.582646
44.298844,-0.113038,0.147049,0.723242,-0.665222,-0.074998,-0.696985,-0.076998,0.708984,0.582646
44.525191,-0.113038,0.147049,0.723242,-0.665222,-0.074998,-0.696985,-0.076998,0.708984,0.582646
44.764449,-0.113038,0.147049,0.723242,-0.665222,-0.074998,-0.696985,-0.076998,0.708984,0.582646
44.941885,-0.113038,0.147049,0.723242,-0.665222,-0.074998,-0.696985,-0.076998,0.708984,0.582646
