0.000000,-0.113038,0.147049,0.723242,-0.665222,-0.073057,-0.693543,-0.067052,0.713558,0.564868
0.517651,-0.113038,0.147049,0.723242,-0.665222,-0.073057,-0.693543,-0.067052,0.713558,0.564868
0.653835,-0.113038,0.147049,0.723242,-0.665222,-0.073057,-0.693543,-0.067052,0.713558,0.564868
0.733539,-0.113038,0.147049,0.723242,-0.665222,-0.073057,-0.693543,-0.067052,0.713558,0.564868
0.870360,-0.113038,0.147049,0.723242,-0.665222,-0.073057,-0.693543,-0.067052,0.713558,0.564868
0.989643,-0.113038,0.147049,0.723242,-0.665222,-0.073057,-0.693543,-0.067052,0.713558,0.564868
1.120502,-0.113038,0.147049,0.723242,-0.665222,-0.073057,-0.693543,-0.067052,0.713558,0.564868
1.225162,-0.113038,0.147049,0.723242,-0.665222,-0.073057,-0.693543,-0.067052,0.713558,0.564868
1.331847,-0.113038,0.147049,0.723242,-0.665222,-0.073057,-0.693543,-0.067052,0.713558,0.564868
1.428278,-0.113038,0.147049,0.723242,-0.665222,-0.073057,-0.693543,-0.067052,0.713558,0.564868
1.525582,-0.113038,0.147049,0.723242,-0.665222,-0.073057,-0.693543,-0.067052,0.713558,0.564868
1.623681,-0.113038,0.147049,0.723242,-0.665222,-0.073057,-0.693543,-0.067052,0.713558,0.564868
1.730343,-0.113038,0.147049,0.723242,-0.665222,-0.073057,-0.693543,-0.067052,0.713558,0.564868
1.844630,-0.113038,0.147049,0.723242,-0.665222,-0.033019,-0.703415,-0.029017,0.709419,0.455243
1.958420,-0.113038,0.147049,0.723242,-0.665222,0.147069,-0.679319,0.149070,0.703331,-0.056026
2.104755,-0.113038,0.147049,0.723242,-0.665222,0.271373,-0.643885,0.271373,0.661910,-0.419510
2.218669,-0.113038,0.147049,0.723242,-0.665222,0.293325,-0.637706,0.287318,0.651721,-0.477327
2.318324,-0.113038,0.147049,0.723242,-0.665222,0.295538,-0.638161,0.287523,0.650183,-0.480887
2.413757,-0.113038,0.147049,0.723242,-0.665222,0.297752,-0.638613,0.287727,0.648638,-0.484460
2.519249,-0.113038,0.147049,0.723242,-0.665222,0.299578,-0.638230,0.287554,0.648250,-0.487109
2.620519,-0.113038,0.147049,0.723242,-0.665222,0.299578,-0.638230,0.287554,0.648250,-0.487109
2.715904,-0.113038,0.147049,0.723242,-0.665222,0.285262,-0.647595,0.273251,0.651598,-0.442279
2.780425,-0.113038,0.147049,0.723242,-0.665222,0.243381,-0.664041,0.231363,0.668047,-0.315476
2.907515,-0.113038,0.147049,0.723242,-0.665222,0.171076,-0.689307,0.161072,0.685306,-0.104689
3.012370,-0.113038,0.147049,0.723242,-0.665222,0.081011,-0.703091,0.069009,0.703091,0.155734
3.092402,-0.113038,0.147049,0.723242,-0.665222,-0.007010,-0.713985,-0.015021,0.699965,0.400536
3.219037,-0.113038,0.147049,0.723242,-0.665222,-0.035058,-0.712170,-0.037061,0.700151,0.471225
3.331598,-0.113038,0.147049,0.723242,-0.665222,-0.051085,-0.708184,-0.053089,0.702174,0.516097
3.436020,-0.113038,0.147049,0.723242,-0.665222,-0.061126,-0.706461,-0.061126,0.702453,0.541578
3.521696,-0.113038,0.147049,0.723242,-0.665222,-0.063026,-0.705292,-0.063026,0.703291,0.546804
3.588821,-0.113038,0.147049,0.723242,-0.665222,-0.067087,-0.703917,-0.067087,0.703917,0.558183
3.651147,-0.113038,0.147049,0.723242,-0.665222,-0.069071,-0.703725,-0.069071,0.703725,0.563826
3.712081,-0.113038,0.147049,0.723242,-0.665222,-0.069071,-0.701720,-0.069071,0.705724,0.563497
3.831863,-0.113038,0.147049,0.723242,-0.665222,-0.069071,-0.701720,-0.069071,0.705724,0.563497
3.932309,-0.113038,0.147049,0.723242,-0.665222,-0.033011,-0.707236,-0.037012,0.705236,0.467349
4.020542,-0.113038,0.147049,0.723242,-0.665222,0.031025,-0.703570,0.023019,0.709575,0.291096
4.095457,-0.113038,0.147049,0.723242,-0.665222,0.117186,-0.692099,0.107170,0.704118,0.048518
4.193056,-0.113038,0.147049,0.723242,-0.665222,0.185133,-0.679488,0.177127,0.687494,-0.149862
4.323203,-0.113038,0.147049,0.723242,-0.665222,0.225593,-0.664748,0.215567,0.678785,-0.266670
4.431005,-0.113038,0.147049,0.723242,-0.665222,0.261461,-0.654154,0.255451,0.662168,-0.379159
4.536490,-0.113038,0.147049,0.723242,-0.665222,0.275246,-0.649581,0.269241,0.655586,-0.420794
4.644175,-0.113038,0.147049,0.723242,-0.665222,0.283789,-0.646799,0.273762,0.652816,-0.440957
4.739547,-0.113038,0.147049,0.723242,-0.665222,0.289740,-0.644646,0.277709,0.650661,-0.456244
4.879529,-0.113038,0.147049,0.723242,-0.665222,0.295502,-0.642091,0.283482,0.648101,-0.474018
4.980703,-0.113038,0.147049,0.723242,-0.665222,0.299370,-0.641792,0.285352,0.645797,-0.482744
5.056010,-0.113038,0.147049,0.723242,-0.665222,0.301405,-0.639859,0.287386,0.645867,-0.489280
5.119555,-0.113038,0.147049,0.723242,-0.665222,0.303224,-0.639472,0.287212,0.645477,-0.491924
5.184477,-0.113038,0.147049,0.723242,-0.665222,0.301578,-0.640227,0.285547,0.646238,-0.486794
5.283129,-0.113038,0.147049,0.723242,-0.665222,0.265462,-0.658145,0.251437,0.658145,-0.378509
5.402518,-0.113038,0.147049,0.723242,-0.665222,0.219248,-0.671760,0.203230,0.677766,-0.238187
5.523131,-0.113038,0.147049,0.723242,-0.665222,0.107165,-0.700075,0.091140,0.700075,0.086992
5.645234,-0.113038,0.147049,0.723242,-0.665222,0.039019,-0.713350,0.023011,0.699343,0.281661
5.777536,-0.113038,0.147049,0.723242,-0.665222,-0.025019,-0.711531,-0.031023,0.701524,0.448270
5.865761,-0.113038,0.147049,0.723242,-0.665222,-0.053071,-0.707954,-0.057077,0.701945,0.524572
5.988386,-0.113038,0.147049,0.723242,-0.665222,-0.061111,-0.706282,-0.065118,0.702275,0.547240
6.111026,-0.113038,0.147049,0.723242,-0.665222,-0.063010,-0.705109,-0.067010,0.703108,0.552465
6.226483,-0.113038,0.147049,0.723242,-0.665222,-0.063099,-0.704101,-0.067105,0.704101,0.552566
6.345042,-0.113038,0.147049,0.723242,-0.665222,-0.065093,-0.702005,-0.067096,0.706010,0.555051
6.467209,-0.113038,0.147049,0.723242,-0.665222,-0.061032,-0.701372,-0.063033,0.707375,0.543335
6.591637,-0.113038,0.147049,0.723242,-0.665222,-0.019023,-0.707851,-0.019023,0.705849,0.422088
6.695052,-0.113038,0.147049,0.723242,-0.665222,0.063055,-0.701616,0.055048,0.707622,0.200395
6.825782,-0.113038,0.147049,0.723242,-0.665222,0.173492,-0.682938,0.161458,0.690961,-0.110234
6.945946,-0.113038,0.147049,0.723242,-0.665222,0.243701,-0.660902,0.231667,0.670931,-0.317158
7.067470,-0.113038,0.147049,0.723242,-0.665222,0.273477,-0.654141,0.263459,0.654141,-0.408743
7.191080,-0.113038,0.147049,0.723242,-0.665222,0.283423,-0.649969,0.273408,0.649969,-0.439132
7.325906,-0.113038,0.147049,0.723242,-0.665222,0.299370,-0.641792,0.285352,0.645797,-0.482744
7.459909,-0.113038,0.147049,0.723242,-0.665222,0.301407,-0.641867,0.287388,0.643870,-0.488820
7.577788,-0.113038,0.147049,0.723242,-0.665222,0.305257,-0.639539,0.289244,0.643542,-0.497999
7.697932,-0.113038,0.147049,0.723242,-0.665222,0.305473,-0.639990,0.291451,0.641993,-0.501435
7.836490,-0.113038,0.147049,0.723242,-0.665222,0.307681,-0.638412,0.291645,0.642421,-0.505500
7.958937,-0.113038,0.147049,0.723242,-0.665222,0.295456,-0.645997,0.279431,0.645997,-0.467191
8.065513,-0.113038,0.147049,0.723242,-0.665222,0.231202,-0.671587,0.217190,0.669585,-0.275566
8.222729,-0.113038,0.147049,0.723242,-0.665222,0.083146,-0.706243,0.063111,0.700232,0.161570
8.303089,-0.113038,0.147049,0.723242,-0.665222,0.015000,-0.714981,0.001000,0.698982,0.346909
8.384459,-0.113038,0.147049,0.723242,-0.665222,-0.029017,-0.715416,-0.031018,0.697406,0.454692
8.470681,-0.113038,0.147049,0.723242,-0.665222,-0.047030,-0.711451,-0.049031,0.699444,0.505123
8.621105,-0.113038,0.147049,0.723242,-0.665222,-0.065009,-0.709095,-0.065009,0.699094,0.553121
8.729132,-0.113038,0.147049,0.723242,-0.665222,-0.065102,-0.706104,-0.065102,0.702098,0.552873
8.842341,-0.113038,0.147049,0.723242,-0.665222,-0.065102,-0.704103,-0.065102,0.704103,0.552537
8.989036,-0.113038,0.147049,0.723242,-0.665222,-0.047107,-0.706603,-0.045102,0.704598,0.498765
9.109000,-0.113038,0.147049,0.723242,-0.665222,0.031022,-0.707508,0.027019,0.705507,0.286272
9.265374,-0.113038,0.147049,0.723242,-0.665222,0.145379,-0.688797,0.137358,0.696818,-0.034707
9.363110,-0.113038,0.147049,0.723242,-0.665222,0.219271,-0.669827,0.209258,0.677837,-0.247188
9.475702,-0.113038,0.147049,0.723242,-0.665222,0.255477,-0.658229,0.245458,0.664241,-0.354953
9.593577,-0.113038,0.147049,0.723242,-0.665222,0.273477,-0.654141,0.263459,0.654141,-0.408743
9.740706,-0.113038,0.147049,0.723242,-0.665222,0.283361,-0.649828,0.269343,0.651831,-0.433239
9.869748,-0.113038,0.147049,0.723242,-0.665222,0.293625,-0.644371,0.279595,0.648380,-0.464982
9.947752,-0.113038,0.147049,0.723242,-0.665222,0.297545,-0.642176,0.285523,0.646184,-0.480089
10.025681,-0.113038,0.147049,0.723242,-0.665222,0.303616,-0.640299,0.287583,0.644307,-0.492876
10.166427,-0.113038,0.147049,0.723242,-0.665222,0.305473,-0.639990,0.291451,0.641993,-0.501435
10.305617,-0.113038,0.147049,0.723242,-0.665222,0.305473,-0.639990,0.291451,0.641993,-0.501435
10.429890,-0.113038,0.147049,0.723242,-0.665222,0.307287,-0.639598,0.291272,0.641600,-0.504079
10.557166,-0.113038,0.147049,0.723242,-0.665222,0.285419,-0.649954,0.271398,0.649954,-0.439309
10.683380,-0.113038,0.147049,0.723242,-0.665222,0.203377,-0.680260,0.189351,0.678256,-0.193393
10.811130,-0.113038,0.147049,0.723242,-0.665222,0.111059,-0.701372,0.097051,0.697370,0.073467
10.915667,-0.113038,0.147049,0.723242,-0.665222,0.013018,-0.715993,0.005007,0.697968,0.344343
11.050970,-0.113038,0.147049,0.723242,-0.665222,-0.027057,-0.712494,-0.031065,0.700468,0.451409
11.188389,-0.113038,0.147049,0.723242,-0.665222,-0.038994,-0.710896,-0.042994,0.700898,0.485001
11.291942,-0.113038,0.147049,0.723242,-0.665222,-0.047026,-0.709393,-0.051028,0.701389,0.507590
11.425954,-0.113038,0.147049,0.723242,-0.665222,-0.053077,-0.708033,-0.055080,0.702024,0.521747
11.518153,-0.113038,0.147049,0.723242,-0.665222,-0.057058,-0.705719,-0.059060,0.703717,0.532704
11.603140,-0.113038,0.147049,0.723242,-0.665222,-0.059046,-0.705552,-0.061048,0.703550,0.538350
11.687479,-0.113038,0.147049,0.723242,-0.665222,-0.059046,-0.703550,-0.061048,0.705552,0.538017
11.827163,-0.113038,0.147049,0.723242,-0.665222,-0.061033,-0.703379,-0.063034,0.705380,0.543663
11.969527,-0.113038,0.147049,0.723242,-0.665222,-0.039057,-0.706027,-0.039057,0.706027,0.478614
12.116694,-0.113038,0.147049,0.723242,-0.665222,0.071090,-0.699889,0.063080,0.707900,0.177390
12.262777,-0.113038,0.147049,0.723242,-0.665222,0.163045,-0.685188,0.153042,0.693190,-0.082858
12.440282,-0.113038,0.147049,0.723242,-0.665222,0.237611,-0.662705,0.227586,0.672731,-0.301896
12.590673,-0.113038,0.147049,0.723242,-0.665222,0.291249,-0.643550,0.281240,0.649555,-0.463906
12.747328,-0.113038,0.147049,0.723242,-0.665222,0.297160,-0.641345,0.285153,0.647348,-0.479160
12.889365,-0.113038,0.147049,0.723242,-0.665222,0.301445,-0.639944,0.291430,0.643950,-0.495179
13.043662,-0.113038,0.147049,0.723242,-0.665222,0.305685,-0.638430,0.293658,0.642439,-0.505328
13.144615,-0.113038,0.147049,0.723242,-0.665222,0.307500,-0.638038,0.293478,0.642045,-0.507972
13.272358,-0.113038,0.147049,0.723242,-0.665222,0.307500,-0.638038,0.293478,0.642045,-0.507972
13.385303,-0.113038,0.147049,0.723242,-0.665222,0.309313,-0.637644,0.293296,0.641648,-0.510609
13.531984,-0.113038,0.147049,0.723242,-0.665222,0.309313,-0.637644,0.293296,0.641648,-0.510609
13.655736,-0.113038,0.147049,0.723242,-0.665222,0.309313,-0.637644,0.293296,0.641648,-0.510609
13.807874,-0.113038,0.147049,0.723242,-0.665222,0.305433,-0.639908,0.287408,0.643914,-0.495519
13.957625,-0.113038,0.147049,0.723242,-0.665222,0.275616,-0.656468,0.259581,0.652459,-0.405935
14.073504,-0.113038,0.147049,0.723242,-0.665222,0.188994,-0.686979,0.176995,0.678980,-0.153525
14.196894,-0.113038,0.147049,0.723242,-0.665222,0.109103,-0.701661,0.095090,0.697658,0.079055
14.346382,-0.113038,0.147049,0.723242,-0.665222,0.025027,-0.715778,0.013014,0.697758,0.315999
14.478552,-0.113038,0.147049,0.723242,-0.665222,-0.023022,-0.713670,-0.025023,0.699657,0.437367
14.621990,-0.113038,0.147049,0.723242,-0.665222,-0.045033,-0.711517,-0.049036,0.699508,0.502288
14.767762,-0.113038,0.147049,0.723242,-0.665222,-0.053077,-0.708033,-0.055080,0.702024,0.521747
14.905341,-0.113038,0.147049,0.723242,-0.665222,-0.055068,-0.707877,-0.057071,0.701869,0.527396
15.022451,-0.113038,0.147049,0.723242,-0.665222,-0.057058,-0.707715,-0.059060,0.701709,0.533042
15.120727,-0.113038,0.147049,0.723242,-0.665222,-0.057058,-0.705719,-0.059060,0.703717,0.532704
15.246189,-0.113038,0.147049,0.723242,-0.665222,-0.045039,-0.705606,-0.047040,0.705606,0.498420
15.414253,-0.113038,0.147049,0.723242,-0.665222,0.015021,-0.706007,0.007010,0.708010,0.336764
15.565617,-0.113038,0.147049,0.723242,-0.665222,0.095194,-0.698422,0.083169,0.704434,0.114793
15.722250,-0.113038,0.147049,0.723242,-0.665222,0.193432,-0.680519,0.183409,0.682524,-0.170465
15.848432,-0.113038,0.147049,0.723242,-0.665222,0.253389,-0.658010,0.243374,0.666022,-0.348922
15.998699,-0.113038,0.147049,0.723242,-0.665222,0.289578,-0.644286,0.279558,0.650298,-0.458745
16.154318,-0.113038,0.147049,0.723242,-0.665222,0.301617,-0.638305,0.289592,0.646321,-0.493177
16.327807,-0.113038,0.147049,0.723242,-0.665222,0.305681,-0.636418,0.293654,0.644436,-0.505798
16.471601,-0.113038,0.147049,0.723242,-0.665222,0.311150,-0.635306,0.297143,0.641309,-0.519606
16.596190,-0.113038,0.147049,0.723242,-0.665222,0.311335,-0.635683,0.295317,0.641690,-0.517143
16.761428,-0.113038,0.147049,0.723242,-0.665222,0.307856,-0.636771,0.289806,0.644794,-0.503477
16.868637,-0.113038,0.147049,0.723242,-0.665222,0.251330,-0.661870,0.235309,0.665876,-0.333453
16.994235,-0.113038,0.147049,0.723242,-0.665222,0.157039,-0.689172,0.141035,0.693173,-0.056481
17.155334,-0.113038,0.147049,0.723242,-0.665222,0.041017,-0.713293,0.023009,0.699287,0.278803
17.324691,-0.113038,0.147049,0.723242,-0.665222,-0.021020,-0.711679,-0.027026,0.701670,0.436961
17.486338,-0.113188,0.147245,0.724205,-0.664105,-0.045034,-0.707537,-0.049037,0.703533,0.502007
17.665875,-0.113188,0.147245,0.724205,-0.664105,-0.051014,-0.705190,-0.053014,0.705190,0.515761
17.805699,-0.113188,0.147245,0.724205,-0.664105,-0.051014,-0.703187,-0.053014,0.707188,0.515404
17.959102,-0.113188,0.147245,0.724205,-0.664105,-0.053077,-0.702024,-0.055080,0.708033,0.521092
18.134386,-0.113188,0.147245,0.724205,-0.664105,-0.055068,-0.701869,-0.057071,0.707877,0.526747
18.298774,-0.113188,0.147245,0.724205,-0.664105,-0.003005,-0.706084,-0.007011,0.708087,0.382468
18.436544,-0.113188,0.147245,0.724205,-0.664105,0.077044,-0.699396,0.067038,0.707401,0.163733
18.578781,-0.113188,0.147245,0.724205,-0.664105,0.169182,-0.681733,0.159171,0.693745,-0.100652
18.749553,-0.113188,0.147245,0.724205,-0.664105,0.255555,-0.654422,0.249542,0.666448,-0.361298
18.923493,-0.113188,0.147245,0.724205,-0.664105,0.293505,-0.642104,0.285491,0.648114,-0.473254
19.099232,-0.113188,0.147245,0.724205,-0.664105,0.303470,-0.635984,0.293454,0.645999,-0.501620
19.222906,-0.113188,0.147245,0.724205,-0.664105,0.311572,-0.634164,0.301554,0.640175,-0.526357
19.391749,-0.113188,0.147245,0.724205,-0.664105,0.313379,-0.633767,0.301365,0.639775,-0.528990
19.527709,-0.113188,0.147245,0.724205,-0.664105,0.315183,-0.633369,0.301175,0.639372,-0.531618
19.648705,-0.113188,0.147245,0.724205,-0.664105,0.315183,-0.633369,0.301175,0.639372,-0.531618
19.841062,-0.113188,0.147245,0.724205,-0.664105,0.229404,-0.668176,0.215379,0.674186,-0.270616
19.979421,-0.113188,0.147245,0.724205,-0.664105,0.097180,-0.702300,0.083154,0.700297,0.113296
20.100853,-0.113188,0.147245,0.724205,-0.664105,0.029067,-0.712640,0.021048,0.700612,0.298915
20.243646,-0.113188,0.147245,0.724205,-0.664105,-0.019021,-0.711779,-0.023025,0.701768,0.428933
20.409225,-0.113188,0.147245,0.724205,-0.664105,-0.033011,-0.709231,-0.037012,0.703229,0.468123
20.524043,-0.113188,0.147245,0.724205,-0.664105,-0.041050,-0.707854,-0.043052,0.703849,0.487874
20.665519,-0.113188,0.147245,0.724205,-0.664105,-0.043041,-0.707667,-0.047044,0.703663,0.496356
20.809991,-0.113188,0.147245,0.724205,-0.664105,-0.047027,-0.707401,-0.051029,0.703398,0.507655
21.004347,-0.113188,0.147245,0.724205,-0.664105,-0.049087,-0.706257,-0.053094,0.704253,0.513331
21.184377,-0.113188,0.147245,0.724205,-0.664105,-0.013018,-0.707968,-0.015021,0.705965,0.408348
21.339006,-0.113188,0.147245,0.724205,-0.664105,0.065049,-0.703533,0.055042,0.705535,0.198429
21.466992,-0.113188,0.147245,0.724205,-0.664105,0.153171,-0.685767,0.139156,0.697781,-0.048646
21.621975,-0.113188,0.147245,0.724205,-0.664105,0.257345,-0.655878,0.245328,0.665892,-0.357607
21.778747,-0.113188,0.147245,0.724205,-0.664105,0.315796,-0.632595,0.303766,0.638610,-0.536534
21.935085,-0.113188,0.147245,0.724205,-0.664105,0.319416,-0.631823,0.307400,0.635828,-0.547675
22.109211,-0.113188,0.147245,0.724205,-0.664105,0.319612,-0.632211,0.305585,0.636219,-0.545239
22.296141,-0.113188,0.147245,0.724205,-0.664105,0.285263,-0.649599,0.273252,0.649599,-0.441217
22.525012,-0.113188,0.147245,0.724205,-0.664105,0.207135,-0.679442,0.191124,0.677440,-0.201041
22.683457,-0.113188,0.147245,0.724205,-0.664105,0.075207,-0.706947,0.057157,0.700930,0.181781
22.833813,-0.113188,0.147245,0.724205,-0.664105,-0.012999,-0.712919,-0.016998,0.700920,0.412100
22.982974,-0.113188,0.147245,0.724205,-0.664105,-0.039054,-0.707971,-0.041056,0.703965,0.482220
23.156510,-0.113188,0.147245,0.724205,-0.664105,-0.043045,-0.707732,-0.045047,0.703728,0.493527
23.343324,-0.113188,0.147245,0.724205,-0.664105,-0.047098,-0.706470,-0.049102,0.704465,0.504838
23.526074,-0.113188,0.147245,0.724205,-0.664105,-0.049092,-0.706331,-0.051096,0.704327,0.510495
23.711373,-0.113188,0.147245,0.724205,-0.664105,-0.045039,-0.705606,-0.047040,0.705606,0.498812
23.857288,-0.113188,0.147245,0.724205,-0.664105,-0.005008,-0.708096,-0.003005,0.706092,0.380049
24.036640,-0.113188,0.147245,0.724205,-0.664105,0.081113,-0.701979,0.071099,0.703982,0.152869
24.178927,-0.113188,0.147245,0.724205,-0.664105,0.143295,-0.690422,0.133275,0.696435,-0.025152
24.311077,-0.113188,0.147245,0.724205,-0.664105,0.189568,-0.681042,0.183550,0.683048,-0.164370
24.467088,-0.113188,0.147245,0.724205,-0.664105,0.249665,-0.660761,0.237633,0.666777,-0.333979
24.648263,-0.113188,0.147245,0.724205,-0.664105,0.283792,-0.648810,0.273764,0.650816,-0.439886
24.798759,-0.113188,0.147245,0.724205,-0.664105,0.301405,-0.639859,0.287386,0.645867,-0.488694
24.970452,-0.113188,0.147245,0.724205,-0.664105,0.309341,-0.635701,0.297328,0.641708,-0.516380
25.155148,-0.113188,0.147245,0.724205,-0.664105,0.313568,-0.634149,0.299543,0.640160,-0.526540
25.317279,-0.113188,0.147245,0.724205,-0.664105,0.315587,-0.634179,0.301561,0.638187,-0.532616
25.512897,-0.113188,0.147245,0.724205,-0.664105,0.317389,-0.633777,0.301370,0.637782,-0.535243
25.649144,-0.113188,0.147245,0.724205,-0.664105,0.319593,-0.632173,0.301560,0.638184,-0.539334
25.835051,-0.113188,0.147245,0.724205,-0.664105,0.280935,-0.652850,0.266939,0.650850,-0.424797
26.011355,-0.113188,0.147245,0.724205,-0.664105,0.165321,-0.690342,0.149290,0.688338,-0.079185
26.143951,-0.113188,0.147245,0.724205,-0.664105,0.081020,-0.707177,0.067017,0.699175,0.159825
26.298101,-0.113188,0.147245,0.724205,-0.664105,-0.021021,-0.713701,-0.025025,0.699687,0.434974
26.489637,-0.113188,0.147245,0.724205,-0.664105,-0.038998,-0.708967,-0.040998,0.702968,0.482246
26.682072,-0.113188,0.147245,0.724205,-0.664105,-0.043044,-0.709726,-0.045046,0.701718,0.493898
26.820723,-0.113188,0.147245,0.724205,-0.664105,-0.049023,-0.707333,-0.051024,0.703331,0.510475
26.991606,-0.113188,0.147245,0.724205,-0.664105,-0.033013,-0.703280,-0.035014,0.709282,0.464164
27.170596,-0.113188,0.147245,0.724205,-0.664105,0.007001,-0.703075,0.003000,0.711075,0.353553
27.337930,-0.113188,0.147245,0.724205,-0.664105,0.107121,-0.693782,0.095107,0.705795,0.080528
27.518566,-0.113188,0.147245,0.724205,-0.664105,0.211710,-0.669246,0.207697,0.681286,-0.233552
27.711932,-0.113188,0.147245,0.724205,-0.664105,0.283476,-0.646085,0.277466,0.652095,-0.445381
27.885371,-0.113188,0.147245,0.724205,-0.664105,0.299618,-0.638318,0.291602,0.646334,-0.492417
28.026466,-0.113188,0.147245,0.724205,-0.664105,0.307524,-0.634080,0.297507,0.644097,-0.514231
28.171733,-0.113188,0.147245,0.724205,-0.664105,0.313587,-0.632183,0.303568,0.640198,-0.532909
28.325272,-0.113188,0.147245,0.724205,-0.664105,0.315392,-0.631785,0.303377,0.639795,-0.535536
28.498094,-0.113188,0.147245,0.724205,-0.664105,0.317600,-0.632193,0.303573,0.638205,-0.539161
28.696818,-0.113188,0.147245,0.724205,-0.664105,0.293461,-0.646015,0.281442,0.646015,-0.466414
28.900236,-0.113188,0.147245,0.724205,-0.664105,0.171056,-0.687227,0.153051,0.689227,-0.093443
29.090852,-0.113188,0.147245,0.724205,-0.664105,0.049117,-0.712694,0.039093,0.698661,0.245256
29.257934,-0.113188,0.147245,0.724205,-0.664105,-0.023022,-0.711685,-0.025024,0.701675,0.437428
29.396345,-0.113188,0.147245,0.724205,-0.664105,-0.041050,-0.707854,-0.043052,0.703849,0.487874
29.593692,-0.113188,0.147245,0.724205,-0.664105,-0.045039,-0.705606,-0.047040,0.705606,0.498812
29.744406,-0.113188,0.147245,0.724205,-0.664105,-0.047032,-0.705473,-0.049033,0.705473,0.504463
29.894430,-0.113188,0.147245,0.724205,-0.664105,-0.047032,-0.705473,-0.049033,0.705473,0.504463
30.080974,-0.113188,0.147245,0.724205,-0.664105,-0.049028,-0.703401,-0.049028,0.707403,0.506907
30.277706,-0.113188,0.147245,0.724205,-0.664105,-0.049097,-0.702388,-0.049097,0.708400,0.506919
30.490067,-0.113188,0.147245,0.724205,-0.664105,-0.049027,-0.701391,-0.049027,0.709396,0.506540
30.690480,-0.113188,0.147245,0.724205,-0.664105,-0.049027,-0.701391,-0.049027,0.709396,0.506540
30.858234,-0.113188,0.147245,0.724205,-0.664105,-0.049026,-0.699376,-0.049026,0.711383,0.506175
31.043245,-0.113188,0.147245,0.724205,-0.664105,-0.049026,-0.699376,-0.049026,0.711383,0.506175
31.238645,-0.113188,0.147245,0.724205,-0.664105,-0.049026,-0.699376,-0.049026,0.711383,0.506175
31.411977,-0.113188,0.147245,0.724205,-0.664105,-0.049026,-0.699376,-0.049026,0.711383,0.506175
31.616031,-0.113188,0.147245,0.724205,-0.664105,-0.049026,-0.699376,-0.049026,0.711383,0.506175
31.764956,-0.113188,0.147245,0.724205,-0.664105,-0.049026,-0.699376,-0.049026,0.711383,0.506175
31.912185,-0.113188,0.147245,0.724205,-0.664105,-0.049026,-0.699376,-0.049026,0.711383,0.506175
32.080869,-0.113188,0.147245,0.724205,-0.664105,-0.049026,-0.699376,-0.049026,0.711383,0.506175
32.244119,-0.113188,0.147245,0.724205,-0.664105,-0.049026,-0.699376,-0.049026,0.711383,0.506175
32.418963,-0.113188,0.147245,0.724205,-0.664105,-0.049026,-0.699376,-0.049026,0.711383,0.506175
32.616091,-0.113188,0.147245,0.724205,-0.664105,-0.049026,-0.699376,-0.049026,0.711383,0.506175
32.766512,-0.113188,0.147245,0.724205,-0.664105,-0.049026,-0.699376,-0.049026,0.711383,0.506175
32.948551,-0.113188,0.147245,0.724205,-0.664105,-0.049026,-0.699376,-0.049026,0.711383,0.506175
33.164370,-0.113188,0.147245,0.724205,-0.664105,-0.049026,-0.699376,-0.049026,0.711383,0.506175
33.387381,-0.113188,0.147245,0.724205,-0.664105,-0.049026,-0.699376,-0.049026,0.711383,0.506175
33.595851,-0.113188,0.147245,0.724205,-0.664105,-0.049026,-0.699376,-0.049026,0.711383,0.506175
33.747122,-0.113188,0.147245,0.724205,-0.664105,-0.049026,-0.699376,-0.049026,0.711383,0.506175
33.930294,-0.113188,0.147245,0.724205,-0.664105,-0.049026,-0.699376,-0.049026,0.711383,0.506175
34.146797,-0.113188,0.147245,0.724205,-0.664105,-0.049026,-0.699376,-0.049026,0.711383,0.506175
34.339376,-0.113188,0.147245,0.724205,-0.664105,-0.049026,-0.699376,-0.049026,0.711383,0.506175
34.554343,-0.113188,0.147245,0.724205,-0.664105,-0.049026,-0.699376,-0.049026,0.711383,0.506175
34.754735,-0.113188,0.147245,0.724205,-0.664105,-0.049026,-0.699376,-0.049026,0.711383,0.506175
34.955842,-0.113188,0.147245,0.724205,-0.664105,-0.049026,-0.699376,-0.049026,0.711383,0.506175
35.132911,-0.113188,0.147245,0.724205,-0.664105,-0.049026,-0.699376,-0.049026,0.711383,0.506175
35.368442,-0.113188,0.147245,0.724205,-0.664105,-0.049026,-0.699376,-0.049026,0.711383,0.506175
35.579723,-0.113188,0.147245,0.724205,-0.664105,-0.049026,-0.699376,-0.049026,0.711383,0.506175
35.755983,-0.113188,0.147245,0.724205,-0.664105,-0.049026,-0.699376,-0.049026,0.711383,0.506175
35.925541,-0.113188,0.147245,0.724205,-0.664105,-0.049026,-0.699376,-0.049026,0.711383,0.506175
36.150024,-0.113188,0.147245,0.724205,-0.664105,-0.049026,-0.699376,-0.049026,0.711383,0.506175
36.368568,-0.113188,0.147245,0.724205,-0.664105,-0.049026,-0.699376,-0.049026,0.711383,0.506175
36.579758,-0.113188,0.147245,0.724205,-0.664105,-0.049026,-0.699376,-0.049026,0.711383,0.506175
36.756318,-0.113188,0.147245,0.724205,-0.664105,-0.049026,-0.699376,-0.049026,0.711383,0.506175
36.972302,-0.113188,0.147245,0.724205,-0.664105,-0.049026,-0.699376,-0.049026,0.711383,0.506175
37.164393,-0.113188,0.147245,0.724205,-0.664105,-0.049026,-0.699376,-0.049026,0.711383,0.506175
37.349615,-0.113188,0.147245,0.724205,-0.664105,-0.049026,-0.699376,-0.049026,0.711383,0.506175
37.522326,-0.113188,0.147245,0.724205,-0.664105,-0.049026,-0.699376,-0.049026,0.711383,0.506175
37.680926,-0.113188,0.147245,0.724205,-0.664105,-0.049026,-0.699376,-0.049026,0.711383,0.506175
37.839370,-0.113188,0.147245,0.724205,-0.664105,-0.049026,-0.699376,-0.049026,0.711383,0.506175
38.028816,-0.113188,0.147245,0.724205,-0.664105,-0.049026,-0.699376,-0.049026,0.711383,0.506175
38.242838,-0.113188,0.147245,0.724205,-0.664105,-0.049026,-0.699376,-0.049026,0.711383,0.506175
38.447772,-0.113188,0.147245,0.724205,-0.664105,-0.049026,-0.699376,-0.049026,0.711383,0.506175
38.615234,-0.113188,0.147245,0.724205,-0.664105,-0.049026,-0.699376,-0.049026,0.711383,0.506175
38.788482,-0.113188,0.147245,0.724205,-0.664105,-0.049026,-0.699376,-0.049026,0.711383,0.506175
38.950341,-0.113188,0.147245,0.724205,-0.664105,-0.049026,-0.699376,-0.049026,0.711383,0.506175
39.131297,-0.113188,0.147245,0.724205,-0.664105,-0.049026,-0.699376,-0.049026,0.711383,0.506175
39.361312,-0.113188,0.147245,0.724205,-0.664105,-0.049026,-0.699376,-0.049026,0.711383,0.506175
39.541564,-0.113188,0.147245,0.724205,-0.664105,-0.049026,-0.699376,-0.049026,0.711383,0.506175
39.707957,-0.113188,0.147245,0.724205,-0.664105,-0.049026,-0.699376,-0.049026,0.711383,0.506175
39.875847,-0.113188,0.147245,0.724205,-0.664105,-0.049026,-0.699376,-0.049026,0.711383,0.506175
40.074915,-0.113188,0.147245,0.724205,-0.664105,-0.049026,-0.699376,-0.049026,0.711383,0.506175
40.281620,-0.113188,0.147245,0.724205,-0.664105,-0.049026,-0.699376,-0.049026,0.711383,0.506175
40.488396,-0.113188,0.147245,0.724205,-0.664105,-0.049026,-0.699376,-0.049026,0.711383,0.506175
40.667698,-0.113188,0.147245,0.724205,-0.664105,-0.049026,-0.699376,-0.049026,0.711383,0.506175
40.858248,-0.113188,0.147245,0.724205,-0.664105,-0.049026,-0.699376,-0.049026,0.711383,0.506175
41.059308,-0.113188,0.147245,0.724205,-0.664105,-0.049026,-0.699376,-0.049026,0.711383,0.506175
41.272362,-0.113188,0.147245,0.724205,-0.664105,-0.049026,-0.699376,-0.049026,0.711383,0.506175
41.526654,-0.113188,0.147245,0.724205,-0.664105,-0.049026,-0.699376,-0.049026,0.711383,0.506175
41.740991,-0.113188,0.147245,0.724205,-0.664105,-0.049026,-0.699376,-0.049026,0.711383,0.506175
41.927658,-0.113188,0.147245,0.724205,-0.664105,-0.049026,-0.699376,-0.049026,0.711383,0.506175
42.101079,-0.113188,0.147245,0.724205,-0.664105,-0.049026,-0.699376,-0.049026,0.711383,0.506175
42.309371,-0.113188,0.147245,0.724205,-0.664105,-0.049026,-0.699376,-0.049026,0.711383,0.506175
42.516879,-0.113188,0.147245,0.724205,-0.664105,-0.049026,-0.699376,-0.049026,0.711383,0.506175
42.681869,-0.113188,0.147245,0.724205,-0.664105,-0.049026,-0.699376,-0.049026,0.711383,0.506175
42.841187,-0.113188,0.147245,0.724205,-0.664105,-0.049026,-0.699376,-0.049026,0.711383,0.506175
43.054564,-0.113188,0.147245,0.724205,-0.664105,-0.049026,-0.699376,-0.049026,0.711383,0.506175
43.238385,-0.113188,0.147245,0.724205,-0.664105,-0.049026,-0.699376,-0.049026,0.711383,0.506175
43.472101,-0.113188,0.147245,0.724205,-0.664105,-0.049026,-0.699376,-0.049026,0.711383,0.506175
43.646198,-0.113188,0.147245,0.724205,-0.664105,-0.049026,-0.699376,-0.049026,0.711383,0.506175
43.822287,-0.113188,0.147245,0.724205,-0.664105,-0.049026,-0.699376,-0.049026,0.711383,0.506175
44.042309,-0.113188,0.147245,0.724205,-0.664105,-0.049026,-0.699376,-0.049026,0.711383,0.506175
44.212821,-0.113188,0.147245,0.724205,-0.664105,-0.049026,-0.699376,-0.049026,0.711383,0.506175
44.430929,-0.113188,0.147245,0.724205,-0.664105,-0.049026,-0.699376,-0.049026,0.711383,0.506175
44.634140,-0.113188,0.147245,0.724205,-0.664105,-0.049026,-0.699376,-0.049026,0.711383,0.506175
44.839735,-0.113188,0.147245,0.724205,-0.664105,-0.049026,-0.699376,-0.049026,0.711383,0.506175
