0.000000,0.409214,-0.417270,0.579181,-0.568313,0.424916,-0.430669,0.538910,-0.586128,-0.452884,0.427463,-0.521591,0.583194,1.000000,0.000000,0.000000,0.000000,0.049953,0.095557,1.893268,1.893268
0.273693,0.409214,-0.417270,0.579181,-0.568313,0.424916,-0.430669,0.538910,-0.586128,-0.452884,0.427463,-0.521591,0.583194,0.378500,-0.406012,0.569310,-0.606447,0.049953,0.095557,-0.073419,0.088928
0.405574,0.409214,-0.417270,0.579181,-0.568313,0.424916,-0.430669,0.538910,-0.586128,-0.452884,0.427463,-0.521591,0.583194,0.378500,-0.406012,0.569310,-0.606447,0.049953,0.095557,-0.073419,0.088928
0.491661,0.409214,-0.417270,0.579181,-0.568313,0.424916,-0.430669,0.538910,-0.586128,-0.452884,0.427463,-0.521591,0.583194,0.378500,-0.406012,0.569310,-0.606447,0.049953,0.095557,-0.073419,0.088928
0.571653,0.409214,-0.417270,0.579181,-0.568313,0.424916,-0.430669,0.538910,-0.586128,-0.452884,0.427463,-0.521591,0.583194,0.378500,-0.406012,0.569310,-0.606447,0.049953,0.095557,-0.073419,0.088928
0.654419,0.409214,-0.417270,0.579181,-0.568313,0.424916,-0.430669,0.538910,-0.586128,-0.452884,0.427463,-0.521591,0.583194,0.378500,-0.406012,0.569310,-0.606447,0.049953,0.095557,-0.073419,0.088928
0.722344,0.409214,-0.417270,0.579181,-0.568313,0.424916,-0.430669,0.538910,-0.586128,-0.452884,0.427463,-0.521591,0.583194,0.378500,-0.406012,0.569310,-0.606447,0.049953,0.095557,-0.073419,0.088928
0.789317,0.409214,-0.417270,0.579181,-0.568313,0.424916,-0.430669,0.538910,-0.586128,-0.452884,0.427463,-0.521591,0.583194,0.378500,-0.406012,0.569310,-0.606447,0.049953,0.095557,-0.073419,0.088928
0.853248,0.409214,-0.417270,0.579181,-0.568313,0.424916,-0.430669,0.538910,-0.586128,-0.452884,0.427463,-0.521591,0.583194,0.378500,-0.406012,0.569310,-0.606447,0.049953,0.095557,-0.073419,0.088928
0.916509,0.409214,-0.417270,0.579181,-0.568313,0.424916,-0.430669,0.538910,-0.586128,-0.452884,0.427463,-0.521591,0.583194,0.378500,-0.406012,0.569310,-0.606447,0.049953,0.095557,-0.073419,0.088928
0.980059,0.409214,-0.417270,0.579181,-0.568313,0.424916,-0.430669,0.538910,-0.586128,-0.452884,0.427463,-0.521591,0.583194,0.378500,-0.406012,0.569310,-0.606447,0.049953,0.095557,-0.073419,0.088928
1.044446,0.409214,-0.417270,0.579181,-0.568313,0.424916,-0.430669,0.538910,-0.586128,-0.452884,0.427463,-0.521591,0.583194,0.378500,-0.406012,0.569310,-0.606447,0.049953,0.095557,-0.073419,0.088928
1.108106,0.409214,-0.417270,0.579181,-0.568313,0.424916,-0.430669,0.538910,-0.586128,-0.452884,0.427463,-0.521591,0.583194,0.378500,-0.406012,0.569310,-0.606447,0.049953,0.095557,-0.073419,0.088928
1.382584,0.409214,-0.417270,0.579181,-0.568313,0.424916,-0.430669,0.538910,-0.586128,-0.452884,0.427463,-0.521591,0.583194,0.378500,-0.406012,0.569310,-0.606447,0.049953,0.095557,-0.073419,0.088928
1.646670,0.409214,-0.417270,0.579181,-0.568313,0.424916,-0.430669,0.538910,-0.586128,-0.452884,0.427463,-0.521591,0.583194,0.378500,-0.406012,0.569310,-0.606447,0.049953,0.095557,-0.073419,0.088928
1.917567,0.409214,-0.417270,0.579181,-0.568313,0.424916,-0.430669,0.538910,-0.586128,-0.452884,0.427463,-0.521591,0.583194,0.378500,-0.406012,0.569310,-0.606447,0.049953,0.095557,-0.073419,0.088928
2.216666,0.409214,-0.417270,0.579181,-0.568313,0.424916,-0.430669,0.538910,-0.586128,-0.452884,0.427463,-0.521591,0.583194,0.378500,-0.406012,0.569310,-0.606447,0.049953,0.095557,-0.073419,0.088928
2.490154,0.409214,-0.417270,0.579181,-0.568313,0.424916,-0.430669,0.538910,-0.586128,-0.453388,0.427912,-0.520184,0.583729,0.378500,-0.406012,0.569310,-0.606447,0.049953,0.097238,-0.073419,0.088928
2.752098,0.409214,-0.417270,0.579181,-0.568313,0.424916,-0.430669,0.538910,-0.586128,-0.453388,0.427912,-0.520184,0.583729,0.378500,-0.406012,0.569310,-0.606447,0.049953,0.097238,-0.073419,0.088928
3.042148,0.409214,-0.417270,0.579181,-0.568313,0.424916,-0.430669,0.538910,-0.586128,-0.453158,0.425844,-0.522088,0.583719,0.378500,-0.406012,0.569310,-0.606447,0.049953,0.093285,-0.073419,0.088928
3.309395,0.409214,-0.417270,0.579181,-0.568313,0.424916,-0.430669,0.538910,-0.586128,-0.455520,0.427869,-0.520414,0.581893,0.382563,-0.407926,0.567269,-0.604523,0.049953,0.101239,-0.063248,0.088856
3.601820,0.409214,-0.417270,0.579181,-0.568313,0.424916,-0.430669,0.538910,-0.586128,-0.472857,0.444556,-0.506943,0.567261,0.394890,-0.421568,0.556924,-0.596806,0.049953,0.163659,-0.018648,0.088721
3.870361,0.409214,-0.417270,0.579181,-0.568313,0.424916,-0.430669,0.538910,-0.586128,-0.507517,0.475950,-0.480315,0.534037,0.394890,-0.421568,0.556924,-0.596806,0.049953,0.290179,-0.018648,0.088721
4.160919,0.409214,-0.417270,0.579181,-0.568313,0.424916,-0.430669,0.538910,-0.586128,-0.537655,0.507093,-0.449169,0.502026,0.394890,-0.421568,0.556924,-0.596806,0.049953,0.414489,-0.018648,0.088721
4.436902,0.409214,-0.417270,0.579181,-0.568313,0.533846,-0.532819,0.443156,-0.484485,-0.566222,0.531228,-0.421030,0.468958,0.493025,-0.523806,0.473670,-0.508123,0.459947,0.529131,0.356158,0.493225
4.721641,0.409214,-0.417270,0.579181,-0.568313,0.535829,-0.536470,0.440930,-0.480280,-0.566222,0.531228,-0.421030,0.468958,0.519392,-0.548358,0.446374,-0.479881,0.472141,0.529131,0.462947,0.512801
4.996224,0.409214,-0.417270,0.579181,-0.568313,0.535829,-0.536470,0.440930,-0.480280,-0.566222,0.531228,-0.421030,0.468958,0.535491,-0.563226,0.427592,-0.461726,0.472141,0.529131,0.531192,0.528810
5.288089,0.409214,-0.417270,0.579181,-0.568313,0.535829,-0.536470,0.440930,-0.480280,-0.566222,0.531228,-0.421030,0.468958,0.540095,-0.569421,0.421729,-0.454095,0.472141,0.529131,0.555795,0.535303
5.555075,0.409214,-0.417270,0.579181,-0.568313,0.587500,-0.582072,0.377265,-0.416783,-0.615802,0.574614,-0.357752,0.403263,0.548379,-0.575090,0.411615,-0.446235,0.698834,0.754233,0.587883,0.688687
5.843340,0.409214,-0.417270,0.579181,-0.568313,0.590814,-0.584971,0.372644,-0.412171,-0.620809,0.580641,-0.348438,0.395022,0.552912,-0.579255,0.405777,-0.440565,0.714583,0.783421,0.608311,0.707006
6.116310,0.409214,-0.417270,0.579181,-0.568313,0.595059,-0.588670,0.366635,-0.406140,-0.622397,0.581942,-0.346204,0.392566,0.556395,-0.582434,0.401221,-0.436139,0.735000,0.791228,0.624144,0.718804
6.403670,0.409214,-0.417270,0.579181,-0.568313,0.595059,-0.588670,0.366635,-0.406140,-0.622397,0.581942,-0.346204,0.392566,0.556395,-0.582434,0.401221,-0.436139,0.735000,0.791228,0.624144,0.718804
6.677434,0.409214,-0.417270,0.579181,-0.568313,0.599298,-0.592338,0.362621,-0.398100,-0.626315,0.587003,-0.340276,0.383886,0.560473,-0.584250,0.397170,-0.432178,0.755618,0.815635,0.638188,0.733736
6.964982,0.409214,-0.417270,0.579181,-0.568313,0.599298,-0.592338,0.362621,-0.398100,-0.626963,0.585729,-0.340732,0.384370,0.560825,-0.586490,0.395310,-0.430389,0.755618,0.814086,0.644568,0.736168
7.233931,0.409214,-0.417270,0.579181,-0.568313,0.597187,-0.590512,0.364633,-0.402125,-0.623973,0.583231,-0.343970,0.390108,0.557759,-0.581758,0.400787,-0.435698,0.745312,0.799021,0.625678,0.719293
7.522113,0.409214,-0.417270,0.579181,-0.568313,0.560975,-0.558784,0.410632,-0.452160,-0.600151,0.559713,-0.378370,0.428225,0.528364,-0.556609,0.435046,-0.470907,0.578551,0.676352,0.500543,0.572232
7.794022,0.409214,-0.417270,0.579181,-0.568313,0.483721,-0.497379,0.487475,-0.530091,-0.539173,0.508366,-0.446633,0.501372,0.444980,-0.474804,0.516383,-0.556688,0.284021,0.420345,0.166999,0.377563
8.085247,0.409214,-0.417270,0.579181,-0.568313,0.437957,-0.450224,0.524862,-0.574466,-0.472106,0.458865,-0.495152,0.566907,0.403495,-0.439428,0.544746,-0.589362,0.108364,0.187691,0.027648,0.185288
8.355014,0.409214,-0.417270,0.579181,-0.568313,0.421152,-0.425275,0.545551,-0.586640,-0.453411,0.427917,-0.522283,0.581829,0.376700,-0.400389,0.571922,-0.608845,0.033941,0.097381,-0.086027,0.085088
8.645365,0.409214,-0.417270,0.579181,-0.568313,0.420615,-0.424807,0.544890,-0.587977,-0.453411,0.427917,-0.522283,0.581829,0.376237,-0.399978,0.573255,-0.608147,0.032114,0.097381,-0.087439,0.085091
8.912115,0.409214,-0.417270,0.579181,-0.568313,0.421010,-0.428995,0.543145,-0.586266,-0.455770,0.429940,-0.520604,0.579997,0.376237,-0.399978,0.573255,-0.608147,0.040122,0.105339,-0.087439,0.085091
9.217150,0.409214,-0.417270,0.579181,-0.568313,0.422958,-0.426941,0.543182,-0.586328,-0.455770,0.429940,-0.520604,0.579997,0.376237,-0.399978,0.573255,-0.608147,0.040028,0.105339,-0.087439,0.085091
9.472039,0.409214,-0.417270,0.579181,-0.568313,0.422958,-0.426941,0.543182,-0.586328,-0.455770,0.429940,-0.520604,0.579997,0.376237,-0.399978,0.573255,-0.608147,0.040028,0.105339,-0.087439,0.088903
9.760689,0.409214,-0.417270,0.579181,-0.568313,0.427632,-0.431196,0.539735,-0.582998,-0.466138,0.440659,-0.512315,0.571023,0.382391,-0.405836,0.569123,-0.604296,0.055884,0.143842,-0.067041,0.116700
10.031356,0.409214,-0.417270,0.579181,-0.568313,0.460732,-0.468975,0.510299,-0.554422,-0.494702,0.476173,-0.485171,0.541422,0.422095,-0.449320,0.536823,-0.575994,0.185281,0.264589,0.078402,0.243080
10.319717,0.409214,-0.417270,0.579181,-0.568313,0.492671,-0.503540,0.480024,-0.522781,-0.534216,0.507916,-0.449560,0.504510,0.457617,-0.486717,0.506380,-0.545228,0.313931,0.408671,0.213277,0.368810
10.608917,0.409214,-0.417270,0.579181,-0.568313,0.511367,-0.518418,0.463681,-0.504724,-0.544442,0.516549,-0.439534,0.493528,0.470591,-0.500861,0.494580,-0.532045,0.382099,0.448688,0.265603,0.415471
10.896359,0.409214,-0.417270,0.579181,-0.568313,0.512916,-0.519795,0.463145,-0.502222,-0.546458,0.518249,-0.437510,0.491311,0.472211,-0.502396,0.494088,-0.529615,0.388181,0.456681,0.271802,0.417508
11.168402,0.409214,-0.417270,0.579181,-0.568313,0.513408,-0.520247,0.461600,-0.502673,-0.546458,0.518249,-0.437510,0.491311,0.472211,-0.502396,0.494088,-0.529615,0.390109,0.456681,0.271802,0.420662
11.455163,0.409214,-0.417270,0.579181,-0.568313,0.513408,-0.520247,0.461600,-0.502673,-0.548935,0.518505,-0.435989,0.489628,0.472252,-0.504347,0.492038,-0.529633,0.390109,0.462727,0.275736,0.422850
11.728119,0.409214,-0.417270,0.579181,-0.568313,0.515434,-0.520151,0.461598,-0.500697,-0.548935,0.518505,-0.435989,0.489628,0.474323,-0.504375,0.492089,-0.527705,0.394152,0.462727,0.279813,0.424700
12.042226,0.409214,-0.417270,0.579181,-0.568313,0.514948,-0.521615,0.461062,-0.500168,-0.548935,0.518505,-0.435989,0.489628,0.474323,-0.504375,0.492089,-0.527705,0.396181,0.462727,0.279813,0.423178
12.296000,0.409214,-0.417270,0.579181,-0.568313,0.500022,-0.510146,0.472925,-0.515821,-0.543907,0.516085,-0.439005,0.495072,0.465881,-0.498375,0.497999,-0.535326,0.341969,0.446518,0.251703,0.407854
12.575832,0.409214,-0.417270,0.579181,-0.568313,0.433664,-0.457842,0.518185,-0.577755,-0.474682,0.475948,-0.480407,0.563346,0.407882,-0.447460,0.538799,-0.585754,0.114126,0.224115,0.049694,0.195748
12.850135,0.409214,-0.417270,0.579181,-0.568313,0.418668,-0.426860,0.544853,-0.587914,-0.455686,0.433608,-0.516090,0.581365,0.376237,-0.399978,0.573255,-0.608147,0.032207,0.111420,-0.087439,0.087334
13.153359,0.409214,-0.417270,0.579181,-0.568313,0.418668,-0.426860,0.544853,-0.587914,-0.453639,0.429985,-0.520377,0.581836,0.376237,-0.399978,0.573255,-0.608147,0.032207,0.101344,-0.087439,0.088903
13.416284,0.409214,-0.417270,0.579181,-0.568313,0.418668,-0.426860,0.544853,-0.587914,-0.453639,0.429985,-0.520377,0.581836,0.376237,-0.399978,0.573255,-0.608147,0.032207,0.101344,-0.087439,0.088903
13.707524,0.409214,-0.417270,0.579181,-0.568313,0.419135,-0.427288,0.543476,-0.588544,-0.453639,0.429985,-0.520377,0.581836,0.378615,-0.402238,0.571667,-0.606673,0.033733,0.101344,-0.079580,0.088846
13.969216,0.409214,-0.417270,0.579181,-0.568313,0.419135,-0.427288,0.543476,-0.588544,-0.453360,0.431597,-0.519876,0.581307,0.378615,-0.402238,0.571667,-0.606673,0.033733,0.103617,-0.079580,0.088846
14.277328,0.409214,-0.417270,0.579181,-0.568313,0.419135,-0.427288,0.543476,-0.588544,-0.453639,0.429985,-0.520377,0.581836,0.378615,-0.402238,0.571667,-0.606673,0.033733,0.101344,-0.079580,0.088846
14.572270,0.409214,-0.417270,0.579181,-0.568313,0.420311,-0.426454,0.544378,-0.587477,-0.455541,0.427873,-0.522511,0.579990,0.378615,-0.402238,0.571667,-0.606673,0.034434,0.101372,-0.079580,0.088846
14.836411,0.409214,-0.417270,0.579181,-0.568313,0.420615,-0.424807,0.544890,-0.587977,-0.455541,0.427873,-0.522511,0.579990,0.378615,-0.402238,0.571667,-0.606673,0.032114,0.101372,-0.079580,0.088846
15.147703,0.409214,-0.417270,0.579181,-0.568313,0.422650,-0.428585,0.542668,-0.585827,-0.455770,0.429940,-0.520604,0.579997,0.382391,-0.405836,0.569123,-0.604296,0.042343,0.105339,-0.067041,0.105231
15.392739,0.409214,-0.417270,0.579181,-0.568313,0.452756,-0.469413,0.510458,-0.560443,-0.484347,0.465553,-0.489162,0.556227,0.420465,-0.449729,0.537274,-0.576446,0.170983,0.223971,0.076244,0.196131
15.679416,0.409214,-0.417270,0.579181,-0.568313,0.465290,-0.482648,0.502074,-0.546331,-0.504182,0.486113,-0.478379,0.529762,0.449917,-0.479485,0.513150,-0.551676,0.219784,0.302768,0.185052,0.269258
15.954815,0.409214,-0.417270,0.579181,-0.568313,0.465290,-0.482648,0.502074,-0.546331,-0.504182,0.486113,-0.478379,0.529762,0.462039,-0.492837,0.502479,-0.539580,0.219784,0.302768,0.233541,0.271932
16.243878,0.409214,-0.417270,0.579181,-0.568313,0.515441,-0.522066,0.459513,-0.500615,-0.549514,0.520862,-0.434417,0.487871,0.474361,-0.506322,0.490034,-0.527718,0.398117,0.468943,0.283748,0.434604
16.518869,0.409214,-0.417270,0.579181,-0.568313,0.515441,-0.522066,0.459513,-0.500615,-0.549514,0.520862,-0.434417,0.487871,0.473861,-0.505869,0.491541,-0.527200,0.398117,0.468943,0.281918,0.432719
16.805337,0.409214,-0.417270,0.579181,-0.568313,0.515441,-0.522066,0.459513,-0.500615,-0.550421,0.519731,-0.435536,0.487058,0.474323,-0.504375,0.492089,-0.527705,0.398117,0.468631,0.279813,0.432431
17.072606,0.409214,-0.417270,0.579181,-0.568313,0.518379,-0.524599,0.465973,-0.488824,-0.550421,0.519731,-0.435536,0.487058,0.474323,-0.504375,0.492089,-0.527705,0.409821,0.468631,0.279813,0.431016
17.367004,0.409214,-0.417270,0.579181,-0.568313,0.483655,-0.497339,0.485438,-0.532054,-0.512910,0.495425,-0.464511,0.525077,0.474323,-0.504375,0.492089,-0.527705,0.283729,0.338632,0.279813,0.317597
17.633001,0.409214,-0.417270,0.579181,-0.568313,0.435707,-0.455858,0.520292,-0.575890,-0.466639,0.450411,-0.504051,0.570360,0.395237,-0.425799,0.555168,-0.595208,0.114330,0.161989,-0.010656,0.154975
17.931721,0.409214,-0.417270,0.579181,-0.568313,0.420473,-0.428524,0.542487,-0.587602,-0.457769,0.437230,-0.515992,0.577087,0.376414,-0.402074,0.571414,-0.608387,0.038283,0.121797,-0.083654,0.088894
18.196755,0.409214,-0.417270,0.579181,-0.568313,0.418668,-0.426860,0.544853,-0.587914,-0.453660,0.429989,-0.522474,0.579934,0.374036,-0.399811,0.572997,-0.609854,0.032207,0.101480,-0.091508,0.088954
18.485902,0.409214,-0.417270,0.579181,-0.568313,0.418971,-0.425213,0.545366,-0.588415,-0.453660,0.429989,-0.522474,0.579934,0.374318,-0.398124,0.573503,-0.610310,0.029879,0.101480,-0.093885,0.091108
18.754847,0.409214,-0.417270,0.579181,-0.568313,0.418971,-0.425213,0.545366,-0.588415,-0.455541,0.427873,-0.522511,0.579990,0.374318,-0.398124,0.573503,-0.610310,0.029879,0.101372,-0.093885,0.088664
19.050147,0.409214,-0.417270,0.579181,-0.568313,0.420615,-0.424807,0.544890,-0.587977,-0.455541,0.427873,-0.522511,0.579990,0.374817,-0.398619,0.574194,-0.609029,0.032114,0.101372,-0.092139,0.088643
19.318878,0.409214,-0.417270,0.579181,-0.568313,0.420615,-0.424807,0.544890,-0.587977,-0.455541,0.427873,-0.522511,0.579990,0.374817,-0.398619,0.574194,-0.609029,0.032114,0.101372,-0.092139,0.088643
19.606985,0.409214,-0.417270,0.579181,-0.568313,0.424985,-0.430712,0.540949,-0.584165,-0.455770,0.429940,-0.520604,0.579997,0.380698,-0.406175,0.569558,-0.604727,0.050262,0.105339,-0.069343,0.098741
19.875673,0.409214,-0.417270,0.579181,-0.568313,0.448203,-0.457621,0.518552,-0.566393,-0.471284,0.445084,-0.507410,0.567737,0.388670,-0.413733,0.563067,-0.600597,0.140745,0.161552,-0.042847,0.177910
20.174010,0.409214,-0.417270,0.579181,-0.568313,0.456556,-0.478589,0.503646,-0.555742,-0.491534,0.482815,-0.479465,0.543504,0.401416,-0.427786,0.553244,-0.591426,0.195353,0.270721,0.003595,0.187610
20.433047,0.409214,-0.417270,0.579181,-0.568313,0.497898,-0.506328,0.477011,-0.517871,-0.537817,0.510932,-0.447130,0.499776,0.455552,-0.486741,0.508313,-0.545136,0.330015,0.422643,0.209516,0.384810
20.727523,0.409214,-0.417270,0.579181,-0.568313,0.508825,-0.516129,0.467291,-0.506308,-0.544386,0.514645,-0.441617,0.493719,0.467964,-0.498414,0.498062,-0.533411,0.372176,0.444660,0.255782,0.414226
20.998419,0.409214,-0.417270,0.579181,-0.568313,0.512843,-0.517842,0.463192,-0.504267,-0.548419,0.518045,-0.437569,0.489285,0.470136,-0.502364,0.494033,-0.531539,0.383961,0.460645,0.267724,0.421792
21.282049,0.409214,-0.417270,0.579181,-0.568313,0.513398,-0.518327,0.463682,-0.502751,-0.548419,0.518045,-0.437569,0.489285,0.470136,-0.502364,0.494033,-0.531539,0.386144,0.460645,0.267724,0.421792
21.554253,0.409214,-0.417270,0.579181,-0.568313,0.513408,-0.520247,0.461600,-0.502673,-0.550893,0.518297,-0.436045,0.487596,0.472211,-0.502396,0.494088,-0.529615,0.390109,0.466696,0.271802,0.428324
21.841673,0.409214,-0.417270,0.579181,-0.568313,0.513408,-0.520247,0.461600,-0.502673,-0.550893,0.518297,-0.436045,0.487596,0.472211,-0.502396,0.494088,-0.529615,0.390109,0.466696,0.271802,0.426705
22.118664,0.409214,-0.417270,0.579181,-0.568313,0.494781,-0.505439,0.478007,-0.520799,-0.537211,0.508551,-0.448657,0.501485,0.455552,-0.486741,0.508313,-0.545136,0.321946,0.416477,0.209516,0.332954
22.411665,0.409214,-0.417270,0.579181,-0.568313,0.446117,-0.465302,0.514045,-0.565890,-0.482422,0.473197,-0.484617,0.555427,0.401235,-0.431488,0.550818,-0.591124,0.150944,0.234332,0.009738,0.222722
22.671723,0.409214,-0.417270,0.579181,-0.568313,0.429169,-0.434520,0.538869,-0.580195,-0.464555,0.441178,-0.512781,0.571495,0.386820,-0.411998,0.565371,-0.600819,0.064557,0.141723,-0.048933,0.127235
22.976631,0.409214,-0.417270,0.579181,-0.568313,0.421152,-0.425275,0.545551,-0.586640,-0.455541,0.427873,-0.522511,0.579990,0.376237,-0.399978,0.573255,-0.608147,0.033941,0.101372,-0.087439,0.086936
23.234858,0.409214,-0.417270,0.579181,-0.568313,0.421152,-0.425275,0.545551,-0.586640,-0.455541,0.427873,-0.522511,0.579990,0.376736,-0.400473,0.573943,-0.606861,0.033941,0.101372,-0.085690,0.086917
23.528392,0.409214,-0.417270,0.579181,-0.568313,0.421152,-0.425275,0.545551,-0.586640,-0.455541,0.427873,-0.522511,0.579990,0.378150,-0.401825,0.573001,-0.605978,0.033941,0.101372,-0.081002,0.086883
23.793877,0.409214,-0.417270,0.579181,-0.568313,0.421152,-0.425275,0.545551,-0.586640,-0.455541,0.427873,-0.522511,0.579990,0.378150,-0.401825,0.573001,-0.605978,0.033941,0.101372,-0.081002,0.086883
24.087010,0.409214,-0.417270,0.579181,-0.568313,0.421152,-0.425275,0.545551,-0.586640,-0.455263,0.429489,-0.522010,0.579465,0.378150,-0.401825,0.573001,-0.605978,0.033941,0.103639,-0.081002,0.086883
24.361132,0.409214,-0.417270,0.579181,-0.568313,0.424985,-0.430712,0.540949,-0.584165,-0.462304,0.435524,-0.516928,0.573915,0.384758,-0.408084,0.567509,-0.602795,0.050262,0.127523,-0.059168,0.110983
24.643821,0.409214,-0.417270,0.579181,-0.568313,0.452207,-0.468920,0.509863,-0.561838,-0.487458,0.477508,-0.483685,0.548105,0.413606,-0.443234,0.542585,-0.581442,0.168984,0.252524,0.052374,0.235747
24.915436,0.409214,-0.417270,0.579181,-0.568313,0.483661,-0.495411,0.489507,-0.530116,-0.514851,0.493331,-0.468767,0.521354,0.447222,-0.476966,0.516512,-0.552912,0.280068,0.338691,0.175332,0.340877
25.215823,0.409214,-0.417270,0.579181,-0.568313,0.500543,-0.508695,0.475495,-0.514384,-0.533698,0.507451,-0.451114,0.504139,0.461443,-0.490331,0.503973,-0.540979,0.340153,0.406642,0.227525,0.373078
25.481488,0.409214,-0.417270,0.579181,-0.568313,0.510875,-0.517966,0.465221,-0.504269,-0.544386,0.514645,-0.441617,0.493719,0.468464,-0.498867,0.496567,-0.533942,0.380179,0.444660,0.257585,0.408132
25.762502,0.409214,-0.417270,0.579181,-0.568313,0.514948,-0.521615,0.461062,-0.500168,-0.550953,0.520190,-0.436055,0.485499,0.476357,-0.504317,0.490121,-0.527759,0.396181,0.470813,0.283579,0.429595
26.036590,0.409214,-0.417270,0.579181,-0.568313,0.512916,-0.519795,0.463145,-0.502222,-0.548419,0.518045,-0.437569,0.489285,0.472712,-0.502848,0.492585,-0.530139,0.388181,0.460645,0.273622,0.422349
26.320262,0.409214,-0.417270,0.579181,-0.568313,0.485911,-0.501266,0.483450,-0.528108,-0.529683,0.507789,-0.448839,0.510028,0.444533,-0.476269,0.513821,-0.558164,0.295980,0.398576,0.168843,0.313697
26.597424,0.409214,-0.417270,0.579181,-0.568313,0.441928,-0.467253,0.511809,-0.569584,-0.478924,0.475832,-0.482895,0.557699,0.405668,-0.439566,0.544938,-0.587586,0.146692,0.232349,0.031751,0.228995
26.888784,0.409214,-0.417270,0.579181,-0.568313,0.427152,-0.436531,0.536793,-0.582095,-0.462944,0.441690,-0.511144,0.573868,0.388833,-0.415814,0.561195,-0.600806,0.064361,0.139460,-0.039045,0.130883
27.151283,0.409214,-0.417270,0.579181,-0.568313,0.419135,-0.427288,0.543476,-0.588544,-0.451805,0.428415,-0.522745,0.582298,0.374036,-0.399811,0.572997,-0.609854,0.033733,0.095215,-0.091508,0.084934
27.448245,0.409214,-0.417270,0.579181,-0.568313,0.416788,-0.425148,0.545178,-0.590185,-0.451529,0.430031,-0.522244,0.581770,0.372152,-0.398040,0.575261,-0.610034,0.025817,0.097495,-0.097611,0.084975
27.713183,0.409214,-0.417270,0.579181,-0.568313,0.419135,-0.427288,0.543476,-0.588544,-0.451805,0.428415,-0.522745,0.582298,0.374036,-0.399811,0.572997,-0.609854,0.033733,0.095215,-0.091508,0.095210
28.005505,0.409214,-0.417270,0.579181,-0.568313,0.440246,-0.452307,0.523061,-0.572721,-0.470858,0.450288,-0.504450,0.566625,0.399752,-0.428159,0.553688,-0.591869,0.116329,0.169981,0.001362,0.152941
28.282879,0.409214,-0.417270,0.579181,-0.568313,0.479977,-0.493994,0.491968,-0.532504,-0.512685,0.491507,-0.468589,0.525357,0.430402,-0.461059,0.528523,-0.568192,0.270095,0.330565,0.114779,0.293283
28.576133,0.409214,-0.417270,0.579181,-0.568313,0.500576,-0.510636,0.473435,-0.514329,-0.539863,0.512659,-0.445128,0.497584,0.458319,-0.491294,0.504891,-0.541904,0.344115,0.430639,0.223535,0.392399
28.836501,0.409214,-0.417270,0.579181,-0.568313,0.508842,-0.518053,0.465216,-0.506236,-0.544442,0.516549,-0.439534,0.493528,0.465881,-0.498375,0.497999,-0.535326,0.376140,0.448688,0.251703,0.410951
29.122918,0.409214,-0.417270,0.579181,-0.568313,0.510887,-0.519886,0.463144,-0.504193,-0.545027,0.518913,-0.437974,0.491785,0.468012,-0.500373,0.496020,-0.533437,0.384144,0.454894,0.259713,0.418014
29.393596,0.409214,-0.417270,0.579181,-0.568313,0.510887,-0.519886,0.463144,-0.504193,-0.546458,0.518249,-0.437510,0.491311,0.468547,-0.500909,0.496540,-0.531980,0.384144,0.456681,0.261838,0.419700
29.680462,0.409214,-0.417270,0.579181,-0.568313,0.513408,-0.520247,0.461600,-0.502673,-0.546992,0.518711,-0.438035,0.489759,0.468547,-0.500909,0.496540,-0.531980,0.390109,0.458857,0.261838,0.421141
29.954105,0.409214,-0.417270,0.579181,-0.568313,0.513408,-0.520247,0.461600,-0.502673,-0.548935,0.518505,-0.435989,0.489628,0.469636,-0.501911,0.495532,-0.531013,0.390109,0.462727,0.265911,0.426341
30.247729,0.409214,-0.417270,0.579181,-0.568313,0.502701,-0.516364,0.467253,-0.512185,-0.529784,0.509719,-0.448878,0.507961,0.461599,-0.494356,0.501932,-0.539076,0.360052,0.402736,0.235689,0.382312
30.519268,0.409214,-0.417270,0.579181,-0.568313,0.442229,-0.473291,0.505862,-0.569678,-0.476768,0.481405,-0.478190,0.558817,0.397204,-0.435410,0.548617,-0.593015,0.158393,0.238589,0.009578,0.177415
30.802813,0.409214,-0.417270,0.579181,-0.568313,0.429221,-0.442277,0.530563,-0.581948,-0.462714,0.448942,-0.504142,0.574619,0.386986,-0.414083,0.563504,-0.601033,0.078139,0.151744,-0.045126,0.139383
31.084693,0.409214,-0.417270,0.579181,-0.568313,0.416575,-0.428820,0.540731,-0.591767,-0.451667,0.435757,-0.515817,0.583134,0.378500,-0.406012,0.569310,-0.606447,0.031669,0.107550,-0.073419,0.105400
31.364362,0.409214,-0.417270,0.579181,-0.568313,0.415065,-0.425506,0.543608,-0.592584,-0.449369,0.430062,-0.519910,0.585498,0.370225,-0.396179,0.575500,-0.612189,0.023260,0.093354,-0.104064,0.081306
31.633847,0.409214,-0.417270,0.579181,-0.568313,0.415065,-0.425506,0.543608,-0.592584,-0.449369,0.430062,-0.519910,0.585498,0.370721,-0.396673,0.576196,-0.610913,0.023260,0.093354,-0.102327,0.081285
31.922199,0.409214,-0.417270,0.579181,-0.568313,0.414603,-0.425080,0.544985,-0.591949,-0.449369,0.430062,-0.519910,0.585498,0.372152,-0.398040,0.575261,-0.610034,0.021755,0.093354,-0.097611,0.081247
32.200322,0.409214,-0.417270,0.579181,-0.568313,0.429402,-0.438600,0.533004,-0.582367,-0.458032,0.435621,-0.514394,0.579517,0.386986,-0.414083,0.563504,-0.601033,0.071977,0.119384,-0.045126,0.111335
32.489148,0.409214,-0.417270,0.579181,-0.568313,0.465373,-0.484643,0.500067,-0.546335,-0.485304,0.483094,-0.478988,0.549245,0.410315,-0.444025,0.543477,-0.582337,0.223727,0.258776,0.048017,0.243747
32.758783,0.409214,-0.417270,0.579181,-0.568313,0.492158,-0.505000,0.477449,-0.524212,-0.527782,0.509885,-0.448788,0.509954,0.451726,-0.483174,0.512711,-0.547370,0.315757,0.398765,0.195573,0.362584
33.045761,0.409214,-0.417270,0.579181,-0.568313,0.506723,-0.516174,0.465247,-0.510237,-0.540548,0.518836,-0.437312,0.497368,0.463744,-0.496369,0.499970,-0.537206,0.367862,0.444788,0.243695,0.410206
33.316320,0.409214,-0.417270,0.579181,-0.568313,0.510823,-0.519849,0.461108,-0.506158,-0.544582,0.522234,-0.433267,0.492932,0.468547,-0.500909,0.496540,-0.531980,0.383873,0.460779,0.261838,0.422885
33.585725,0.409214,-0.417270,0.579181,-0.568313,0.511378,-0.520338,0.461599,-0.504646,-0.544540,0.520343,-0.435359,0.493135,0.468547,-0.500909,0.496540,-0.531980,0.386064,0.456748,0.261838,0.421451
33.856785,0.409214,-0.417270,0.579181,-0.568313,0.504680,-0.516250,0.465232,-0.512194,-0.510006,0.498498,-0.459144,0.529697,0.463744,-0.496369,0.499970,-0.537206,0.363813,0.338524,0.243695,0.351516
34.132876,0.409214,-0.417270,0.579181,-0.568313,0.433463,-0.455754,0.518087,-0.579641,-0.474969,0.479926,-0.476393,0.563138,0.399339,-0.435464,0.546794,-0.593225,0.109871,0.232122,0.013290,0.217849
34.423809,0.409214,-0.417270,0.579181,-0.568313,0.425054,-0.438487,0.532664,-0.585942,-0.458867,0.443826,-0.506664,0.579440,0.380367,-0.407764,0.567025,-0.606245,0.063816,0.135241,-0.067328,0.121721
34.690493,0.409214,-0.417270,0.579181,-0.568313,0.412341,-0.424960,0.542743,-0.595662,-0.447726,0.430547,-0.518259,0.587859,0.368512,-0.396501,0.575927,-0.612612,0.017351,0.091019,-0.106397,0.079177
34.983811,0.409214,-0.417270,0.579181,-0.568313,0.412178,-0.422886,0.544630,-0.595529,-0.446975,0.428020,-0.519472,0.589204,0.367837,-0.393905,0.577057,-0.613629,0.013523,0.085233,-0.111901,0.073515
35.249416,0.409214,-0.417270,0.579181,-0.568313,0.414530,-0.425033,0.542942,-0.593907,-0.449340,0.430052,-0.517805,0.587390,0.369948,-0.397869,0.574996,-0.611734,0.021425,0.093182,-0.101676,0.081297
35.543198,0.409214,-0.417270,0.579181,-0.568313,0.416552,-0.423028,0.545024,-0.592014,-0.451253,0.427951,-0.519951,0.585559,0.370721,-0.396673,0.576196,-0.610913,0.021659,0.093237,-0.102327,0.085015
35.815215,0.409214,-0.417270,0.579181,-0.568313,0.416552,-0.423028,0.545024,-0.592014,-0.452858,0.427455,-0.519492,0.585089,0.370721,-0.396673,0.576196,-0.610913,0.021659,0.095406,-0.102327,0.085015
36.097766,0.409214,-0.417270,0.579181,-0.568313,0.416416,-0.426750,0.542625,-0.591642,-0.451478,0.430016,-0.518042,0.585565,0.372330,-0.400138,0.573426,-0.610280,0.027829,0.097187,-0.093829,0.089077
36.369868,0.409214,-0.417270,0.579181,-0.568313,0.448187,-0.465282,0.512126,-0.566011,-0.479996,0.463702,-0.490793,0.560095,0.397420,-0.425945,0.555379,-0.593450,0.154679,0.211962,-0.006563,0.185744
36.658100,0.409214,-0.417270,0.579181,-0.568313,0.476208,-0.492523,0.492381,-0.536849,-0.519102,0.496954,-0.462801,0.519023,0.436241,-0.468529,0.523895,-0.561879,0.259820,0.354610,0.139291,0.329161
36.929784,0.409214,-0.417270,0.579181,-0.568313,0.501094,-0.513026,0.469842,-0.514740,-0.537863,0.512842,-0.442953,0.501487,0.438994,-0.471159,0.522612,-0.558722,0.349958,0.426562,0.149286,0.385894
37.224972,0.409214,-0.417270,0.579181,-0.568313,0.505236,-0.516742,0.465732,-0.510693,-0.540954,0.515494,-0.439910,0.498110,0.461599,-0.494356,0.501932,-0.539076,0.365990,0.438775,0.235689,0.409487
37.494419,0.409214,-0.417270,0.579181,-0.568313,0.508855,-0.519973,0.463138,-0.506160,-0.545006,0.518910,-0.435868,0.493680,0.468012,-0.500373,0.496020,-0.533437,0.380106,0.454786,0.259713,0.418014
37.779912,0.409214,-0.417270,0.579181,-0.568313,0.506738,-0.518096,0.463170,-0.510163,-0.545006,0.518910,-0.435868,0.493680,0.468012,-0.500373,0.496020,-0.533437,0.371821,0.454786,0.259713,0.418014
38.049153,0.409214,-0.417270,0.579181,-0.568313,0.504680,-0.516250,0.465232,-0.512194,-0.545006,0.518910,-0.435868,0.493680,0.463744,-0.496369,0.499970,-0.537206,0.363813,0.454786,0.243695,0.416481
38.342285,0.409214,-0.417270,0.579181,-0.568313,0.465529,-0.488621,0.496041,-0.546329,-0.462714,0.448942,-0.504142,0.574619,0.419699,-0.452838,0.534183,-0.577442,0.231615,0.151744,0.080421,0.137768
38.609445,0.409214,-0.417270,0.579181,-0.568313,0.412711,-0.423358,0.545299,-0.594211,-0.451505,0.430025,-0.520145,0.583670,0.368788,-0.394806,0.576432,-0.613066,0.015348,0.097349,-0.108792,0.077225
38.897170,0.409214,-0.417270,0.579181,-0.568313,0.412545,-0.421279,0.547182,-0.594073,-0.449414,0.426377,-0.522314,0.586018,0.368331,-0.394397,0.577756,-0.612357,0.011510,0.087113,-0.110176,0.077230
39.173900,0.409214,-0.417270,0.579181,-0.568313,0.414198,-0.420882,0.546711,-0.593637,-0.451552,0.426339,-0.522550,0.584189,0.368331,-0.394397,0.577756,-0.612357,0.013759,0.091111,-0.110176,0.077230
39.459988,0.409214,-0.417270,0.579181,-0.568313,0.414198,-0.420882,0.546711,-0.593637,-0.451552,0.426339,-0.522550,0.584189,0.370043,-0.394077,0.577328,-0.611934,0.013759,0.091111,-0.107838,0.078765
39.735776,0.409214,-0.417270,0.579181,-0.568313,0.414733,-0.421350,0.547380,-0.592314,-0.451047,0.425890,-0.523952,0.583651,0.370043,-0.394077,0.577328,-0.611934,0.015573,0.089431,-0.107838,0.078765
40.024868,0.409214,-0.417270,0.579181,-0.568313,0.414733,-0.421350,0.547380,-0.592314,-0.451047,0.425890,-0.523952,0.583651,0.370225,-0.396179,0.575500,-0.612189,0.015573,0.089431,-0.104064,0.085037
40.289196,0.409214,-0.417270,0.579181,-0.568313,0.435862,-0.444476,0.529110,-0.576635,-0.462498,0.437577,-0.512904,0.575805,0.395402,-0.422078,0.557580,-0.595493,0.094245,0.131360,-0.016808,0.114927
40.581712,0.409214,-0.417270,0.579181,-0.568313,0.472270,-0.487060,0.496823,-0.541203,-0.503476,0.483662,-0.475601,0.535150,0.420625,-0.451855,0.537349,-0.574594,0.241611,0.296471,0.080462,0.266999
40.850402,0.409214,-0.417270,0.579181,-0.568313,0.494821,-0.507388,0.475951,-0.520749,-0.533752,0.509370,-0.446942,0.505858,0.453484,-0.486762,0.510242,-0.545040,0.325907,0.410560,0.205756,0.376508
41.137724,0.409214,-0.417270,0.579181,-0.568313,0.506723,-0.516174,0.465247,-0.510237,-0.542471,0.516745,-0.439468,0.495547,0.464277,-0.496904,0.500497,-0.535757,0.367862,0.444722,0.245805,0.410349
41.412965,0.409214,-0.417270,0.579181,-0.568313,0.507279,-0.516664,0.465745,-0.508732,-0.543907,0.516085,-0.439005,0.495072,0.465829,-0.496412,0.500037,-0.535295,0.370039,0.446518,0.247775,0.412008
41.706723,0.409214,-0.417270,0.579181,-0.568313,0.508763,-0.516093,0.465257,-0.508275,-0.544442,0.516549,-0.439534,0.493528,0.466415,-0.498910,0.498523,-0.533873,0.371911,0.448688,0.253821,0.414093
41.976163,0.409214,-0.417270,0.579181,-0.568313,0.510812,-0.517931,0.463188,-0.506236,-0.546458,0.518249,-0.437510,0.491311,0.467964,-0.498414,0.498062,-0.533411,0.379915,0.456681,0.255782,0.420485
42.258575,0.409214,-0.417270,0.579181,-0.568313,0.506723,-0.516174,0.465247,-0.510237,-0.539926,0.514568,-0.443051,0.497398,0.464277,-0.496904,0.500497,-0.535757,0.367862,0.434670,0.245805,0.410349
42.534826,0.409214,-0.417270,0.579181,-0.568313,0.454590,-0.480622,0.503586,-0.555654,-0.483080,0.481194,-0.480832,0.551259,0.420222,-0.453366,0.534790,-0.576084,0.195553,0.250765,0.082378,0.246122
42.819727,0.409214,-0.417270,0.579181,-0.568313,0.422877,-0.438425,0.532487,-0.587721,-0.462786,0.454580,-0.499730,0.573982,0.382434,-0.411682,0.564897,-0.604279,0.059734,0.161944,-0.057094,0.123264
43.094183,0.409214,-0.417270,0.579181,-0.568313,0.410645,-0.419548,0.547488,-0.596327,-0.447004,0.428031,-0.521576,0.587312,0.364489,-0.390734,0.580232,-0.614660,0.005098,0.085406,-0.122759,0.085208
43.380324,0.409214,-0.417270,0.579181,-0.568313,0.410185,-0.419125,0.548856,-0.595684,-0.447274,0.426412,-0.522073,0.587842,0.364489,-0.390734,0.580232,-0.614660,0.003614,0.083115,-0.122759,0.078910
43.658409,0.409214,-0.417270,0.579181,-0.568313,0.410645,-0.419548,0.547488,-0.596327,-0.447274,0.426412,-0.522073,0.587842,0.364489,-0.390734,0.580232,-0.614660,0.005098,0.083115,-0.122759,0.081379
43.939048,0.409214,-0.417270,0.579181,-0.568313,0.410645,-0.419548,0.547488,-0.596327,-0.447800,0.426870,-0.522772,0.586486,0.365939,-0.392119,0.579304,-0.613790,0.005098,0.084938,-0.118011,0.081333
44.214429,0.409214,-0.417270,0.579181,-0.568313,0.410645,-0.419548,0.547488,-0.596327,-0.449414,0.426377,-0.522314,0.586018,0.365939,-0.392119,0.579304,-0.613790,0.005098,0.087113,-0.118011,0.081333
44.499783,0.409214,-0.417270,0.579181,-0.568313,0.410645,-0.419548,0.547488,-0.596327,-0.448912,0.425928,-0.523716,0.585478,0.365939,-0.392119,0.579304,-0.613790,0.005098,0.085443,-0.118011,0.081333
44.778732,0.409214,-0.417270,0.579181,-0.568313,0.425072,-0.432734,0.537006,-0.586242,-0.453639,0.429985,-0.520377,0.581836,0.365939,-0.392119,0.579304,-0.613790,0.053802,0.101344,-0.118011,0.107858
45.069836,0.409214,-0.417270,0.579181,-0.568313,0.454335,-0.476573,0.505532,-0.557580,-0.501579,0.485760,-0.475550,0.535077,0.412777,-0.448337,0.541804,-0.578841,0.187365,0.296646,0.060205,0.290308
45.331945,0.409214,-0.417270,0.579181,-0.568313,0.500022,-0.510146,0.472925,-0.515821,-0.538399,0.513310,-0.443491,0.499955,0.412777,-0.448337,0.541804,-0.578841,0.341969,0.428719,0.060205,0.395265
45.632779,0.409214,-0.417270,0.579181,-0.568313,0.506805,-0.518136,0.465207,-0.508199,-0.543958,0.517983,-0.436921,0.494877,0.464277,-0.496904,0.500497,-0.535757,0.372101,0.450541,0.245805,0.421233
45.890644,0.409214,-0.417270,0.579181,-0.568313,0.507279,-0.516664,0.465745,-0.508732,-0.544493,0.518448,-0.437448,0.493333,0.464277,-0.496904,0.500497,-0.535757,0.370039,0.452717,0.245805,0.421233
46.179708,0.409214,-0.417270,0.579181,-0.568313,0.495910,-0.510270,0.472870,-0.519703,-0.539904,0.514564,-0.440948,0.499291,0.464277,-0.496904,0.500497,-0.535757,0.333876,0.434558,0.245805,0.410349
46.458482,0.409214,-0.417270,0.579181,-0.568313,0.449894,-0.474477,0.505246,-0.563199,-0.465252,0.469695,-0.484968,0.572480,0.400850,-0.438854,0.545942,-0.590487,0.174961,0.194086,0.022031,0.195488
46.747753,0.409214,-0.417270,0.579181,-0.568313,0.408162,-0.421128,0.546773,-0.597574,-0.442755,0.424401,-0.523480,0.591457,0.364182,-0.392349,0.577706,-0.616189,0.003381,0.071174,-0.120706,0.073084
47.013251,0.409214,-0.417270,0.579181,-0.568313,0.408693,-0.421599,0.547447,-0.596260,-0.444900,0.424372,-0.523728,0.589644,0.362089,-0.388447,0.581764,-0.616076,0.005197,0.075169,-0.130590,0.071501
47.309685,0.409214,-0.417270,0.579181,-0.568313,0.410645,-0.419548,0.547488,-0.596327,-0.445165,0.422746,-0.524224,0.590172,0.362089,-0.388447,0.581764,-0.616076,0.005098,0.072873,-0.130590,0.073674
47.570882,0.409214,-0.417270,0.579181,-0.568313,0.410185,-0.419125,0.548856,-0.595684,-0.447309,0.422714,-0.524469,0.588353,0.362089,-0.388447,0.581764,-0.616076,0.003614,0.076873,-0.130590,0.073674
47.871479,0.409214,-0.417270,0.579181,-0.568313,0.410185,-0.419125,0.548856,-0.595684,-0.446807,0.422267,-0.525867,0.587807,0.362089,-0.388447,0.581764,-0.616076,0.003614,0.075214,-0.130590,0.073674
48.132954,0.409214,-0.417270,0.579181,-0.568313,0.412545,-0.421279,0.547182,-0.594073,-0.449414,0.426377,-0.522314,0.586018,0.363730,-0.391943,0.579025,-0.615476,0.011510,0.087113,-0.122069,0.083057
48.429532,0.409214,-0.417270,0.579181,-0.568313,0.439354,-0.453420,0.521916,-0.573569,-0.469373,0.447191,-0.505265,0.569575,0.396774,-0.429225,0.554332,-0.592497,0.116663,0.161526,-0.001908,0.194252
48.696073,0.409214,-0.417270,0.579181,-0.568313,0.473823,-0.486551,0.496336,-0.540749,-0.503630,0.485642,-0.475684,0.533136,0.417986,-0.451297,0.538599,-0.575786,0.243617,0.300624,0.074770,0.285178
48.982257,0.409214,-0.417270,0.579181,-0.568313,0.496329,-0.506839,0.475465,-0.520293,-0.529091,0.505399,-0.452456,0.509821,0.445755,-0.479505,0.516986,-0.551455,0.327822,0.392543,0.177525,0.371430
49.259331,0.409214,-0.417270,0.579181,-0.568313,0.498424,-0.508723,0.473436,-0.518298,-0.534289,0.509839,-0.447488,0.504334,0.451378,-0.486698,0.510151,-0.546926,0.335831,0.412704,0.201675,0.387733
49.540795,0.409214,-0.417270,0.579181,-0.568313,0.500605,-0.512573,0.471372,-0.514269,-0.538399,0.513310,-0.443491,0.499955,0.451378,-0.486698,0.510151,-0.546926,0.348079,0.428719,0.201675,0.400485
49.817463,0.409214,-0.417270,0.579181,-0.568313,0.502590,-0.512465,0.469356,-0.514284,-0.538399,0.513310,-0.443491,0.499955,0.457323,-0.490387,0.507844,-0.540805,0.351848,0.428719,0.220001,0.401749
50.109973,0.409214,-0.417270,0.579181,-0.568313,0.502101,-0.512014,0.470885,-0.513814,-0.539844,0.512657,-0.443027,0.499478,0.457323,-0.490387,0.507844,-0.540805,0.349968,0.430534,0.220001,0.401749
50.372700,0.409214,-0.417270,0.579181,-0.568313,0.502655,-0.512503,0.471391,-0.512317,-0.539844,0.512657,-0.443027,0.499478,0.457323,-0.490387,0.507844,-0.540805,0.352123,0.430534,0.220001,0.403281
50.660817,0.409214,-0.417270,0.579181,-0.568313,0.502101,-0.512014,0.470885,-0.513814,-0.539844,0.512657,-0.443027,0.499478,0.457323,-0.490387,0.507844,-0.540805,0.349968,0.430534,0.220001,0.403281
50.931631,0.409214,-0.417270,0.579181,-0.568313,0.501094,-0.513026,0.469842,-0.514740,-0.533752,0.509370,-0.446942,0.505858,0.455226,-0.490331,0.507762,-0.542699,0.349958,0.410560,0.215929,0.398422
51.220078,0.409214,-0.417270,0.579181,-0.568313,0.467567,-0.486628,0.498142,-0.544453,-0.510110,0.491167,-0.467884,0.528798,0.417466,-0.450772,0.537988,-0.577144,0.231730,0.324516,0.072829,0.254815
51.493381,0.409214,-0.417270,0.579181,-0.568313,0.430918,-0.455318,0.521410,-0.578902,-0.469687,0.466067,-0.489984,0.567531,0.387197,-0.422069,0.559377,-0.599194,0.104591,0.196118,-0.030973,0.196726
51.790750,0.409214,-0.417270,0.579181,-0.568313,0.422967,-0.432721,0.538871,-0.586063,-0.462412,0.441227,-0.510470,0.575251,0.380405,-0.407849,0.569046,-0.604266,0.050052,0.137579,-0.066977,0.133421
52.051408,0.409214,-0.417270,0.579181,-0.568313,0.416951,-0.427223,0.543288,-0.590314,-0.451505,0.430025,-0.520145,0.583670,0.370443,-0.398365,0.575690,-0.610458,0.029666,0.097349,-0.099936,0.099399
52.347086,0.409214,-0.417270,0.579181,-0.568313,0.405984,-0.415272,0.552853,-0.597561,-0.444952,0.420676,-0.528217,0.588248,0.360175,-0.386645,0.583997,-0.616219,-0.010362,0.069072,-0.136716,0.071157
52.613046,0.409214,-0.417270,0.579181,-0.568313,0.406443,-0.415693,0.551495,-0.598211,-0.444952,0.420676,-0.528217,0.588248,0.360175,-0.386645,0.583997,-0.616219,-0.008890,0.069072,-0.136716,0.071157
52.919400,0.409214,-0.417270,0.579181,-0.568313,0.405984,-0.415272,0.552853,-0.597561,-0.446569,0.420191,-0.527757,0.587782,0.360175,-0.386645,0.583997,-0.616219,-0.010362,0.071264,-0.136716,0.071157
53.178640,0.409214,-0.417270,0.579181,-0.568313,0.408107,-0.415306,0.551026,-0.597779,-0.447094,0.420642,-0.528461,0.586427,0.360175,-0.386645,0.583997,-0.616219,-0.006623,0.073059,-0.136716,0.071157
53.479608,0.409214,-0.417270,0.579181,-0.568313,0.408107,-0.415306,0.551026,-0.597779,-0.447094,0.420642,-0.528461,0.586427,0.360175,-0.386645,0.583997,-0.616219,-0.006623,0.073059,-0.136716,0.071157
53.743881,0.409214,-0.417270,0.579181,-0.568313,0.408107,-0.415306,0.551026,-0.597779,-0.447094,0.420642,-0.528461,0.586427,0.360175,-0.386645,0.583997,-0.616219,-0.006623,0.073059,-0.136716,0.071157
54.054713,0.409214,-0.417270,0.579181,-0.568313,0.406443,-0.415693,0.551495,-0.598211,-0.446306,0.421820,-0.527261,0.587260,0.360175,-0.386645,0.583997,-0.616219,-0.008890,0.073554,-0.136716,0.071157
54.321449,0.409214,-0.417270,0.579181,-0.568313,0.406443,-0.415693,0.551495,-0.598211,-0.446829,0.422271,-0.527963,0.585905,0.360175,-0.386645,0.583997,-0.616219,-0.008890,0.075351,-0.136716,0.071157
54.582071,0.409214,-0.417270,0.579181,-0.568313,0.408352,-0.417434,0.551197,-0.595969,-0.447333,0.422720,-0.526570,0.586451,0.361900,-0.386337,0.583574,-0.615803,-0.002477,0.077018,-0.134357,0.073608
54.853569,0.409214,-0.417270,0.579181,-0.568313,0.424980,-0.436475,0.536622,-0.583882,-0.472621,0.451788,-0.502036,0.566106,0.386518,-0.413663,0.564856,-0.600354,0.060294,0.176044,-0.046582,0.164715
55.139951,0.409214,-0.417270,0.579181,-0.568313,0.465203,-0.480651,0.504075,-0.546323,-0.513543,0.488470,-0.471664,0.524599,0.404224,-0.442182,0.547504,-0.584224,0.215843,0.326514,0.034144,0.226801
55.414361,0.409214,-0.417270,0.579181,-0.568313,0.482002,-0.493926,0.489990,-0.532561,-0.520586,0.496336,-0.462333,0.518545,0.404224,-0.442182,0.547504,-0.584224,0.273868,0.356503,0.034144,0.226801
55.702104,0.409214,-0.417270,0.579181,-0.568313,0.492180,-0.503086,0.481534,-0.522291,-0.528917,0.501535,-0.456571,0.510149,0.449120,-0.482655,0.514078,-0.548688,0.312086,0.384491,0.189756,0.368858
55.983635,0.409214,-0.417270,0.579181,-0.568313,0.497935,-0.508271,0.474957,-0.517820,-0.537729,0.509014,-0.447100,0.501850,0.456085,-0.487275,0.508858,-0.543704,0.333968,0.418512,0.211592,0.393089
56.268887,0.409214,-0.417270,0.579181,-0.568313,0.498389,-0.506780,0.475494,-0.518352,-0.537211,0.508551,-0.448657,0.501485,0.456085,-0.487275,0.508858,-0.543704,0.331877,0.416477,0.211592,0.393089
56.538276,0.409214,-0.417270,0.579181,-0.568313,0.498389,-0.506780,0.475494,-0.518352,-0.538265,0.509478,-0.447643,0.500318,0.456085,-0.487275,0.508858,-0.543704,0.331877,0.420655,0.211592,0.394624
56.831668,0.409214,-0.417270,0.579181,-0.568313,0.500480,-0.508659,0.473462,-0.516353,-0.539710,0.508829,-0.447174,0.499841,0.457755,-0.488861,0.508392,-0.541306,0.339885,0.422488,0.217840,0.398189
57.092991,0.409214,-0.417270,0.579181,-0.568313,0.500480,-0.508659,0.473462,-0.516353,-0.539710,0.508829,-0.447174,0.499841,0.457223,-0.488329,0.507851,-0.542742,0.339885,0.422488,0.215763,0.398071
57.379595,0.409214,-0.417270,0.579181,-0.568313,0.448379,-0.475002,0.507765,-0.561697,-0.499497,0.485865,-0.473307,0.538905,0.427775,-0.460513,0.529809,-0.569419,0.173262,0.292518,0.109052,0.290475
57.652612,0.409214,-0.417270,0.579181,-0.568313,0.422596,-0.445815,0.529650,-0.584921,-0.454226,0.439827,-0.512198,0.581277,0.401698,-0.437756,0.547106,-0.589647,0.072445,0.119478,0.021611,0.132026
57.940644,0.409214,-0.417270,0.579181,-0.568313,0.404070,-0.413526,0.553145,-0.599795,-0.442285,0.420253,-0.527262,0.591410,0.363998,-0.390244,0.579526,-0.615926,-0.016775,0.063290,-0.124471,0.067315
58.212800,0.409214,-0.417270,0.579181,-0.568313,0.406443,-0.415693,0.551495,-0.598211,-0.443045,0.422784,-0.526079,0.590089,0.362354,-0.386741,0.582264,-0.616523,-0.008890,0.069036,-0.132998,0.075260
58.502459,0.409214,-0.417270,0.579181,-0.568313,0.406443,-0.415693,0.551495,-0.598211,-0.444666,0.422299,-0.525622,0.589624,0.362354,-0.386741,0.582264,-0.616523,-0.008890,0.071223,-0.132998,0.075260
58.773441,0.409214,-0.417270,0.579181,-0.568313,0.406443,-0.415693,0.551495,-0.598211,-0.444666,0.422299,-0.525622,0.589624,0.362354,-0.386741,0.582264,-0.616523,-0.008890,0.071223,-0.132998,0.075260
59.061518,0.409214,-0.417270,0.579181,-0.568313,0.406443,-0.415693,0.551495,-0.598211,-0.444666,0.422299,-0.525622,0.589624,0.362354,-0.386741,0.582264,-0.616523,-0.008890,0.071223,-0.132998,0.075260
59.338093,0.409214,-0.417270,0.579181,-0.568313,0.406443,-0.415693,0.551495,-0.598211,-0.444666,0.422299,-0.525622,0.589624,0.362354,-0.386741,0.582264,-0.616523,-0.008890,0.071223,-0.132998,0.075260
59.628016,0.409214,-0.417270,0.579181,-0.568313,0.425448,-0.436907,0.535227,-0.584498,-0.458032,0.435621,-0.514394,0.579517,0.382770,-0.410099,0.567433,-0.602765,0.061842,0.119384,-0.059102,0.172445
59.897925,0.409214,-0.417270,0.579181,-0.568313,0.471784,-0.486607,0.498300,-0.540676,-0.506320,0.487961,-0.472284,0.531490,0.432790,-0.465286,0.526737,-0.564579,0.239848,0.310550,0.126990,0.286628
