0.000000,1.000000,0.000000,0.000000,0.000000,0.191081,-0.237100,-0.691292,0.655277,1.000000,0.000000,0.000000,0.000000,0.079015,-0.101020,-0.773150,0.621121,1.000000,0.000000,0.000000,0.000000,-144.784972,0.000000,-165.635456,0.000000,
0.203263,1.000000,0.000000,0.000000,0.000000,0.191081,-0.237100,-0.691292,0.655277,1.000000,0.000000,0.000000,0.000000,0.079015,-0.101020,-0.773150,0.621121,1.000000,0.000000,0.000000,0.000000,-144.784972,0.000000,-165.635456,0.000000,
0.269391,1.000000,0.000000,0.000000,0.000000,0.191081,-0.237100,-0.691292,0.655277,1.000000,0.000000,0.000000,0.000000,0.079015,-0.101020,-0.773150,0.621121,1.000000,0.000000,0.000000,0.000000,-144.784972,0.000000,-165.635456,0.000000,
0.356240,1.000000,0.000000,0.000000,0.000000,0.191081,-0.237100,-0.691292,0.655277,1.000000,0.000000,0.000000,0.000000,0.079015,-0.101020,-0.773150,0.621121,1.000000,0.000000,0.000000,0.000000,-144.784972,0.000000,-165.635456,0.000000,
0.410588,1.000000,0.000000,0.000000,0.000000,0.191081,-0.237100,-0.691292,0.655277,1.000000,0.000000,0.000000,0.000000,0.079015,-0.101020,-0.773150,0.621121,1.000000,0.000000,0.000000,0.000000,-144.784972,0.000000,-165.635456,0.000000,
0.498600,1.000000,0.000000,0.000000,0.000000,0.191081,-0.237100,-0.691292,0.655277,1.000000,0.000000,0.000000,0.000000,0.079015,-0.101020,-0.773150,0.621121,1.000000,0.000000,0.000000,0.000000,-144.784972,0.000000,-165.635456,0.000000,
0.545583,1.000000,0.000000,0.000000,0.000000,0.191081,-0.237100,-0.691292,0.655277,1.000000,0.000000,0.000000,0.000000,0.079015,-0.101020,-0.773150,0.621121,1.000000,0.000000,0.000000,0.000000,-144.784972,0.000000,-165.635456,0.000000,
0.591204,1.000000,0.000000,0.000000,0.000000,0.191081,-0.237100,-0.691292,0.655277,1.000000,0.000000,0.000000,0.000000,0.079015,-0.101020,-0.773150,0.621121,1.000000,0.000000,0.000000,0.000000,-144.784972,0.000000,-165.635456,0.000000,
0.635659,1.000000,0.000000,0.000000,0.000000,0.191081,-0.237100,-0.691292,0.655277,1.000000,0.000000,0.000000,0.000000,0.079015,-0.101020,-0.773150,0.621121,1.000000,0.000000,0.000000,0.000000,-144.784972,0.000000,-165.635456,0.000000,
0.682182,1.000000,0.000000,0.000000,0.000000,0.191081,-0.237100,-0.691292,0.655277,1.000000,0.000000,0.000000,0.000000,0.079015,-0.101020,-0.773150,0.621121,1.000000,0.000000,0.000000,0.000000,-144.784972,0.000000,-165.635456,0.000000,
0.727606,1.000000,0.000000,0.000000,0.000000,0.191081,-0.237100,-0.691292,0.655277,1.000000,0.000000,0.000000,0.000000,0.079015,-0.101020,-0.773150,0.621121,1.000000,0.000000,0.000000,0.000000,-144.784972,0.000000,-165.635456,0.000000,
0.771062,1.000000,0.000000,0.000000,0.000000,0.191081,-0.237100,-0.691292,0.655277,1.000000,0.000000,0.000000,0.000000,0.079015,-0.101020,-0.773150,0.621121,1.000000,0.000000,0.000000,0.000000,-144.784972,0.000000,-165.635456,0.000000,
0.814403,1.000000,0.000000,0.000000,0.000000,0.191081,-0.237100,-0.691292,0.655277,1.000000,0.000000,0.000000,0.000000,0.079015,-0.101020,-0.773150,0.621121,1.000000,0.000000,0.000000,0.000000,-144.784972,0.000000,-165.635456,0.000000,
1.056447,1.000000,0.000000,0.000000,0.000000,0.191081,-0.237100,-0.691292,0.655277,1.000000,0.000000,0.000000,0.000000,0.079015,-0.101020,-0.773150,0.621121,1.000000,0.000000,0.000000,0.000000,-144.784972,0.000000,-165.635456,0.000000,
1.359905,1.000000,0.000000,0.000000,0.000000,0.191081,-0.237100,-0.691292,0.655277,1.000000,0.000000,0.000000,0.000000,0.079015,-0.101020,-0.773150,0.621121,1.000000,0.000000,0.000000,0.000000,-144.784972,0.000000,-165.635456,0.000000,
1.607587,1.000000,0.000000,0.000000,0.000000,0.191081,-0.237100,-0.691292,0.655277,1.000000,0.000000,0.000000,0.000000,0.079015,-0.101020,-0.773150,0.621121,1.000000,0.000000,0.000000,0.000000,-144.784972,0.000000,-165.635456,0.000000,
1.881979,1.000000,0.000000,0.000000,0.000000,0.191081,-0.237100,-0.691292,0.655277,1.000000,0.000000,0.000000,0.000000,0.079015,-0.101020,-0.773150,0.621121,1.000000,0.000000,0.000000,0.000000,-144.784972,0.000000,-165.635456,0.000000,
2.134996,1.000000,0.000000,0.000000,0.000000,0.191081,-0.237100,-0.691292,0.655277,1.000000,0.000000,0.000000,0.000000,0.079015,-0.101020,-0.773150,0.621121,1.000000,0.000000,0.000000,0.000000,-144.784972,0.000000,-165.635456,0.000000,
2.424158,1.000000,0.000000,0.000000,0.000000,0.191081,-0.237100,-0.691292,0.655277,1.000000,0.000000,0.000000,0.000000,0.079015,-0.101020,-0.773150,0.621121,1.000000,0.000000,0.000000,0.000000,-144.784972,0.000000,-165.635456,0.000000,
2.675230,1.000000,0.000000,0.000000,0.000000,0.191081,-0.237100,-0.691292,0.655277,1.000000,0.000000,0.000000,0.000000,0.079015,-0.101020,-0.773150,0.621121,1.000000,0.000000,0.000000,0.000000,-144.784972,0.000000,-165.635456,0.000000,
2.966639,1.000000,0.000000,0.000000,0.000000,0.191081,-0.237100,-0.691292,0.655277,1.000000,0.000000,0.000000,0.000000,0.079015,-0.101020,-0.773150,0.621121,1.000000,0.000000,0.000000,0.000000,-144.784972,0.000000,-165.635456,0.000000,
3.220740,1.000000,0.000000,0.000000,0.000000,0.191081,-0.237100,-0.691292,0.655277,1.000000,0.000000,0.000000,0.000000,0.079015,-0.101020,-0.773150,0.621121,1.000000,0.000000,0.000000,0.000000,-144.784972,0.000000,-165.635456,0.000000,
3.505950,1.000000,0.000000,0.000000,0.000000,0.191081,-0.237100,-0.691292,0.655277,1.000000,0.000000,0.000000,0.000000,0.079015,-0.101020,-0.773150,0.621121,1.000000,0.000000,0.000000,0.000000,-144.784972,0.000000,-165.635456,0.000000,
3.764079,1.000000,0.000000,0.000000,0.000000,0.191081,-0.237100,-0.691292,0.655277,1.000000,0.000000,0.000000,0.000000,0.079015,-0.101020,-0.773150,0.621121,1.000000,0.000000,0.000000,0.000000,-144.784972,0.000000,-165.635456,0.000000,
4.038000,1.000000,0.000000,0.000000,0.000000,0.191081,-0.237100,-0.691292,0.655277,1.000000,0.000000,0.000000,0.000000,0.079015,-0.101020,-0.773150,0.621121,1.000000,0.000000,0.000000,0.000000,-144.784972,0.000000,-165.635456,0.000000,
4.295455,1.000000,0.000000,0.000000,0.000000,0.191081,-0.237100,-0.691292,0.655277,1.000000,0.000000,0.000000,0.000000,0.079015,-0.101020,-0.773150,0.621121,1.000000,0.000000,0.000000,0.000000,-144.784972,0.000000,-165.635456,0.000000,
4.582217,1.000000,0.000000,0.000000,0.000000,0.191081,-0.237100,-0.691292,0.655277,1.000000,0.000000,0.000000,0.000000,0.079015,-0.101020,-0.773150,0.621121,1.000000,0.000000,0.000000,0.000000,-144.784972,0.000000,-165.635456,0.000000,
4.841612,1.000000,0.000000,0.000000,0.000000,0.191081,-0.237100,-0.691292,0.655277,1.000000,0.000000,0.000000,0.000000,0.079015,-0.101020,-0.773150,0.621121,1.000000,0.000000,0.000000,0.000000,-144.784972,0.000000,-165.635456,0.000000,
5.111365,1.000000,0.000000,0.000000,0.000000,0.191081,-0.237100,-0.691292,0.655277,1.000000,0.000000,0.000000,0.000000,0.079015,-0.101020,-0.773150,0.621121,1.000000,0.000000,0.000000,0.000000,-144.784972,0.000000,-165.635456,0.000000,
5.373932,1.000000,0.000000,0.000000,0.000000,0.191081,-0.237100,-0.691292,0.655277,1.000000,0.000000,0.000000,0.000000,0.079015,-0.101020,-0.773150,0.621121,1.000000,0.000000,0.000000,0.000000,-144.784972,0.000000,-165.635456,0.000000,
5.653699,1.000000,0.000000,0.000000,0.000000,0.191081,-0.237100,-0.691292,0.655277,1.000000,0.000000,0.000000,0.000000,0.079015,-0.101020,-0.773150,0.621121,1.000000,0.000000,0.000000,0.000000,-144.784972,0.000000,-165.635456,0.000000,
5.911569,1.000000,0.000000,0.000000,0.000000,0.191081,-0.237100,-0.691292,0.655277,1.000000,0.000000,0.000000,0.000000,0.079015,-0.101020,-0.773150,0.621121,1.000000,0.000000,0.000000,0.000000,-144.784972,0.000000,-165.635456,0.000000,
6.192321,1.000000,0.000000,0.000000,0.000000,0.191081,-0.237100,-0.691292,0.655277,1.000000,0.000000,0.000000,0.000000,0.079015,-0.101020,-0.773150,0.621121,1.000000,0.000000,0.000000,0.000000,-144.784972,0.000000,-165.635456,0.000000,
6.451528,1.000000,0.000000,0.000000,0.000000,0.191081,-0.237100,-0.691292,0.655277,1.000000,0.000000,0.000000,0.000000,0.079015,-0.101020,-0.773150,0.621121,1.000000,0.000000,0.000000,0.000000,-144.784972,0.000000,-165.635456,0.000000,
6.738786,1.000000,0.000000,0.000000,0.000000,0.191081,-0.237100,-0.691292,0.655277,1.000000,0.000000,0.000000,0.000000,0.079015,-0.101020,-0.773150,0.621121,1.000000,0.000000,0.000000,0.000000,-144.784972,0.000000,-165.635456,0.000000,
6.998555,1.000000,0.000000,0.000000,0.000000,0.191081,-0.237100,-0.691292,0.655277,1.000000,0.000000,0.000000,0.000000,0.079015,-0.101020,-0.773150,0.621121,1.000000,0.000000,0.000000,0.000000,-144.784972,0.000000,-165.635456,0.000000,
7.276144,1.000000,0.000000,0.000000,0.000000,0.191081,-0.237100,-0.691292,0.655277,1.000000,0.000000,0.000000,0.000000,0.079015,-0.101020,-0.773150,0.621121,1.000000,0.000000,0.000000,0.000000,-144.784972,0.000000,-165.635456,0.000000,
7.531314,1.000000,0.000000,0.000000,0.000000,0.191081,-0.237100,-0.691292,0.655277,1.000000,0.000000,0.000000,0.000000,0.079015,-0.101020,-0.773150,0.621121,1.000000,0.000000,0.000000,0.000000,-144.784972,0.000000,-165.635456,0.000000,
7.817225,1.000000,0.000000,0.000000,0.000000,0.191081,-0.237100,-0.691292,0.655277,1.000000,0.000000,0.000000,0.000000,0.079015,-0.101020,-0.773150,0.621121,1.000000,0.000000,0.000000,0.000000,-144.784972,0.000000,-165.635456,0.000000,
8.077022,1.000000,0.000000,0.000000,0.000000,0.191081,-0.237100,-0.691292,0.655277,1.000000,0.000000,0.000000,0.000000,0.079015,-0.101020,-0.773150,0.621121,1.000000,0.000000,0.000000,0.000000,-144.784972,0.000000,-165.635456,0.000000,
8.354889,1.000000,0.000000,0.000000,0.000000,0.191081,-0.237100,-0.691292,0.655277,1.000000,0.000000,0.000000,0.000000,0.079015,-0.101020,-0.773150,0.621121,1.000000,0.000000,0.000000,0.000000,-144.784972,0.000000,-165.635456,0.000000,
8.612664,1.000000,0.000000,0.000000,0.000000,0.191081,-0.237100,-0.691292,0.655277,1.000000,0.000000,0.000000,0.000000,0.079015,-0.101020,-0.773150,0.621121,1.000000,0.000000,0.000000,0.000000,-144.784972,0.000000,-165.635456,0.000000,
8.898792,1.000000,0.000000,0.000000,0.000000,0.191081,-0.237100,-0.691292,0.655277,1.000000,0.000000,0.000000,0.000000,0.079015,-0.101020,-0.773150,0.621121,1.000000,0.000000,0.000000,0.000000,-144.784972,0.000000,-165.635456,0.000000,
9.155625,1.000000,0.000000,0.000000,0.000000,0.191081,-0.237100,-0.691292,0.655277,1.000000,0.000000,0.000000,0.000000,0.079015,-0.101020,-0.773150,0.621121,1.000000,0.000000,0.000000,0.000000,-144.784972,0.000000,-165.635456,0.000000,
9.427013,1.000000,0.000000,0.000000,0.000000,0.191081,-0.237100,-0.691292,0.655277,1.000000,0.000000,0.000000,0.000000,0.079015,-0.101020,-0.773150,0.621121,1.000000,0.000000,0.000000,0.000000,-144.784972,0.000000,-165.635456,0.000000,
9.695169,1.000000,0.000000,0.000000,0.000000,0.191081,-0.237100,-0.691292,0.655277,1.000000,0.000000,0.000000,0.000000,0.079015,-0.101020,-0.773150,0.621121,1.000000,0.000000,0.000000,0.000000,-144.784972,0.000000,-165.635456,0.000000,
9.966990,1.000000,0.000000,0.000000,0.000000,0.191081,-0.237100,-0.691292,0.655277,1.000000,0.000000,0.000000,0.000000,0.079015,-0.101020,-0.773150,0.621121,1.000000,0.000000,0.000000,0.000000,-144.784972,0.000000,-165.635456,0.000000,
10.231723,1.000000,0.000000,0.000000,0.000000,0.191081,-0.237100,-0.691292,0.655277,1.000000,0.000000,0.000000,0.000000,0.079015,-0.101020,-0.773150,0.621121,1.000000,0.000000,0.000000,0.000000,-144.784972,0.000000,-165.635456,0.000000,
10.520609,1.000000,0.000000,0.000000,0.000000,0.191081,-0.237100,-0.691292,0.655277,1.000000,0.000000,0.000000,0.000000,0.079015,-0.101020,-0.773150,0.621121,1.000000,0.000000,0.000000,0.000000,-144.784972,0.000000,-165.635456,0.000000,
10.776983,1.000000,0.000000,0.000000,0.000000,0.191081,-0.237100,-0.691292,0.655277,1.000000,0.000000,0.000000,0.000000,0.079015,-0.101020,-0.773150,0.621121,1.000000,0.000000,0.000000,0.000000,-144.784972,0.000000,-165.635456,0.000000,
11.057842,1.000000,0.000000,0.000000,0.000000,0.191081,-0.237100,-0.691292,0.655277,1.000000,0.000000,0.000000,0.000000,0.079015,-0.101020,-0.773150,0.621121,1.000000,0.000000,0.000000,0.000000,-144.784972,0.000000,-165.635456,0.000000,
11.308886,1.000000,0.000000,0.000000,0.000000,0.191081,-0.237100,-0.691292,0.655277,1.000000,0.000000,0.000000,0.000000,0.079015,-0.101020,-0.773150,0.621121,1.000000,0.000000,0.000000,0.000000,-144.784972,0.000000,-165.635456,0.000000,
11.598734,1.000000,0.000000,0.000000,0.000000,0.191081,-0.237100,-0.691292,0.655277,1.000000,0.000000,0.000000,0.000000,0.079015,-0.101020,-0.773150,0.621121,1.000000,0.000000,0.000000,0.000000,-144.784972,0.000000,-165.635456,0.000000,
11.858367,1.000000,0.000000,0.000000,0.000000,0.191081,-0.237100,-0.691292,0.655277,1.000000,0.000000,0.000000,0.000000,0.079015,-0.101020,-0.773150,0.621121,1.000000,0.000000,0.000000,0.000000,-144.784972,0.000000,-165.635456,0.000000,
12.142654,1.000000,0.000000,0.000000,0.000000,0.191081,-0.237100,-0.691292,0.655277,1.000000,0.000000,0.000000,0.000000,0.079015,-0.101020,-0.773150,0.621121,1.000000,0.000000,0.000000,0.000000,-144.784972,0.000000,-165.635456,0.000000,
12.391134,1.000000,0.000000,0.000000,0.000000,0.191081,-0.237100,-0.691292,0.655277,1.000000,0.000000,0.000000,0.000000,0.079015,-0.101020,-0.773150,0.621121,1.000000,0.000000,0.000000,0.000000,-144.784972,0.000000,-165.635456,0.000000,
12.675608,1.000000,0.000000,0.000000,0.000000,0.191081,-0.237100,-0.691292,0.655277,1.000000,0.000000,0.000000,0.000000,0.079015,-0.101020,-0.773150,0.621121,1.000000,0.000000,0.000000,0.000000,-144.784972,0.000000,-165.635456,0.000000,
12.931216,1.000000,0.000000,0.000000,0.000000,0.191081,-0.237100,-0.691292,0.655277,1.000000,0.000000,0.000000,0.000000,0.079015,-0.101020,-0.773150,0.621121,1.000000,0.000000,0.000000,0.000000,-144.784972,0.000000,-165.635456,0.000000,
13.214013,1.000000,0.000000,0.000000,0.000000,0.191081,-0.237100,-0.691292,0.655277,1.000000,0.000000,0.000000,0.000000,0.079015,-0.101020,-0.773150,0.621121,1.000000,0.000000,0.000000,0.000000,-144.784972,0.000000,-165.635456,0.000000,
13.468765,1.000000,0.000000,0.000000,0.000000,0.191081,-0.237100,-0.691292,0.655277,1.000000,0.000000,0.000000,0.000000,0.079015,-0.101020,-0.773150,0.621121,1.000000,0.000000,0.000000,0.000000,-144.784972,0.000000,-165.635456,0.000000,
13.755300,1.000000,0.000000,0.000000,0.000000,0.191081,-0.237100,-0.691292,0.655277,1.000000,0.000000,0.000000,0.000000,0.079015,-0.101020,-0.773150,0.621121,1.000000,0.000000,0.000000,0.000000,-144.784972,0.000000,-165.635456,0.000000,
14.011663,1.000000,0.000000,0.000000,0.000000,0.191081,-0.237100,-0.691292,0.655277,1.000000,0.000000,0.000000,0.000000,0.079015,-0.101020,-0.773150,0.621121,1.000000,0.000000,0.000000,0.000000,-144.784972,0.000000,-165.635456,0.000000,
14.289787,1.000000,0.000000,0.000000,0.000000,0.191081,-0.237100,-0.691292,0.655277,1.000000,0.000000,0.000000,0.000000,0.079015,-0.101020,-0.773150,0.621121,1.000000,0.000000,0.000000,0.000000,-144.784972,0.000000,-165.635456,0.000000,
14.558164,1.000000,0.000000,0.000000,0.000000,0.191081,-0.237100,-0.691292,0.655277,1.000000,0.000000,0.000000,0.000000,0.079015,-0.101020,-0.773150,0.621121,1.000000,0.000000,0.000000,0.000000,-144.784972,0.000000,-165.635456,0.000000,
14.826967,1.000000,0.000000,0.000000,0.000000,0.191081,-0.237100,-0.691292,0.655277,1.000000,0.000000,0.000000,0.000000,0.079015,-0.101020,-0.773150,0.621121,1.000000,0.000000,0.000000,0.000000,-144.784972,0.000000,-165.635456,0.000000,
15.089022,1.000000,0.000000,0.000000,0.000000,0.191081,-0.237100,-0.691292,0.655277,1.000000,0.000000,0.000000,0.000000,0.079015,-0.101020,-0.773150,0.621121,1.000000,0.000000,0.000000,0.000000,-144.784972,0.000000,-165.635456,0.000000,
15.388903,1.000000,0.000000,0.000000,0.000000,0.191081,-0.237100,-0.691292,0.655277,1.000000,0.000000,0.000000,0.000000,0.079015,-0.101020,-0.773150,0.621121,1.000000,0.000000,0.000000,0.000000,-144.784972,0.000000,-165.635456,0.000000,
15.643814,1.000000,0.000000,0.000000,0.000000,0.191081,-0.237100,-0.691292,0.655277,1.000000,0.000000,0.000000,0.000000,0.079015,-0.101020,-0.773150,0.621121,1.000000,0.000000,0.000000,0.000000,-144.784972,0.000000,-165.635456,0.000000,
15.915254,1.000000,0.000000,0.000000,0.000000,0.191081,-0.237100,-0.691292,0.655277,1.000000,0.000000,0.000000,0.000000,0.079015,-0.101020,-0.773150,0.621121,1.000000,0.000000,0.000000,0.000000,-144.784972,0.000000,-165.635456,0.000000,
16.169112,1.000000,0.000000,0.000000,0.000000,0.191081,-0.237100,-0.691292,0.655277,1.000000,0.000000,0.000000,0.000000,0.079015,-0.101020,-0.773150,0.621121,1.000000,0.000000,0.000000,0.000000,-144.784972,0.000000,-165.635456,0.000000,
16.433002,1.000000,0.000000,0.000000,0.000000,0.191081,-0.237100,-0.691292,0.655277,1.000000,0.000000,0.000000,0.000000,0.079015,-0.101020,-0.773150,0.621121,1.000000,0.000000,0.000000,0.000000,-144.784972,0.000000,-165.635456,0.000000,
16.697194,1.000000,0.000000,0.000000,0.000000,0.191081,-0.237100,-0.691292,0.655277,1.000000,0.000000,0.000000,0.000000,0.079015,-0.101020,-0.773150,0.621121,1.000000,0.000000,0.000000,0.000000,-144.784972,0.000000,-165.635456,0.000000,
16.961769,1.000000,0.000000,0.000000,0.000000,0.191081,-0.237100,-0.691292,0.655277,1.000000,0.000000,0.000000,0.000000,0.079015,-0.101020,-0.773150,0.621121,1.000000,0.000000,0.000000,0.000000,-144.784972,0.000000,-165.635456,0.000000,
17.240501,1.000000,0.000000,0.000000,0.000000,0.191081,-0.237100,-0.691292,0.655277,1.000000,0.000000,0.000000,0.000000,0.079015,-0.101020,-0.773150,0.621121,1.000000,0.000000,0.000000,0.000000,-144.784972,0.000000,-165.635456,0.000000,
17.501739,1.000000,0.000000,0.000000,0.000000,0.191081,-0.237100,-0.691292,0.655277,1.000000,0.000000,0.000000,0.000000,0.079015,-0.101020,-0.773150,0.621121,1.000000,0.000000,0.000000,0.000000,-144.784972,0.000000,-165.635456,0.000000,
17.775348,1.000000,0.000000,0.000000,0.000000,0.191081,-0.237100,-0.691292,0.655277,1.000000,0.000000,0.000000,0.000000,0.079015,-0.101020,-0.773150,0.621121,1.000000,0.000000,0.000000,0.000000,-144.784972,0.000000,-165.635456,0.000000,
18.038166,1.000000,0.000000,0.000000,0.000000,0.191081,-0.237100,-0.691292,0.655277,1.000000,0.000000,0.000000,0.000000,0.079015,-0.101020,-0.773150,0.621121,1.000000,0.000000,0.000000,0.000000,-144.784972,0.000000,-165.635456,0.000000,
18.327450,1.000000,0.000000,0.000000,0.000000,0.191081,-0.237100,-0.691292,0.655277,1.000000,0.000000,0.000000,0.000000,0.079015,-0.101020,-0.773150,0.621121,1.000000,0.000000,0.000000,0.000000,-144.784972,0.000000,-165.635456,0.000000,
18.584168,1.000000,0.000000,0.000000,0.000000,0.191081,-0.237100,-0.691292,0.655277,1.000000,0.000000,0.000000,0.000000,0.079015,-0.101020,-0.773150,0.621121,1.000000,0.000000,0.000000,0.000000,-144.784972,0.000000,-165.635456,0.000000,
18.854808,1.000000,0.000000,0.000000,0.000000,0.191081,-0.237100,-0.691292,0.655277,1.000000,0.000000,0.000000,0.000000,0.079015,-0.101020,-0.773150,0.621121,1.000000,0.000000,0.000000,0.000000,-144.784972,0.000000,-165.635456,0.000000,
19.116756,1.000000,0.000000,0.000000,0.000000,0.191081,-0.237100,-0.691292,0.655277,1.000000,0.000000,0.000000,0.000000,0.079015,-0.101020,-0.773150,0.621121,1.000000,0.000000,0.000000,0.000000,-144.784972,0.000000,-165.635456,0.000000,
19.400190,1.000000,0.000000,0.000000,0.000000,0.191081,-0.237100,-0.691292,0.655277,1.000000,0.000000,0.000000,0.000000,0.079015,-0.101020,-0.773150,0.621121,1.000000,0.000000,0.000000,0.000000,-144.784972,0.000000,-165.635456,0.000000,
19.662034,1.000000,0.000000,0.000000,0.000000,0.193274,-0.237337,-0.689979,0.655931,1.000000,0.000000,0.000000,0.000000,0.079015,-0.101020,-0.773150,0.621121,1.000000,0.000000,0.000000,0.000000,-144.573988,0.000000,-165.635456,0.000000,
19.940181,1.000000,0.000000,0.000000,0.000000,0.193274,-0.237337,-0.689979,0.655931,1.000000,0.000000,0.000000,0.000000,0.079015,-0.101020,-0.773150,0.621121,1.000000,0.000000,0.000000,0.000000,-144.573988,0.000000,-165.635456,0.000000,
20.195080,1.000000,0.000000,0.000000,0.000000,0.191081,-0.237100,-0.691292,0.655277,1.000000,0.000000,0.000000,0.000000,0.079015,-0.101020,-0.773150,0.621121,1.000000,0.000000,0.000000,0.000000,-144.784972,0.000000,-165.635456,0.000000,
20.475152,1.000000,0.000000,0.000000,0.000000,0.191254,-0.239318,-0.689915,0.655870,1.000000,0.000000,0.000000,0.000000,0.079015,-0.101020,-0.773150,0.621121,1.000000,0.000000,0.000000,0.000000,-144.574228,0.000000,-165.635456,0.000000,
20.744935,1.000000,0.000000,0.000000,0.000000,0.191345,-0.237428,-0.690245,0.656184,1.000000,0.000000,0.000000,0.000000,0.079015,-0.101020,-0.773150,0.621121,1.000000,0.000000,0.000000,0.000000,-144.729182,0.000000,-165.635456,0.000000,
21.020755,1.000000,0.000000,0.000000,0.000000,0.193274,-0.237337,-0.689979,0.655931,1.000000,0.000000,0.000000,0.000000,0.079015,-0.101020,-0.773150,0.621121,1.000000,0.000000,0.000000,0.000000,-144.573988,0.000000,-165.635456,0.000000,
21.276804,1.000000,0.000000,0.000000,0.000000,0.191254,-0.239318,-0.689915,0.655870,1.000000,0.000000,0.000000,0.000000,0.079015,-0.101020,-0.773150,0.621121,1.000000,0.000000,0.000000,0.000000,-144.574228,0.000000,-165.635456,0.000000,
21.561799,1.000000,0.000000,0.000000,0.000000,0.191254,-0.239318,-0.689915,0.655870,1.000000,0.000000,0.000000,0.000000,0.079015,-0.101020,-0.773150,0.621121,1.000000,0.000000,0.000000,0.000000,-144.574228,0.000000,-165.635456,0.000000,
21.815203,1.000000,0.000000,0.000000,0.000000,0.191254,-0.239318,-0.689915,0.655870,1.000000,0.000000,0.000000,0.000000,0.079015,-0.101020,-0.773150,0.621121,1.000000,0.000000,0.000000,0.000000,-144.574228,0.000000,-165.635456,0.000000,
22.093598,1.000000,0.000000,0.000000,0.000000,0.191254,-0.239318,-0.689915,0.655870,1.000000,0.000000,0.000000,0.000000,0.079015,-0.101020,-0.773150,0.621121,1.000000,0.000000,0.000000,0.000000,-144.574228,0.000000,-165.635456,0.000000,
22.355518,1.000000,0.000000,0.000000,0.000000,0.191254,-0.239318,-0.689915,0.655870,1.000000,0.000000,0.000000,0.000000,0.079015,-0.101020,-0.773150,0.621121,1.000000,0.000000,0.000000,0.000000,-144.574228,0.000000,-165.635456,0.000000,
22.639496,1.000000,0.000000,0.000000,0.000000,0.193274,-0.237337,-0.689979,0.655931,1.000000,0.000000,0.000000,0.000000,0.079015,-0.101020,-0.773150,0.621121,1.000000,0.000000,0.000000,0.000000,-144.573988,0.000000,-165.635456,0.000000,
22.895393,1.000000,0.000000,0.000000,0.000000,0.191094,-0.237116,-0.689338,0.657322,1.000000,0.000000,0.000000,0.000000,0.079015,-0.101020,-0.773150,0.621121,1.000000,0.000000,0.000000,0.000000,-144.771815,0.000000,-165.635456,0.000000,
23.174320,1.000000,0.000000,0.000000,0.000000,0.191094,-0.237116,-0.689338,0.657322,1.000000,0.000000,0.000000,0.000000,0.079015,-0.101020,-0.773150,0.621121,1.000000,0.000000,0.000000,0.000000,-144.771815,0.000000,-165.635456,0.000000,
23.443303,1.000000,0.000000,0.000000,0.000000,0.191094,-0.237116,-0.689338,0.657322,1.000000,0.000000,0.000000,0.000000,0.079015,-0.101020,-0.773150,0.621121,1.000000,0.000000,0.000000,0.000000,-144.771815,0.000000,-165.635456,0.000000,
23.720003,1.000000,0.000000,0.000000,0.000000,0.191094,-0.237116,-0.689338,0.657322,1.000000,0.000000,0.000000,0.000000,0.079015,-0.101020,-0.773150,0.621121,1.000000,0.000000,0.000000,0.000000,-144.771815,0.000000,-165.635456,0.000000,
23.975756,1.000000,0.000000,0.000000,0.000000,0.191094,-0.237116,-0.689338,0.657322,1.000000,0.000000,0.000000,0.000000,0.079015,-0.101020,-0.773150,0.621121,1.000000,0.000000,0.000000,0.000000,-144.771815,0.000000,-165.635456,0.000000,
24.261700,1.000000,0.000000,0.000000,0.000000,0.191094,-0.237116,-0.689338,0.657322,1.000000,0.000000,0.000000,0.000000,0.079015,-0.101020,-0.773150,0.621121,1.000000,0.000000,0.000000,0.000000,-144.771815,0.000000,-165.635456,0.000000,
24.516791,1.000000,0.000000,0.000000,0.000000,0.191094,-0.237116,-0.689338,0.657322,1.000000,0.000000,0.000000,0.000000,0.079015,-0.101020,-0.773150,0.621121,1.000000,0.000000,0.000000,0.000000,-144.771815,0.000000,-165.635456,0.000000,
24.804973,1.000000,0.000000,0.000000,0.000000,0.191094,-0.237116,-0.689338,0.657322,1.000000,0.000000,0.000000,0.000000,0.079015,-0.101020,-0.773150,0.621121,1.000000,0.000000,0.000000,0.000000,-144.771815,0.000000,-165.635456,0.000000,
25.053452,1.000000,0.000000,0.000000,0.000000,0.191094,-0.237116,-0.689338,0.657322,1.000000,0.000000,0.000000,0.000000,0.079015,-0.101020,-0.773150,0.621121,1.000000,0.000000,0.000000,0.000000,-144.771815,0.000000,-165.635456,0.000000,
25.345147,1.000000,0.000000,0.000000,0.000000,0.191094,-0.237116,-0.689338,0.657322,1.000000,0.000000,0.000000,0.000000,0.079015,-0.101020,-0.773150,0.621121,1.000000,0.000000,0.000000,0.000000,-144.771815,0.000000,-165.635456,0.000000,
25.593903,1.000000,0.000000,0.000000,0.000000,0.191094,-0.237116,-0.689338,0.657322,1.000000,0.000000,0.000000,0.000000,0.079015,-0.101020,-0.773150,0.621121,1.000000,0.000000,0.000000,0.000000,-144.771815,0.000000,-165.635456,0.000000,
25.868941,1.000000,0.000000,0.000000,0.000000,0.191094,-0.237116,-0.689338,0.657322,1.000000,0.000000,0.000000,0.000000,0.079015,-0.101020,-0.773150,0.621121,1.000000,0.000000,0.000000,0.000000,-144.771815,0.000000,-165.635456,0.000000,
26.139536,1.000000,0.000000,0.000000,0.000000,0.191094,-0.237116,-0.689338,0.657322,1.000000,0.000000,0.000000,0.000000,0.079015,-0.101020,-0.773150,0.621121,1.000000,0.000000,0.000000,0.000000,-144.771815,0.000000,-165.635456,0.000000,
26.415587,1.000000,0.000000,0.000000,0.000000,0.191094,-0.237116,-0.689338,0.657322,1.000000,0.000000,0.000000,0.000000,0.079015,-0.101020,-0.773150,0.621121,1.000000,0.000000,0.000000,0.000000,-144.771815,0.000000,-165.635456,0.000000,
26.687463,1.000000,0.000000,0.000000,0.000000,0.191094,-0.237116,-0.689338,0.657322,1.000000,0.000000,0.000000,0.000000,0.079015,-0.101020,-0.773150,0.621121,1.000000,0.000000,0.000000,0.000000,-144.771815,0.000000,-165.635456,0.000000,
26.951151,1.000000,0.000000,0.000000,0.000000,0.191094,-0.237116,-0.689338,0.657322,1.000000,0.000000,0.000000,0.000000,0.079015,-0.101020,-0.773150,0.621121,1.000000,0.000000,0.000000,0.000000,-144.771815,0.000000,-165.635456,0.000000,
27.218630,1.000000,0.000000,0.000000,0.000000,0.191094,-0.237116,-0.689338,0.657322,1.000000,0.000000,0.000000,0.000000,0.079015,-0.101020,-0.773150,0.621121,1.000000,0.000000,0.000000,0.000000,-144.771815,0.000000,-165.635456,0.000000,
27.480981,1.000000,0.000000,0.000000,0.000000,0.191094,-0.237116,-0.689338,0.657322,1.000000,0.000000,0.000000,0.000000,0.079015,-0.101020,-0.773150,0.621121,1.000000,0.000000,0.000000,0.000000,-144.771815,0.000000,-165.635456,0.000000,
27.742720,1.000000,0.000000,0.000000,0.000000,0.191094,-0.237116,-0.689338,0.657322,1.000000,0.000000,0.000000,0.000000,0.079015,-0.101020,-0.773150,0.621121,1.000000,0.000000,0.000000,0.000000,-144.771815,0.000000,-165.635456,0.000000,
27.999724,1.000000,0.000000,0.000000,0.000000,0.191094,-0.237116,-0.689338,0.657322,1.000000,0.000000,0.000000,0.000000,0.079015,-0.101020,-0.773150,0.621121,1.000000,0.000000,0.000000,0.000000,-144.771815,0.000000,-165.635456,0.000000,
28.286558,1.000000,0.000000,0.000000,0.000000,0.191094,-0.237116,-0.689338,0.657322,1.000000,0.000000,0.000000,0.000000,0.079015,-0.101020,-0.773150,0.621121,1.000000,0.000000,0.000000,0.000000,-144.771815,0.000000,-165.635456,0.000000,
28.544847,1.000000,0.000000,0.000000,0.000000,0.191094,-0.237116,-0.689338,0.657322,1.000000,0.000000,0.000000,0.000000,0.079015,-0.101020,-0.773150,0.621121,1.000000,0.000000,0.000000,0.000000,-144.771815,0.000000,-165.635456,0.000000,
28.818956,1.000000,0.000000,0.000000,0.000000,0.191094,-0.237116,-0.689338,0.657322,1.000000,0.000000,0.000000,0.000000,0.079015,-0.101020,-0.773150,0.621121,1.000000,0.000000,0.000000,0.000000,-144.771815,0.000000,-165.635456,0.000000,
29.079500,1.000000,0.000000,0.000000,0.000000,0.191094,-0.237116,-0.689338,0.657322,1.000000,0.000000,0.000000,0.000000,0.079015,-0.101020,-0.773150,0.621121,1.000000,0.000000,0.000000,0.000000,-144.771815,0.000000,-165.635456,0.000000,
29.360697,1.000000,0.000000,0.000000,0.000000,0.191094,-0.237116,-0.689338,0.657322,1.000000,0.000000,0.000000,0.000000,0.079015,-0.101020,-0.773150,0.621121,1.000000,0.000000,0.000000,0.000000,-144.771815,0.000000,-165.635456,0.000000,
29.619631,0.041048,-0.053063,-0.735867,0.673794,0.191094,-0.237116,-0.689338,0.657322,1.000000,0.000000,0.000000,0.000000,0.079015,-0.101020,-0.773150,0.621121,0.203125,-0.179110,0.699430,-0.661406,27.564386,-179.358606,6.999320,-39.023242,
29.903774,0.041048,-0.053063,-0.735867,0.673794,0.191094,-0.237116,-0.689338,0.657322,1.000000,0.000000,0.000000,0.000000,0.079015,-0.101020,-0.773150,0.621121,0.203139,-0.179123,0.697479,-0.663455,27.564386,-179.358606,6.999320,-39.028778,
30.158589,0.040988,-0.052984,-0.736783,0.672802,0.191094,-0.237116,-0.689338,0.657322,1.000000,0.000000,0.000000,0.000000,0.079015,-0.101020,-0.773150,0.621121,0.203139,-0.179123,0.697479,-0.663455,27.574484,-179.369985,7.007130,-39.018983,
30.462040,0.040988,-0.052984,-0.736783,0.672802,0.191094,-0.237116,-0.689338,0.657322,1.000000,0.000000,0.000000,0.000000,0.079015,-0.101020,-0.773150,0.621121,0.203482,-0.177420,0.698655,-0.662569,27.574484,-179.369985,7.007130,-38.908158,
30.703427,0.040988,-0.052984,-0.736783,0.672802,0.191094,-0.237116,-0.689338,0.657322,1.000000,0.000000,0.000000,0.000000,0.079015,-0.101020,-0.773150,0.621121,0.201414,-0.181373,0.698436,-0.662362,27.574484,-179.369985,7.007130,-39.052258,
30.982990,0.040988,-0.052984,-0.736783,0.672802,0.191094,-0.237116,-0.689338,0.657322,1.000000,0.000000,0.000000,0.000000,0.079015,-0.101020,-0.773150,0.621121,0.201414,-0.181373,0.698436,-0.662362,27.574484,-179.369985,7.007130,-39.052258,
31.243429,0.040988,-0.052984,-0.736783,0.672802,0.191094,-0.237116,-0.689338,0.657322,1.000000,0.000000,0.000000,0.000000,0.079015,-0.101020,-0.773150,0.621121,0.201414,-0.181373,0.698436,-0.662362,27.574484,-179.369985,7.007130,-39.052258,
31.522162,0.041043,-0.053056,-0.737775,0.671706,0.191094,-0.237116,-0.689338,0.657322,1.000000,0.000000,0.000000,0.000000,0.079015,-0.101020,-0.773150,0.621121,0.201414,-0.181373,0.698436,-0.662362,27.562888,-179.380554,6.993913,-39.064079,
31.776139,0.041043,-0.053056,-0.737775,0.671706,0.191094,-0.237116,-0.689338,0.657322,1.000000,0.000000,0.000000,0.000000,0.079015,-0.101020,-0.773150,0.621121,0.201414,-0.181373,0.698436,-0.662362,27.562888,-179.380554,6.993913,-39.064079,
32.059469,0.041043,-0.053056,-0.737775,0.671706,0.191094,-0.237116,-0.689338,0.657322,1.000000,0.000000,0.000000,0.000000,0.079015,-0.101020,-0.773150,0.621121,0.201414,-0.181373,0.698436,-0.662362,27.562888,-179.380554,6.993913,-39.064079,
32.319426,0.041043,-0.053056,-0.737775,0.671706,0.191094,-0.237116,-0.689338,0.657322,1.000000,0.000000,0.000000,0.000000,0.079015,-0.101020,-0.773150,0.621121,0.201414,-0.181373,0.698436,-0.662362,27.562888,-179.380554,6.993913,-39.064079,
32.593106,0.041043,-0.053056,-0.737775,0.671706,0.191094,-0.237116,-0.689338,0.657322,1.000000,0.000000,0.000000,0.000000,0.079015,-0.101020,-0.773150,0.621121,0.201414,-0.181373,0.698436,-0.662362,27.562888,-179.380554,6.993913,-39.064079,
32.853828,0.041043,-0.053056,-0.737775,0.671706,0.191094,-0.237116,-0.689338,0.657322,1.000000,0.000000,0.000000,0.000000,0.079015,-0.101020,-0.773150,0.621121,0.201414,-0.181373,0.698436,-0.662362,27.562888,-179.380554,6.993913,-39.064079,
33.146183,0.041043,-0.053056,-0.737775,0.671706,0.191094,-0.237116,-0.689338,0.657322,1.000000,0.000000,0.000000,0.000000,0.079015,-0.101020,-0.773150,0.621121,0.201414,-0.181373,0.698436,-0.662362,27.562888,-179.380554,6.993913,-39.064079,
33.394555,0.041043,-0.053056,-0.737775,0.671706,0.191094,-0.237116,-0.689338,0.657322,1.000000,0.000000,0.000000,0.000000,0.079015,-0.101020,-0.773150,0.621121,0.201414,-0.181373,0.698436,-0.662362,27.562888,-179.380554,6.993913,-39.064079,
33.678012,0.041043,-0.053056,-0.737775,0.671706,0.191094,-0.237116,-0.689338,0.657322,1.000000,0.000000,0.000000,0.000000,0.079015,-0.101020,-0.773150,0.621121,0.201414,-0.181373,0.698436,-0.662362,27.562888,-179.380554,6.993913,-39.064079,
33.936024,0.041043,-0.053056,-0.737775,0.671706,0.191094,-0.237116,-0.689338,0.657322,1.000000,0.000000,0.000000,0.000000,0.079015,-0.101020,-0.773150,0.621121,0.201414,-0.181373,0.698436,-0.662362,27.562888,-179.380554,6.993913,-39.064079,
34.240900,0.041043,-0.053056,-0.737775,0.671706,0.191094,-0.237116,-0.689338,0.657322,1.000000,0.000000,0.000000,0.000000,0.079015,-0.101020,-0.773150,0.621121,0.201414,-0.181373,0.698436,-0.662362,27.562888,-179.380554,6.993913,-39.064079,
34.479723,0.041043,-0.053056,-0.737775,0.671706,0.191094,-0.237116,-0.689338,0.657322,1.000000,0.000000,0.000000,0.000000,0.079015,-0.101020,-0.773150,0.621121,0.201414,-0.181373,0.698436,-0.662362,27.562888,-179.380554,6.993913,-39.064079,
34.761544,0.041043,-0.053056,-0.737775,0.671706,0.191094,-0.237116,-0.689338,0.657322,1.000000,0.000000,0.000000,0.000000,0.079015,-0.101020,-0.773150,0.621121,0.201414,-0.181373,0.698436,-0.662362,27.562888,-179.380554,6.993913,-39.064079,
35.015324,0.041043,-0.053056,-0.737775,0.671706,0.191094,-0.237116,-0.689338,0.657322,1.000000,0.000000,0.000000,0.000000,0.079015,-0.101020,-0.773150,0.621121,0.201414,-0.181373,0.698436,-0.662362,27.562888,-179.380554,6.993913,-39.064079,
35.291834,0.041043,-0.053056,-0.737775,0.671706,0.191094,-0.237116,-0.689338,0.657322,1.000000,0.000000,0.000000,0.000000,0.079015,-0.101020,-0.773150,0.621121,0.201414,-0.181373,0.698436,-0.662362,27.562888,-179.380554,6.993913,-39.064079,
35.555511,0.041043,-0.053056,-0.737775,0.671706,0.191094,-0.237116,-0.689338,0.657322,1.000000,0.000000,0.000000,0.000000,0.079015,-0.101020,-0.773150,0.621121,0.201414,-0.181373,0.698436,-0.662362,27.562888,-179.380554,6.993913,-39.064079,
35.838936,0.041043,-0.053056,-0.737775,0.671706,0.191094,-0.237116,-0.689338,0.657322,1.000000,0.000000,0.000000,0.000000,0.079015,-0.101020,-0.773150,0.621121,0.201414,-0.181373,0.698436,-0.662362,27.562888,-179.380554,6.993913,-39.064079,
36.102589,0.041043,-0.053056,-0.737775,0.671706,0.191094,-0.237116,-0.689338,0.657322,1.000000,0.000000,0.000000,0.000000,0.079015,-0.101020,-0.773150,0.621121,0.201414,-0.181373,0.698436,-0.662362,27.562888,-179.380554,6.993913,-39.064079,
36.381166,0.041043,-0.053056,-0.737775,0.671706,0.191094,-0.237116,-0.689338,0.657322,1.000000,0.000000,0.000000,0.000000,0.079015,-0.101020,-0.773150,0.621121,0.201414,-0.181373,0.698436,-0.662362,27.562888,-179.380554,6.993913,-39.064079,
36.634314,0.041043,-0.053056,-0.737775,0.671706,0.191094,-0.237116,-0.689338,0.657322,1.000000,0.000000,0.000000,0.000000,0.079015,-0.101020,-0.773150,0.621121,0.201414,-0.181373,0.698436,-0.662362,27.562888,-179.380554,6.993913,-39.064079,
36.913848,0.041043,-0.053056,-0.737775,0.671706,0.191094,-0.237116,-0.689338,0.657322,1.000000,0.000000,0.000000,0.000000,0.079015,-0.101020,-0.773150,0.621121,0.201414,-0.181373,0.698436,-0.662362,27.562888,-179.380554,6.993913,-39.064079,
37.180686,0.041043,-0.053056,-0.737775,0.671706,0.191094,-0.237116,-0.689338,0.657322,1.000000,0.000000,0.000000,0.000000,0.079015,-0.101020,-0.773150,0.621121,0.201414,-0.181373,0.698436,-0.662362,27.562888,-179.380554,6.993913,-39.064079,
37.438394,0.041043,-0.053056,-0.737775,0.671706,0.191094,-0.237116,-0.689338,0.657322,1.000000,0.000000,0.000000,0.000000,0.079015,-0.101020,-0.773150,0.621121,0.201414,-0.181373,0.698436,-0.662362,27.562888,-179.380554,6.993913,-39.064079,
37.704666,0.041043,-0.053056,-0.737775,0.671706,0.191094,-0.237116,-0.689338,0.657322,1.000000,0.000000,0.000000,0.000000,0.079015,-0.101020,-0.773150,0.621121,0.201414,-0.181373,0.698436,-0.662362,27.562888,-179.380554,6.993913,-39.064079,
37.966073,0.041043,-0.053056,-0.737775,0.671706,0.191094,-0.237116,-0.689338,0.657322,1.000000,0.000000,0.000000,0.000000,0.079015,-0.101020,-0.773150,0.621121,0.201414,-0.181373,0.698436,-0.662362,27.562888,-179.380554,6.993913,-39.064079,
38.251003,0.041043,-0.053056,-0.737775,0.671706,0.191094,-0.237116,-0.689338,0.657322,1.000000,0.000000,0.000000,0.000000,0.079015,-0.101020,-0.773150,0.621121,0.201414,-0.181373,0.698436,-0.662362,27.562888,-179.380554,6.993913,-39.064079,
38.507250,0.041043,-0.053056,-0.737775,0.671706,0.191094,-0.237116,-0.689338,0.657322,1.000000,0.000000,0.000000,0.000000,0.079015,-0.101020,-0.773150,0.621121,0.201414,-0.181373,0.698436,-0.662362,27.562888,-179.380554,6.993913,-39.064079,
38.781974,0.041043,-0.053056,-0.737775,0.671706,0.191094,-0.237116,-0.689338,0.657322,1.000000,0.000000,0.000000,0.000000,0.079015,-0.101020,-0.773150,0.621121,0.201414,-0.181373,0.698436,-0.662362,27.562888,-179.380554,6.993913,-39.064079,
39.047227,0.041043,-0.053056,-0.737775,0.671706,0.191094,-0.237116,-0.689338,0.657322,1.000000,0.000000,0.000000,0.000000,0.079015,-0.101020,-0.773150,0.621121,0.201414,-0.181373,0.698436,-0.662362,27.562888,-179.380554,6.993913,-39.064079,
39.323506,0.041043,-0.053056,-0.737775,0.671706,0.191094,-0.237116,-0.689338,0.657322,1.000000,0.000000,0.000000,0.000000,0.079015,-0.101020,-0.773150,0.621121,0.201414,-0.181373,0.698436,-0.662362,27.562888,-179.380554,6.993913,-39.064079,
39.599437,0.041043,-0.053056,-0.737775,0.671706,0.191094,-0.237116,-0.689338,0.657322,1.000000,0.000000,0.000000,0.000000,0.079015,-0.101020,-0.773150,0.621121,0.201414,-0.181373,0.698436,-0.662362,27.562888,-179.380554,6.993913,-39.064079,
39.865107,0.041043,-0.053056,-0.737775,0.671706,0.191094,-0.237116,-0.689338,0.657322,1.000000,0.000000,0.000000,0.000000,0.079015,-0.101020,-0.773150,0.621121,0.201414,-0.181373,0.698436,-0.662362,27.562888,-179.380554,6.993913,-39.064079,
40.120073,0.041043,-0.053056,-0.737775,0.671706,0.191094,-0.237116,-0.689338,0.657322,1.000000,0.000000,0.000000,0.000000,0.079015,-0.101020,-0.773150,0.621121,0.201414,-0.181373,0.698436,-0.662362,27.562888,-179.380554,6.993913,-39.064079,
40.400084,0.041043,-0.053056,-0.737775,0.671706,0.191094,-0.237116,-0.689338,0.657322,1.000000,0.000000,0.000000,0.000000,0.079015,-0.101020,-0.773150,0.621121,0.201414,-0.181373,0.698436,-0.662362,27.562888,-179.380554,6.993913,-39.064079,
40.667569,0.041043,-0.053056,-0.737775,0.671706,0.191094,-0.237116,-0.689338,0.657322,1.000000,0.000000,0.000000,0.000000,0.079015,-0.101020,-0.773150,0.621121,0.201414,-0.181373,0.698436,-0.662362,27.562888,-179.380554,6.993913,-39.064079,
40.945954,0.041043,-0.053056,-0.737775,0.671706,0.191094,-0.237116,-0.689338,0.657322,1.000000,0.000000,0.000000,0.000000,0.079015,-0.101020,-0.773150,0.621121,0.201414,-0.181373,0.698436,-0.662362,27.562888,-179.380554,6.993913,-39.064079,
41.200064,0.041043,-0.053056,-0.737775,0.671706,0.191094,-0.237116,-0.689338,0.657322,1.000000,0.000000,0.000000,0.000000,0.079015,-0.101020,-0.773150,0.621121,0.201414,-0.181373,0.698436,-0.662362,27.562888,-179.380554,6.993913,-39.064079,
41.486143,0.041043,-0.053056,-0.737775,0.671706,0.191094,-0.237116,-0.689338,0.657322,1.000000,0.000000,0.000000,0.000000,0.079015,-0.101020,-0.773150,0.621121,0.201414,-0.181373,0.698436,-0.662362,27.562888,-179.380554,6.993913,-39.064079,
41.758108,0.041043,-0.053056,-0.737775,0.671706,0.191094,-0.237116,-0.689338,0.657322,1.000000,0.000000,0.000000,0.000000,0.079015,-0.101020,-0.773150,0.621121,0.201414,-0.181373,0.698436,-0.662362,27.562888,-179.380554,6.993913,-39.064079,
42.024530,0.041043,-0.053056,-0.737775,0.671706,0.191094,-0.237116,-0.689338,0.657322,1.000000,0.000000,0.000000,0.000000,0.079015,-0.101020,-0.773150,0.621121,0.201414,-0.181373,0.698436,-0.662362,27.562888,-179.380554,6.993913,-39.064079,
42.281307,0.041043,-0.053056,-0.737775,0.671706,0.191094,-0.237116,-0.689338,0.657322,1.000000,0.000000,0.000000,0.000000,0.079015,-0.101020,-0.773150,0.621121,0.201414,-0.181373,0.698436,-0.662362,27.562888,-179.380554,6.993913,-39.064079,
42.558373,0.041043,-0.053056,-0.737775,0.671706,0.191094,-0.237116,-0.689338,0.657322,1.000000,0.000000,0.000000,0.000000,0.079015,-0.101020,-0.773150,0.621121,0.201414,-0.181373,0.698436,-0.662362,27.562888,-179.380554,6.993913,-39.064079,
42.822696,0.041043,-0.053056,-0.737775,0.671706,0.191094,-0.237116,-0.689338,0.657322,1.000000,0.000000,0.000000,0.000000,0.079015,-0.101020,-0.773150,0.621121,0.201414,-0.181373,0.698436,-0.662362,27.562888,-179.380554,6.993913,-39.064079,
43.122974,0.041043,-0.053056,-0.737775,0.671706,0.191094,-0.237116,-0.689338,0.657322,1.000000,0.000000,0.000000,0.000000,0.079015,-0.101020,-0.773150,0.621121,0.201414,-0.181373,0.698436,-0.662362,27.562888,-179.380554,6.993913,-39.064079,
43.375177,0.041043,-0.053056,-0.737775,0.671706,0.191094,-0.237116,-0.689338,0.657322,1.000000,0.000000,0.000000,0.000000,0.079015,-0.101020,-0.773150,0.621121,0.201414,-0.181373,0.698436,-0.662362,27.562888,-179.380554,6.993913,-39.064079,
43.645693,0.041043,-0.053056,-0.737775,0.671706,0.191094,-0.237116,-0.689338,0.657322,1.000000,0.000000,0.000000,0.000000,0.079015,-0.101020,-0.773150,0.621121,0.201414,-0.181373,0.698436,-0.662362,27.562888,-179.380554,6.993913,-39.064079,
43.901701,0.041043,-0.053056,-0.737775,0.671706,0.191094,-0.237116,-0.689338,0.657322,1.000000,0.000000,0.000000,0.000000,0.079015,-0.101020,-0.773150,0.621121,0.201414,-0.181373,0.698436,-0.662362,27.562888,-179.380554,6.993913,-39.064079,
44.184592,0.041043,-0.053056,-0.737775,0.671706,0.191094,-0.237116,-0.689338,0.657322,1.000000,0.000000,0.000000,0.000000,0.079015,-0.101020,-0.773150,0.621121,0.201414,-0.181373,0.698436,-0.662362,27.562888,-179.380554,6.993913,-39.064079,
44.440665,0.041043,-0.053056,-0.737775,0.671706,0.191094,-0.237116,-0.689338,0.657322,1.000000,0.000000,0.000000,0.000000,0.079015,-0.101020,-0.773150,0.621121,0.201414,-0.181373,0.698436,-0.662362,27.562888,-179.380554,6.993913,-39.064079,
44.741242,0.041043,-0.053056,-0.737775,0.671706,0.191094,-0.237116,-0.689338,0.657322,1.000000,0.000000,0.000000,0.000000,0.079015,-0.101020,-0.773150,0.621121,0.201414,-0.181373,0.698436,-0.662362,27.562888,-179.380554,6.993913,-39.064079,
44.979880,0.041043,-0.053056,-0.737775,0.671706,0.191094,-0.237116,-0.689338,0.657322,1.000000,0.000000,0.000000,0.000000,0.079015,-0.101020,-0.773150,0.621121,0.201414,-0.181373,0.698436,-0.662362,27.562888,-179.380554,6.993913,-39.064079,
45.264322,0.041043,-0.053056,-0.737775,0.671706,0.191094,-0.237116,-0.689338,0.657322,1.000000,0.000000,0.000000,0.000000,0.079015,-0.101020,-0.773150,0.621121,0.201414,-0.181373,0.698436,-0.662362,27.562888,-179.380554,6.993913,-39.064079,
45.542486,0.041043,-0.053056,-0.737775,0.671706,0.191094,-0.237116,-0.689338,0.657322,1.000000,0.000000,0.000000,0.000000,0.079015,-0.101020,-0.773150,0.621121,0.201414,-0.181373,0.698436,-0.662362,27.562888,-179.380554,6.993913,-39.064079,
45.801049,0.041043,-0.053056,-0.737775,0.671706,0.191094,-0.237116,-0.689338,0.657322,1.000000,0.000000,0.000000,0.000000,0.079015,-0.101020,-0.773150,0.621121,0.201414,-0.181373,0.698436,-0.662362,27.562888,-179.380554,6.993913,-39.064079,
46.074278,0.040988,-0.052984,-0.736783,0.672802,0.191094,-0.237116,-0.689338,0.657322,1.000000,0.000000,0.000000,0.000000,0.079015,-0.101020,-0.773150,0.621121,0.201414,-0.181373,0.698436,-0.662362,27.574484,-179.369985,7.007130,-39.052258,
46.367462,0.040988,-0.052984,-0.736783,0.672802,0.191094,-0.237116,-0.689338,0.657322,1.000000,0.000000,0.000000,0.000000,0.079015,-0.101020,-0.773150,0.621121,0.201414,-0.181373,0.698436,-0.662362,27.574484,-179.369985,7.007130,-39.052258,
46.674597,0.040988,-0.052984,-0.736783,0.672802,0.191094,-0.237116,-0.689338,0.657322,1.000000,0.000000,0.000000,0.000000,0.079015,-0.101020,-0.773150,0.621121,0.201414,-0.181373,0.698436,-0.662362,27.574484,-179.369985,7.007130,-39.052258,
46.988015,0.040988,-0.052984,-0.736783,0.672802,0.191094,-0.237116,-0.689338,0.657322,1.000000,0.000000,0.000000,0.000000,0.079015,-0.101020,-0.773150,0.621121,0.201414,-0.181373,0.698436,-0.662362,27.574484,-179.369985,7.007130,-39.052258,
47.250018,0.041047,-0.051059,-0.737852,0.671776,0.191094,-0.237116,-0.689338,0.657322,1.000000,0.000000,0.000000,0.000000,0.079015,-0.101020,-0.773150,0.621121,0.201414,-0.181373,0.698436,-0.662362,27.727371,-179.536142,7.126455,-38.903926,
47.549633,0.041047,-0.051059,-0.737852,0.671776,0.191094,-0.237116,-0.689338,0.657322,1.000000,0.000000,0.000000,0.000000,0.079015,-0.101020,-0.773150,0.621121,0.201414,-0.181373,0.698436,-0.662362,27.727371,-179.536142,7.126455,-38.903926,
47.855655,0.041047,-0.051059,-0.737852,0.671776,0.191094,-0.237116,-0.689338,0.657322,1.000000,0.000000,0.000000,0.000000,0.079015,-0.101020,-0.773150,0.621121,0.201414,-0.181373,0.698436,-0.662362,27.727371,-179.536142,7.126455,-38.903926,
48.167452,0.041047,-0.051059,-0.737852,0.671776,0.191094,-0.237116,-0.689338,0.657322,1.000000,0.000000,0.000000,0.000000,0.079015,-0.101020,-0.773150,0.621121,0.201414,-0.181373,0.698436,-0.662362,27.727371,-179.536142,7.126455,-38.903926,
48.473213,0.041047,-0.051059,-0.737852,0.671776,0.191094,-0.237116,-0.689338,0.657322,1.000000,0.000000,0.000000,0.000000,0.079015,-0.101020,-0.773150,0.621121,0.201414,-0.181373,0.698436,-0.662362,27.727371,-179.536142,7.126455,-38.903926,
48.794492,0.041047,-0.051059,-0.737852,0.671776,0.191094,-0.237116,-0.689338,0.657322,1.000000,0.000000,0.000000,0.000000,0.079015,-0.101020,-0.773150,0.621121,0.201414,-0.181373,0.698436,-0.662362,27.727371,-179.536142,7.126455,-38.903926,
49.132159,0.041047,-0.051059,-0.737852,0.671776,0.191094,-0.237116,-0.689338,0.657322,1.000000,0.000000,0.000000,0.000000,0.079015,-0.101020,-0.773150,0.621121,0.201414,-0.181373,0.698436,-0.662362,27.727371,-179.536142,7.126455,-38.903926,
49.452426,0.041047,-0.051059,-0.737852,0.671776,0.191094,-0.237116,-0.689338,0.657322,1.000000,0.000000,0.000000,0.000000,0.079015,-0.101020,-0.773150,0.621121,0.201414,-0.181373,0.698436,-0.662362,27.727371,-179.536142,7.126455,-38.903926,
49.777584,0.041047,-0.051059,-0.737852,0.671776,0.191094,-0.237116,-0.689338,0.657322,1.000000,0.000000,0.000000,0.000000,0.079015,-0.101020,-0.773150,0.621121,0.201414,-0.181373,0.698436,-0.662362,27.727371,-179.536142,7.126455,-38.903926,
50.104044,0.041047,-0.051059,-0.737852,0.671776,0.191094,-0.237116,-0.689338,0.657322,1.000000,0.000000,0.000000,0.000000,0.079015,-0.101020,-0.773150,0.621121,0.201414,-0.181373,0.698436,-0.662362,27.727371,-179.536142,7.126455,-38.903926,
50.436561,0.041047,-0.051059,-0.737852,0.671776,0.191094,-0.237116,-0.689338,0.657322,1.000000,0.000000,0.000000,0.000000,0.079015,-0.101020,-0.773150,0.621121,0.201414,-0.181373,0.698436,-0.662362,27.727371,-179.536142,7.126455,-38.903926,
50.781202,0.041047,-0.051059,-0.737852,0.671776,0.191094,-0.237116,-0.689338,0.657322,1.000000,0.000000,0.000000,0.000000,0.079015,-0.101020,-0.773150,0.621121,0.201414,-0.181373,0.698436,-0.662362,27.727371,-179.536142,7.126455,-38.903926,
51.098300,0.041047,-0.051059,-0.737852,0.671776,0.191094,-0.237116,-0.689338,0.657322,1.000000,0.000000,0.000000,0.000000,0.079015,-0.101020,-0.773150,0.621121,0.201414,-0.181373,0.698436,-0.662362,27.727371,-179.536142,7.126455,-38.903926,
51.430090,0.041047,-0.051059,-0.737852,0.671776,0.191094,-0.237116,-0.689338,0.657322,1.000000,0.000000,0.000000,0.000000,0.079015,-0.101020,-0.773150,0.621121,0.201414,-0.181373,0.698436,-0.662362,27.727371,-179.536142,7.126455,-38.903926,
51.770146,0.041047,-0.051059,-0.737852,0.671776,0.191094,-0.237116,-0.689338,0.657322,1.000000,0.000000,0.000000,0.000000,0.079015,-0.101020,-0.773150,0.621121,0.201414,-0.181373,0.698436,-0.662362,27.727371,-179.536142,7.126455,-38.903926,
52.104241,0.041047,-0.051059,-0.737852,0.671776,0.191094,-0.237116,-0.689338,0.657322,1.000000,0.000000,0.000000,0.000000,0.079015,-0.101020,-0.773150,0.621121,0.201414,-0.181373,0.698436,-0.662362,27.727371,-179.536142,7.126455,-38.903926,
52.429810,0.041047,-0.051059,-0.737852,0.671776,0.191094,-0.237116,-0.689338,0.657322,1.000000,0.000000,0.000000,0.000000,0.079015,-0.101020,-0.773150,0.621121,0.201414,-0.181373,0.698436,-0.662362,27.727371,-179.536142,7.126455,-38.903926,
52.743383,0.041047,-0.051059,-0.737852,0.671776,0.191094,-0.237116,-0.689338,0.657322,1.000000,0.000000,0.000000,0.000000,0.079015,-0.101020,-0.773150,0.621121,0.201414,-0.181373,0.698436,-0.662362,27.727371,-179.536142,7.126455,-38.903926,
53.086941,0.041047,-0.051059,-0.737852,0.671776,0.191094,-0.237116,-0.689338,0.657322,1.000000,0.000000,0.000000,0.000000,0.079015,-0.101020,-0.773150,0.621121,0.201414,-0.181373,0.698436,-0.662362,27.727371,-179.536142,7.126455,-38.903926,
53.414532,0.041047,-0.051059,-0.737852,0.671776,0.191094,-0.237116,-0.689338,0.657322,1.000000,0.000000,0.000000,0.000000,0.079015,-0.101020,-0.773150,0.621121,0.201414,-0.181373,0.698436,-0.662362,27.727371,-179.536142,7.126455,-38.903926,
53.749939,0.041047,-0.051059,-0.737852,0.671776,0.191094,-0.237116,-0.689338,0.657322,1.000000,0.000000,0.000000,0.000000,0.079015,-0.101020,-0.773150,0.621121,0.201414,-0.181373,0.698436,-0.662362,27.727371,-179.536142,7.126455,-38.903926,
54.070559,0.041047,-0.051059,-0.737852,0.671776,0.191094,-0.237116,-0.689338,0.657322,1.000000,0.000000,0.000000,0.000000,0.079015,-0.101020,-0.773150,0.621121,0.201414,-0.181373,0.698436,-0.662362,27.727371,-179.536142,7.126455,-38.903926,
54.410372,0.041047,-0.051059,-0.737852,0.671776,0.191094,-0.237116,-0.689338,0.657322,1.000000,0.000000,0.000000,0.000000,0.079015,-0.101020,-0.773150,0.621121,0.201414,-0.181373,0.698436,-0.662362,27.727371,-179.536142,7.126455,-38.903926,
54.743013,0.041047,-0.051059,-0.737852,0.671776,0.191094,-0.237116,-0.689338,0.657322,1.000000,0.000000,0.000000,0.000000,0.079015,-0.101020,-0.773150,0.621121,0.201414,-0.181373,0.698436,-0.662362,27.727371,-179.536142,7.126455,-38.903926,
55.068575,0.041047,-0.051059,-0.737852,0.671776,0.191094,-0.237116,-0.689338,0.657322,1.000000,0.000000,0.000000,0.000000,0.079015,-0.101020,-0.773150,0.621121,0.201414,-0.181373,0.698436,-0.662362,27.727371,-179.536142,7.126455,-38.903926,
55.381694,0.041047,-0.051059,-0.737852,0.671776,0.191094,-0.237116,-0.689338,0.657322,1.000000,0.000000,0.000000,0.000000,0.079015,-0.101020,-0.773150,0.621121,0.201414,-0.181373,0.698436,-0.662362,27.727371,-179.536142,7.126455,-38.903926,
55.711484,0.041047,-0.051059,-0.737852,0.671776,0.191094,-0.237116,-0.689338,0.657322,1.000000,0.000000,0.000000,0.000000,0.079015,-0.101020,-0.773150,0.621121,0.201414,-0.181373,0.698436,-0.662362,27.727371,-179.536142,7.126455,-38.903926,
56.072007,0.041047,-0.051059,-0.737852,0.671776,0.191094,-0.237116,-0.689338,0.657322,1.000000,0.000000,0.000000,0.000000,0.079015,-0.101020,-0.773150,0.621121,0.201414,-0.181373,0.698436,-0.662362,27.727371,-179.536142,7.126455,-38.903926,
56.378130,0.041047,-0.051059,-0.737852,0.671776,0.191094,-0.237116,-0.689338,0.657322,1.000000,0.000000,0.000000,0.000000,0.079015,-0.101020,-0.773150,0.621121,0.201414,-0.181373,0.698436,-0.662362,27.727371,-179.536142,7.126455,-38.903926,
56.725242,0.041047,-0.051059,-0.737852,0.671776,0.191094,-0.237116,-0.689338,0.657322,1.000000,0.000000,0.000000,0.000000,0.079015,-0.101020,-0.773150,0.621121,0.201414,-0.181373,0.698436,-0.662362,27.727371,-179.536142,7.126455,-38.903926,
57.030475,0.041047,-0.051059,-0.737852,0.671776,0.191094,-0.237116,-0.689338,0.657322,1.000000,0.000000,0.000000,0.000000,0.079015,-0.101020,-0.773150,0.621121,0.201414,-0.181373,0.698436,-0.662362,27.727371,-179.536142,7.126455,-38.903926,
57.381525,0.041047,-0.051059,-0.737852,0.671776,0.191094,-0.237116,-0.689338,0.657322,1.000000,0.000000,0.000000,0.000000,0.079015,-0.101020,-0.773150,0.621121,0.201414,-0.181373,0.698436,-0.662362,27.727371,-179.536142,7.126455,-38.903926,
57.712302,0.041047,-0.051059,-0.737852,0.671776,0.191094,-0.237116,-0.689338,0.657322,1.000000,0.000000,0.000000,0.000000,0.079015,-0.101020,-0.773150,0.621121,0.201414,-0.181373,0.698436,-0.662362,27.727371,-179.536142,7.126455,-38.903926,
58.024846,0.041047,-0.051059,-0.737852,0.671776,0.191094,-0.237116,-0.689338,0.657322,1.000000,0.000000,0.000000,0.000000,0.079015,-0.101020,-0.773150,0.621121,0.201414,-0.181373,0.698436,-0.662362,27.727371,-179.536142,7.126455,-38.903926,
58.350081,0.041047,-0.051059,-0.737852,0.671776,0.191094,-0.237116,-0.689338,0.657322,1.000000,0.000000,0.000000,0.000000,0.079015,-0.101020,-0.773150,0.621121,0.201414,-0.181373,0.698436,-0.662362,27.727371,-179.536142,7.126455,-38.903926,
58.695450,0.041047,-0.051059,-0.737852,0.671776,0.191094,-0.237116,-0.689338,0.657322,1.000000,0.000000,0.000000,0.000000,0.079015,-0.101020,-0.773150,0.621121,0.201414,-0.181373,0.698436,-0.662362,27.727371,-179.536142,7.126455,-38.903926,
59.022185,0.041047,-0.051059,-0.737852,0.671776,0.191094,-0.237116,-0.689338,0.657322,1.000000,0.000000,0.000000,0.000000,0.079015,-0.101020,-0.773150,0.621121,0.201414,-0.181373,0.698436,-0.662362,27.727371,-179.536142,7.126455,-38.903926,
59.342257,0.041047,-0.051059,-0.737852,0.671776,0.191094,-0.237116,-0.689338,0.657322,1.000000,0.000000,0.000000,0.000000,0.079015,-0.101020,-0.773150,0.621121,0.201414,-0.181373,0.698436,-0.662362,27.727371,-179.536142,7.126455,-38.903926,
59.674203,0.041047,-0.051059,-0.737852,0.671776,0.191094,-0.237116,-0.689338,0.657322,1.000000,0.000000,0.000000,0.000000,0.079015,-0.101020,-0.773150,0.621121,0.201414,-0.181373,0.698436,-0.662362,27.727371,-179.536142,7.126455,-38.903926,
60.010869,0.041047,-0.051059,-0.737852,0.671776,0.191094,-0.237116,-0.689338,0.657322,1.000000,0.000000,0.000000,0.000000,0.079015,-0.101020,-0.773150,0.621121,0.201414,-0.181373,0.698436,-0.662362,27.727371,-179.536142,7.126455,-38.903926,
60.337316,0.041047,-0.051059,-0.737852,0.671776,0.191094,-0.237116,-0.689338,0.657322,1.000000,0.000000,0.000000,0.000000,0.079015,-0.101020,-0.773150,0.621121,0.201414,-0.181373,0.698436,-0.662362,27.727371,-179.536142,7.126455,-38.903926,
