0.000000,-0.437568,0.475618,-0.569740,0.507659,0.195168,-0.259224,-0.687593,0.649560,0.201272,-0.243329,-0.675913,0.665900,0.381050,-0.497065,-0.607079,0.489064,0.087101,-0.123143,-0.715829,0.681790,118.079872,117.140492,158.139940,97.657278,
0.060781,-0.437568,0.475618,-0.569740,0.507659,0.195168,-0.259224,-0.687593,0.649560,0.201272,-0.243329,-0.675913,0.665900,0.381050,-0.497065,-0.607079,0.489064,0.087101,-0.123143,-0.715829,0.681790,118.079872,117.140492,158.139940,97.657278,
0.132856,-0.437568,0.475618,-0.569740,0.507659,0.195168,-0.259224,-0.687593,0.649560,0.201272,-0.243329,-0.675913,0.665900,0.381050,-0.497065,-0.607079,0.489064,0.087101,-0.123143,-0.715829,0.681790,118.079872,117.140492,158.139940,97.657278,
0.189900,-0.437568,0.475618,-0.569740,0.507659,0.195168,-0.259224,-0.687593,0.649560,0.201272,-0.243329,-0.675913,0.665900,0.381050,-0.497065,-0.607079,0.489064,0.087101,-0.123143,-0.715829,0.681790,118.079872,117.140492,158.139940,97.657278,
0.237257,-0.437568,0.475618,-0.569740,0.507659,0.195168,-0.259224,-0.687593,0.649560,0.201272,-0.243329,-0.675913,0.665900,0.381050,-0.497065,-0.607079,0.489064,0.087101,-0.123143,-0.715829,0.681790,118.079872,117.140492,158.139940,97.657278,
0.309341,-0.437568,0.475618,-0.569740,0.507659,0.195168,-0.259224,-0.687593,0.649560,0.201272,-0.243329,-0.675913,0.665900,0.381050,-0.497065,-0.607079,0.489064,0.087101,-0.123143,-0.715829,0.681790,118.079872,117.140492,158.139940,97.657278,
0.349615,-0.437568,0.475618,-0.569740,0.507659,0.195168,-0.259224,-0.687593,0.649560,0.201272,-0.243329,-0.675913,0.665900,0.381050,-0.497065,-0.607079,0.489064,0.087101,-0.123143,-0.715829,0.681790,118.079872,117.140492,158.139940,97.657278,
0.392880,-0.437568,0.475618,-0.569740,0.507659,0.195168,-0.259224,-0.687593,0.649560,0.201272,-0.243329,-0.675913,0.665900,0.381050,-0.497065,-0.607079,0.489064,0.087101,-0.123143,-0.715829,0.681790,118.079872,117.140492,158.139940,97.657278,
0.435388,-0.437568,0.475618,-0.569740,0.507659,0.195168,-0.259224,-0.687593,0.649560,0.201272,-0.243329,-0.675913,0.665900,0.381050,-0.497065,-0.607079,0.489064,0.087101,-0.123143,-0.715829,0.681790,118.079872,117.140492,158.139940,97.657278,
0.481667,-0.437568,0.475618,-0.569740,0.507659,0.195168,-0.259224,-0.687593,0.649560,0.201272,-0.243329,-0.675913,0.665900,0.381050,-0.497065,-0.607079,0.489064,0.087101,-0.123143,-0.715829,0.681790,118.079872,117.140492,158.139940,97.657278,
0.524271,-0.437568,0.475618,-0.569740,0.507659,-0.438918,0.420922,-0.582892,0.538900,-0.275221,0.249200,-0.663532,0.649521,-0.347570,0.391642,-0.654072,0.545895,-0.393799,0.383778,-0.612242,0.568152,5.558897,36.982546,17.071927,13.751024,
0.566044,-0.437568,0.475618,-0.569740,0.507659,-0.438918,0.420922,-0.582892,0.538900,-0.275221,0.249200,-0.663532,0.649521,-0.347570,0.391642,-0.654072,0.545895,-0.393799,0.383778,-0.612242,0.568152,5.558897,36.982546,17.071927,13.751024,
0.734265,-0.437568,0.475618,-0.569740,0.507659,-0.438918,0.420922,-0.582892,0.538900,-0.275221,0.249200,-0.663532,0.649521,-0.347570,0.391642,-0.654072,0.545895,-0.393799,0.383778,-0.612242,0.568152,5.558897,36.982546,17.071927,13.751024,
1.013302,-0.437568,0.475618,-0.569740,0.507659,-0.438918,0.420922,-0.582892,0.538900,-0.275221,0.249200,-0.663532,0.649521,-0.347570,0.391642,-0.654072,0.545895,-0.393799,0.383778,-0.612242,0.568152,5.558897,36.982546,17.071927,13.751024,
1.273057,-0.437568,0.475618,-0.569740,0.507659,-0.438918,0.420922,-0.582892,0.538900,-0.275221,0.249200,-0.663532,0.649521,-0.347570,0.391642,-0.654072,0.545895,-0.393799,0.383778,-0.612242,0.568152,5.558897,36.982546,17.071927,13.751024,
1.563901,-0.437568,0.475618,-0.569740,0.507659,-0.438918,0.420922,-0.582892,0.538900,-0.275221,0.249200,-0.663532,0.649521,-0.347570,0.391642,-0.654072,0.545895,-0.393799,0.383778,-0.612242,0.568152,5.558897,36.982546,17.071927,13.751024,
1.814689,-0.437568,0.475618,-0.569740,0.507659,-0.438918,0.420922,-0.582892,0.538900,-0.275221,0.249200,-0.663532,0.649521,-0.347570,0.391642,-0.654072,0.545895,-0.393799,0.383778,-0.612242,0.568152,5.558897,36.982546,17.071927,13.751024,
2.104929,-0.437568,0.475618,-0.569740,0.507659,-0.438918,0.420922,-0.582892,0.538900,-0.275221,0.249200,-0.663532,0.649521,-0.347570,0.391642,-0.654072,0.545895,-0.393799,0.383778,-0.612242,0.568152,5.558897,36.982546,17.071927,13.751024,
2.354321,-0.437568,0.475618,-0.569740,0.507659,-0.438918,0.420922,-0.582892,0.538900,-0.275221,0.249200,-0.663532,0.649521,-0.347570,0.391642,-0.654072,0.545895,-0.393799,0.383778,-0.612242,0.568152,5.558897,36.982546,17.071927,13.751024,
2.650287,-0.437568,0.475618,-0.569740,0.507659,-0.438918,0.420922,-0.582892,0.538900,-0.275221,0.249200,-0.663532,0.649521,-0.347570,0.391642,-0.654072,0.545895,-0.393799,0.383778,-0.612242,0.568152,5.558897,36.982546,17.071927,13.751024,
2.892621,-0.437568,0.475618,-0.569740,0.507659,-0.438918,0.420922,-0.582892,0.538900,-0.275221,0.249200,-0.663532,0.649521,-0.347570,0.391642,-0.654072,0.545895,-0.393799,0.383778,-0.612242,0.568152,5.558897,36.982546,17.071927,13.751024,
3.185138,-0.437568,0.475618,-0.569740,0.507659,-0.438918,0.420922,-0.582892,0.538900,-0.275221,0.249200,-0.663532,0.649521,-0.347570,0.391642,-0.654072,0.545895,-0.393799,0.383778,-0.612242,0.568152,5.558897,36.982546,17.071927,13.751024,
3.470238,-0.437568,0.475618,-0.569740,0.507659,-0.438918,0.420922,-0.582892,0.538900,-0.275221,0.249200,-0.663532,0.649521,-0.347570,0.391642,-0.654072,0.545895,-0.393799,0.383778,-0.612242,0.568152,5.558897,36.982546,17.071927,13.751024,
3.725892,-0.437568,0.475618,-0.569740,0.507659,-0.438918,0.420922,-0.582892,0.538900,-0.275221,0.249200,-0.663532,0.649521,-0.347570,0.391642,-0.654072,0.545895,-0.393799,0.383778,-0.612242,0.568152,5.558897,36.982546,17.071927,13.751024,
4.008759,-0.437568,0.475618,-0.569740,0.507659,-0.438918,0.420922,-0.582892,0.538900,-0.275221,0.249200,-0.663532,0.649521,-0.347570,0.391642,-0.654072,0.545895,-0.393799,0.383778,-0.612242,0.568152,5.558897,36.982546,17.071927,13.751024,
4.273220,-0.437568,0.475618,-0.569740,0.507659,-0.438918,0.420922,-0.582892,0.538900,-0.275221,0.249200,-0.663532,0.649521,-0.347570,0.391642,-0.654072,0.545895,-0.393799,0.383778,-0.612242,0.568152,5.558897,36.982546,17.071927,13.751024,
4.549270,-0.437568,0.475618,-0.569740,0.507659,-0.438918,0.420922,-0.582892,0.538900,-0.275221,0.249200,-0.663532,0.649521,-0.347570,0.391642,-0.654072,0.545895,-0.393799,0.383778,-0.612242,0.568152,5.558897,36.982546,17.071927,13.751024,
4.810092,-0.437568,0.475618,-0.569740,0.507659,-0.438918,0.420922,-0.582892,0.538900,-0.275221,0.249200,-0.663532,0.649521,-0.347570,0.391642,-0.654072,0.545895,-0.393799,0.383778,-0.612242,0.568152,5.558897,36.982546,17.071927,13.751024,
5.094316,-0.437568,0.475618,-0.569740,0.507659,-0.438918,0.420922,-0.582892,0.538900,-0.275221,0.249200,-0.663532,0.649521,-0.347570,0.391642,-0.654072,0.545895,-0.393799,0.383778,-0.612242,0.568152,5.558897,36.982546,17.071927,13.751024,
5.354523,-0.437568,0.475618,-0.569740,0.507659,-0.438918,0.420922,-0.582892,0.538900,-0.275221,0.249200,-0.663532,0.649521,-0.347570,0.391642,-0.654072,0.545895,-0.393799,0.383778,-0.612242,0.568152,5.558897,36.982546,17.071927,13.751024,
5.627195,-0.437568,0.475618,-0.569740,0.507659,-0.438918,0.420922,-0.582892,0.538900,-0.275221,0.249200,-0.663532,0.649521,-0.347570,0.391642,-0.654072,0.545895,-0.393799,0.383778,-0.612242,0.568152,5.558897,36.982546,17.071927,13.751024,
5.888123,-0.437568,0.475618,-0.569740,0.507659,-0.438918,0.420922,-0.582892,0.538900,-0.275221,0.249200,-0.663532,0.649521,-0.347570,0.391642,-0.654072,0.545895,-0.393799,0.383778,-0.612242,0.568152,5.558897,36.982546,17.071927,13.751024,
6.169084,-0.437568,0.475618,-0.569740,0.507659,-0.438918,0.420922,-0.582892,0.538900,-0.275221,0.249200,-0.663532,0.649521,-0.347570,0.391642,-0.654072,0.545895,-0.393799,0.383778,-0.612242,0.568152,5.558897,36.982546,17.071927,13.751024,
6.423720,-0.437568,0.475618,-0.569740,0.507659,-0.438918,0.420922,-0.582892,0.538900,-0.275221,0.249200,-0.663532,0.649521,-0.347570,0.391642,-0.654072,0.545895,-0.393799,0.383778,-0.612242,0.568152,5.558897,36.982546,17.071927,13.751024,
6.706942,-0.437568,0.475618,-0.569740,0.507659,-0.438918,0.420922,-0.582892,0.538900,-0.275221,0.249200,-0.663532,0.649521,-0.347570,0.391642,-0.654072,0.545895,-0.393799,0.383778,-0.612242,0.568152,5.558897,36.982546,17.071927,13.751024,
6.967766,-0.437568,0.475618,-0.569740,0.507659,-0.438918,0.420922,-0.582892,0.538900,-0.275221,0.249200,-0.663532,0.649521,-0.347570,0.391642,-0.654072,0.545895,-0.393799,0.383778,-0.612242,0.568152,5.558897,36.982546,17.071927,13.751024,
7.244210,-0.437568,0.475618,-0.569740,0.507659,-0.438918,0.420922,-0.582892,0.538900,-0.275221,0.249200,-0.663532,0.649521,-0.347570,0.391642,-0.654072,0.545895,-0.393799,0.383778,-0.612242,0.568152,5.558897,36.982546,17.071927,13.751024,
7.501836,-0.437568,0.475618,-0.569740,0.507659,-0.438918,0.420922,-0.582892,0.538900,-0.275221,0.249200,-0.663532,0.649521,-0.347570,0.391642,-0.654072,0.545895,-0.393799,0.383778,-0.612242,0.568152,5.558897,36.982546,17.071927,13.751024,
7.788585,-0.437568,0.475618,-0.569740,0.507659,-0.438918,0.420922,-0.582892,0.538900,-0.275221,0.249200,-0.663532,0.649521,-0.347570,0.391642,-0.654072,0.545895,-0.393799,0.383778,-0.612242,0.568152,5.558897,36.982546,17.071927,13.751024,
8.043576,-0.437568,0.475618,-0.569740,0.507659,-0.438918,0.420922,-0.582892,0.538900,-0.275221,0.249200,-0.663532,0.649521,-0.347570,0.391642,-0.654072,0.545895,-0.393799,0.383778,-0.612242,0.568152,5.558897,36.982546,17.071927,13.751024,
8.330930,-0.437568,0.475618,-0.569740,0.507659,-0.438918,0.420922,-0.582892,0.538900,-0.275221,0.249200,-0.663532,0.649521,-0.347570,0.391642,-0.654072,0.545895,-0.393799,0.383778,-0.612242,0.568152,5.558897,36.982546,17.071927,13.751024,
8.589121,-0.437568,0.475618,-0.569740,0.507659,-0.438918,0.420922,-0.582892,0.538900,-0.275221,0.249200,-0.663532,0.649521,-0.347570,0.391642,-0.654072,0.545895,-0.393799,0.383778,-0.612242,0.568152,5.558897,36.982546,17.071927,13.751024,
8.869398,-0.437568,0.475618,-0.569740,0.507659,-0.438918,0.420922,-0.582892,0.538900,-0.275221,0.249200,-0.663532,0.649521,-0.347570,0.391642,-0.654072,0.545895,-0.393799,0.383778,-0.612242,0.568152,5.558897,36.982546,17.071927,13.751024,
9.121616,-0.437568,0.475618,-0.569740,0.507659,-0.438918,0.420922,-0.582892,0.538900,-0.275221,0.249200,-0.663532,0.649521,-0.347570,0.391642,-0.654072,0.545895,-0.393799,0.383778,-0.612242,0.568152,5.558897,36.982546,17.071927,13.751024,
9.408627,-0.437568,0.475618,-0.569740,0.507659,-0.438918,0.420922,-0.582892,0.538900,-0.275221,0.249200,-0.663532,0.649521,-0.347570,0.391642,-0.654072,0.545895,-0.393799,0.383778,-0.612242,0.568152,5.558897,36.982546,17.071927,13.751024,
9.664477,-0.437568,0.475618,-0.569740,0.507659,-0.438918,0.420922,-0.582892,0.538900,-0.275221,0.249200,-0.663532,0.649521,-0.347570,0.391642,-0.654072,0.545895,-0.393799,0.383778,-0.612242,0.568152,5.558897,36.982546,17.071927,13.751024,
9.948266,-0.437568,0.475618,-0.569740,0.507659,-0.438918,0.420922,-0.582892,0.538900,-0.275221,0.249200,-0.663532,0.649521,-0.347570,0.391642,-0.654072,0.545895,-0.393799,0.383778,-0.612242,0.568152,5.558897,36.982546,17.071927,13.751024,
10.205482,-0.437568,0.475618,-0.569740,0.507659,-0.438918,0.420922,-0.582892,0.538900,-0.275221,0.249200,-0.663532,0.649521,-0.347570,0.391642,-0.654072,0.545895,-0.393799,0.383778,-0.612242,0.568152,5.558897,36.982546,17.071927,13.751024,
10.488447,-0.437568,0.475618,-0.569740,0.507659,-0.438918,0.420922,-0.582892,0.538900,-0.275221,0.249200,-0.663532,0.649521,-0.347570,0.391642,-0.654072,0.545895,-0.393799,0.383778,-0.612242,0.568152,5.558897,36.982546,17.071927,13.751024,
10.749129,-0.437568,0.475618,-0.569740,0.507659,-0.438918,0.420922,-0.582892,0.538900,-0.275221,0.249200,-0.663532,0.649521,-0.347570,0.391642,-0.654072,0.545895,-0.393799,0.383778,-0.612242,0.568152,5.558897,36.982546,17.071927,13.751024,
11.032928,-0.437568,0.475618,-0.569740,0.507659,-0.438918,0.420922,-0.582892,0.538900,-0.275221,0.249200,-0.663532,0.649521,-0.347570,0.391642,-0.654072,0.545895,-0.393799,0.383778,-0.612242,0.568152,5.558897,36.982546,17.071927,13.751024,
11.281486,-0.437568,0.475618,-0.569740,0.507659,-0.438918,0.420922,-0.582892,0.538900,-0.275221,0.249200,-0.663532,0.649521,-0.347570,0.391642,-0.654072,0.545895,-0.393799,0.383778,-0.612242,0.568152,5.558897,36.982546,17.071927,13.751024,
11.566522,-0.437568,0.475618,-0.569740,0.507659,-0.438918,0.420922,-0.582892,0.538900,-0.275221,0.249200,-0.663532,0.649521,-0.347570,0.391642,-0.654072,0.545895,-0.393799,0.383778,-0.612242,0.568152,5.558897,36.982546,17.071927,13.751024,
11.827209,-0.437568,0.475618,-0.569740,0.507659,-0.438918,0.420922,-0.582892,0.538900,-0.275221,0.249200,-0.663532,0.649521,-0.347570,0.391642,-0.654072,0.545895,-0.393799,0.383778,-0.612242,0.568152,5.558897,36.982546,17.071927,13.751024,
12.108942,-0.437568,0.475618,-0.569740,0.507659,-0.438918,0.420922,-0.582892,0.538900,-0.275221,0.249200,-0.663532,0.649521,-0.347570,0.391642,-0.654072,0.545895,-0.393799,0.383778,-0.612242,0.568152,5.558897,36.982546,17.071927,13.751024,
12.363678,-0.437568,0.475618,-0.569740,0.507659,-0.438918,0.420922,-0.582892,0.538900,-0.275221,0.249200,-0.663532,0.649521,-0.347570,0.391642,-0.654072,0.545895,-0.393799,0.383778,-0.612242,0.568152,5.558897,36.982546,17.071927,13.751024,
12.646717,-0.437568,0.475618,-0.569740,0.507659,-0.438918,0.420922,-0.582892,0.538900,-0.275221,0.249200,-0.663532,0.649521,-0.347570,0.391642,-0.654072,0.545895,-0.393799,0.383778,-0.612242,0.568152,5.558897,36.982546,17.071927,13.751024,
12.909881,-0.437568,0.475618,-0.569740,0.507659,-0.438918,0.420922,-0.582892,0.538900,-0.275221,0.249200,-0.663532,0.649521,-0.347570,0.391642,-0.654072,0.545895,-0.393799,0.383778,-0.612242,0.568152,5.558897,36.982546,17.071927,13.751024,
13.183202,-0.437568,0.475618,-0.569740,0.507659,-0.438918,0.420922,-0.582892,0.538900,-0.275221,0.249200,-0.663532,0.649521,-0.347570,0.391642,-0.654072,0.545895,-0.393799,0.383778,-0.612242,0.568152,5.558897,36.982546,17.071927,13.751024,
13.443021,-0.437568,0.475618,-0.569740,0.507659,-0.438918,0.420922,-0.582892,0.538900,-0.275221,0.249200,-0.663532,0.649521,-0.347570,0.391642,-0.654072,0.545895,-0.393799,0.383778,-0.612242,0.568152,5.558897,36.982546,17.071927,13.751024,
13.726122,-0.437568,0.475618,-0.569740,0.507659,-0.438918,0.420922,-0.582892,0.538900,-0.275221,0.249200,-0.663532,0.649521,-0.347570,0.391642,-0.654072,0.545895,-0.393799,0.383778,-0.612242,0.568152,5.558897,36.982546,17.071927,13.751024,
13.981639,-0.437568,0.475618,-0.569740,0.507659,-0.438918,0.420922,-0.582892,0.538900,-0.275221,0.249200,-0.663532,0.649521,-0.347570,0.391642,-0.654072,0.545895,-0.393799,0.383778,-0.612242,0.568152,5.558897,36.982546,17.071927,13.751024,
14.265199,-0.437568,0.475618,-0.569740,0.507659,-0.438918,0.420922,-0.582892,0.538900,-0.275221,0.249200,-0.663532,0.649521,-0.347570,0.391642,-0.654072,0.545895,-0.393799,0.383778,-0.612242,0.568152,5.558897,36.982546,17.071927,13.751024,
14.530442,-0.437568,0.475618,-0.569740,0.507659,-0.438918,0.420922,-0.582892,0.538900,-0.275221,0.249200,-0.663532,0.649521,-0.347570,0.391642,-0.654072,0.545895,-0.393799,0.383778,-0.612242,0.568152,5.558897,36.982546,17.071927,13.751024,
14.800538,-0.437568,0.475618,-0.569740,0.507659,-0.438918,0.420922,-0.582892,0.538900,-0.275221,0.249200,-0.663532,0.649521,-0.347570,0.391642,-0.654072,0.545895,-0.393799,0.383778,-0.612242,0.568152,5.558897,36.982546,17.071927,13.751024,
15.068369,-0.437568,0.475618,-0.569740,0.507659,-0.438918,0.420922,-0.582892,0.538900,-0.275221,0.249200,-0.663532,0.649521,-0.347570,0.391642,-0.654072,0.545895,-0.393799,0.383778,-0.612242,0.568152,5.558897,36.982546,17.071927,13.751024,
15.346825,-0.437568,0.475618,-0.569740,0.507659,-0.438918,0.420922,-0.582892,0.538900,-0.275221,0.249200,-0.663532,0.649521,-0.347570,0.391642,-0.654072,0.545895,-0.393799,0.383778,-0.612242,0.568152,5.558897,36.982546,17.071927,13.751024,
15.602820,-0.437568,0.475618,-0.569740,0.507659,-0.438918,0.420922,-0.582892,0.538900,-0.275221,0.249200,-0.663532,0.649521,-0.347570,0.391642,-0.654072,0.545895,-0.393799,0.383778,-0.612242,0.568152,5.558897,36.982546,17.071927,13.751024,
15.886160,-0.437568,0.475618,-0.569740,0.507659,-0.438918,0.420922,-0.582892,0.538900,-0.275221,0.249200,-0.663532,0.649521,-0.347570,0.391642,-0.654072,0.545895,-0.393799,0.383778,-0.612242,0.568152,5.558897,36.982546,17.071927,13.751024,
16.142651,-0.437568,0.475618,-0.569740,0.507659,-0.438918,0.420922,-0.582892,0.538900,-0.275221,0.249200,-0.663532,0.649521,-0.347570,0.391642,-0.654072,0.545895,-0.393799,0.383778,-0.612242,0.568152,5.558897,36.982546,17.071927,13.751024,
16.426661,-0.437568,0.475618,-0.569740,0.507659,-0.438918,0.420922,-0.582892,0.538900,-0.275221,0.249200,-0.663532,0.649521,-0.347570,0.391642,-0.654072,0.545895,-0.393799,0.383778,-0.612242,0.568152,5.558897,36.982546,17.071927,13.751024,
16.687316,-0.437568,0.475618,-0.569740,0.507659,-0.438918,0.420922,-0.582892,0.538900,-0.275221,0.249200,-0.663532,0.649521,-0.347570,0.391642,-0.654072,0.545895,-0.393799,0.383778,-0.612242,0.568152,5.558897,36.982546,17.071927,13.751024,
16.958455,-0.437568,0.475618,-0.569740,0.507659,-0.438918,0.420922,-0.582892,0.538900,-0.275221,0.249200,-0.663532,0.649521,-0.347570,0.391642,-0.654072,0.545895,-0.393799,0.383778,-0.612242,0.568152,5.558897,36.982546,17.071927,13.751024,
17.220419,-0.437568,0.475618,-0.569740,0.507659,-0.438918,0.420922,-0.582892,0.538900,-0.275221,0.249200,-0.663532,0.649521,-0.347570,0.391642,-0.654072,0.545895,-0.393799,0.383778,-0.612242,0.568152,5.558897,36.982546,17.071927,13.751024,
17.501107,-0.437568,0.475618,-0.569740,0.507659,-0.438918,0.420922,-0.582892,0.538900,-0.275221,0.249200,-0.663532,0.649521,-0.347570,0.391642,-0.654072,0.545895,-0.393799,0.383778,-0.612242,0.568152,5.558897,36.982546,17.071927,13.751024,
17.762597,-0.437568,0.475618,-0.569740,0.507659,-0.438918,0.420922,-0.582892,0.538900,-0.275221,0.249200,-0.663532,0.649521,-0.347570,0.391642,-0.654072,0.545895,-0.393799,0.383778,-0.612242,0.568152,5.558897,36.982546,17.071927,13.751024,
18.045781,-0.437568,0.475618,-0.569740,0.507659,-0.438918,0.420922,-0.582892,0.538900,-0.275221,0.249200,-0.663532,0.649521,-0.347570,0.391642,-0.654072,0.545895,-0.393799,0.383778,-0.612242,0.568152,5.558897,36.982546,17.071927,13.751024,
18.307190,-0.437568,0.475618,-0.569740,0.507659,-0.438918,0.420922,-0.582892,0.538900,-0.275221,0.249200,-0.663532,0.649521,-0.347570,0.391642,-0.654072,0.545895,-0.393799,0.383778,-0.612242,0.568152,5.558897,36.982546,17.071927,13.751024,
18.578525,-0.437568,0.475618,-0.569740,0.507659,-0.438918,0.420922,-0.582892,0.538900,-0.275221,0.249200,-0.663532,0.649521,-0.347570,0.391642,-0.654072,0.545895,-0.393799,0.383778,-0.612242,0.568152,5.558897,36.982546,17.071927,13.751024,
18.847742,-0.437568,0.475618,-0.569740,0.507659,-0.438918,0.420922,-0.582892,0.538900,-0.275221,0.249200,-0.663532,0.649521,-0.347570,0.391642,-0.654072,0.545895,-0.393799,0.383778,-0.612242,0.568152,5.558897,36.982546,17.071927,13.751024,
19.125589,-0.437568,0.475618,-0.569740,0.507659,-0.438918,0.420922,-0.582892,0.538900,-0.275221,0.249200,-0.663532,0.649521,-0.347570,0.391642,-0.654072,0.545895,-0.393799,0.383778,-0.612242,0.568152,5.558897,36.982546,17.071927,13.751024,
19.387155,-0.437568,0.475618,-0.569740,0.507659,-0.438918,0.420922,-0.582892,0.538900,-0.275221,0.249200,-0.663532,0.649521,-0.347570,0.391642,-0.654072,0.545895,-0.393799,0.383778,-0.612242,0.568152,5.558897,36.982546,17.071927,13.751024,
19.666057,-0.437568,0.475618,-0.569740,0.507659,-0.438918,0.420922,-0.582892,0.538900,-0.275221,0.249200,-0.663532,0.649521,-0.347570,0.391642,-0.654072,0.545895,-0.393799,0.383778,-0.612242,0.568152,5.558897,36.982546,17.071927,13.751024,
19.923167,-0.437568,0.475618,-0.569740,0.507659,-0.438918,0.420922,-0.582892,0.538900,-0.275221,0.249200,-0.663532,0.649521,-0.347570,0.391642,-0.654072,0.545895,-0.393799,0.383778,-0.612242,0.568152,5.558897,36.982546,17.071927,13.751024,
20.205333,-0.437568,0.475618,-0.569740,0.507659,-0.438918,0.420922,-0.582892,0.538900,-0.275221,0.249200,-0.663532,0.649521,-0.347570,0.391642,-0.654072,0.545895,-0.197496,0.179451,-0.712791,0.648630,5.558897,36.982546,17.071927,49.543016,
20.466728,-0.437568,0.475618,-0.569740,0.507659,-0.438918,0.420922,-0.582892,0.538900,-0.275221,0.249200,-0.663532,0.649521,-0.347570,0.391642,-0.654072,0.545895,-0.395040,0.383039,-0.611062,0.569058,5.558897,36.982546,17.071927,13.707804,
20.752201,-0.437568,0.475618,-0.569740,0.507659,-0.438918,0.420922,-0.582892,0.538900,-0.275221,0.249200,-0.663532,0.649521,-0.347570,0.391642,-0.654072,0.545895,-0.377117,0.359111,-0.627194,0.579180,5.558897,36.982546,17.071927,17.705919,
21.001216,-0.437568,0.475618,-0.569740,0.507659,-0.438918,0.420922,-0.582892,0.538900,-0.275221,0.249200,-0.663532,0.649521,-0.347570,0.391642,-0.654072,0.545895,-0.244196,0.228248,-0.694713,0.636903,5.558897,36.982546,17.071927,41.424693,
21.279348,-0.437568,0.475618,-0.569740,0.507659,-0.438918,0.420922,-0.582892,0.538900,-0.275221,0.249200,-0.663532,0.649521,-0.347570,0.391642,-0.654072,0.545895,-0.065065,0.009009,-0.739745,0.669674,5.558897,36.982546,17.071927,74.638282,
21.541637,-0.437568,0.475618,-0.569740,0.507659,-0.438918,0.420922,-0.582892,0.538900,-0.275221,0.249200,-0.663532,0.649521,-0.347570,0.391642,-0.654072,0.545895,-0.053015,0.023006,-0.737208,0.673190,5.558897,36.982546,17.071927,74.393075,
21.818042,-0.437568,0.475618,-0.569740,0.507659,-0.438918,0.420922,-0.582892,0.538900,-0.275221,0.249200,-0.663532,0.649521,-0.347570,0.391642,-0.654072,0.545895,-0.141120,0.115098,-0.725617,0.663564,5.558897,36.982546,17.071927,59.630713,
22.086016,-0.437568,0.475618,-0.569740,0.507659,-0.438918,0.420922,-0.582892,0.538900,-0.275221,0.249200,-0.663532,0.649521,-0.347570,0.391642,-0.654072,0.545895,-0.381399,0.373391,-0.617646,0.577604,5.558897,36.982546,17.071927,15.962801,
22.364964,-0.437568,0.475618,-0.569740,0.507659,-0.438918,0.420922,-0.582892,0.538900,-0.275221,0.249200,-0.663532,0.649521,-0.347570,0.391642,-0.654072,0.545895,-0.381399,0.373391,-0.617646,0.577604,5.558897,36.982546,17.071927,15.962801,
22.623494,-0.437568,0.475618,-0.569740,0.507659,-0.438918,0.420922,-0.582892,0.538900,-0.275221,0.249200,-0.663532,0.649521,-0.347570,0.391642,-0.654072,0.545895,-0.381399,0.373391,-0.617646,0.577604,5.558897,36.982546,17.071927,15.962801,
22.899400,-0.437568,0.475618,-0.569740,0.507659,-0.438918,0.420922,-0.582892,0.538900,-0.275221,0.249200,-0.663532,0.649521,-0.347570,0.391642,-0.654072,0.545895,-0.381399,0.373391,-0.617646,0.577604,5.558897,36.982546,17.071927,15.962801,
23.161735,-0.437568,0.475618,-0.569740,0.507659,-0.438918,0.420922,-0.582892,0.538900,-0.275221,0.249200,-0.663532,0.649521,-0.347570,0.391642,-0.654072,0.545895,-0.381399,0.373391,-0.617646,0.577604,5.558897,36.982546,17.071927,15.962801,
23.439834,-0.437568,0.475618,-0.569740,0.507659,-0.438918,0.420922,-0.582892,0.538900,-0.275221,0.249200,-0.663532,0.649521,-0.347570,0.391642,-0.654072,0.545895,-0.381399,0.373391,-0.617646,0.577604,5.558897,36.982546,17.071927,15.962801,
23.699266,-0.437568,0.475618,-0.569740,0.507659,-0.438918,0.420922,-0.582892,0.538900,-0.275221,0.249200,-0.663532,0.649521,-0.347570,0.391642,-0.654072,0.545895,-0.381399,0.373391,-0.617646,0.577604,5.558897,36.982546,17.071927,15.962801,
23.979521,-0.437568,0.475618,-0.569740,0.507659,-0.438918,0.420922,-0.582892,0.538900,-0.275221,0.249200,-0.663532,0.649521,-0.347570,0.391642,-0.654072,0.545895,-0.381399,0.373391,-0.617646,0.577604,5.558897,36.982546,17.071927,15.962801,
24.241860,-0.437568,0.475618,-0.569740,0.507659,-0.438918,0.420922,-0.582892,0.538900,-0.275221,0.249200,-0.663532,0.649521,-0.347570,0.391642,-0.654072,0.545895,-0.381399,0.373391,-0.617646,0.577604,5.558897,36.982546,17.071927,15.962801,
24.526114,-0.437568,0.475618,-0.569740,0.507659,-0.438918,0.420922,-0.582892,0.538900,-0.275221,0.249200,-0.663532,0.649521,-0.347570,0.391642,-0.654072,0.545895,-0.381399,0.373391,-0.617646,0.577604,5.558897,36.982546,17.071927,15.962801,
24.781148,-0.437568,0.475618,-0.569740,0.507659,-0.438918,0.420922,-0.582892,0.538900,-0.275221,0.249200,-0.663532,0.649521,-0.347570,0.391642,-0.654072,0.545895,-0.381399,0.373391,-0.617646,0.577604,5.558897,36.982546,17.071927,15.962801,
25.065604,-0.437568,0.475618,-0.569740,0.507659,-0.438918,0.420922,-0.582892,0.538900,-0.275221,0.249200,-0.663532,0.649521,-0.347570,0.391642,-0.654072,0.545895,-0.381399,0.373391,-0.617646,0.577604,5.558897,36.982546,17.071927,15.962801,
25.320959,-0.437568,0.475618,-0.569740,0.507659,-0.438918,0.420922,-0.582892,0.538900,-0.275221,0.249200,-0.663532,0.649521,-0.347570,0.391642,-0.654072,0.545895,-0.381399,0.373391,-0.617646,0.577604,5.558897,36.982546,17.071927,15.962801,
25.603427,-0.437568,0.475618,-0.569740,0.507659,-0.438918,0.420922,-0.582892,0.538900,-0.275221,0.249200,-0.663532,0.649521,-0.347570,0.391642,-0.654072,0.545895,-0.381399,0.373391,-0.617646,0.577604,5.558897,36.982546,17.071927,15.962801,
25.859343,-0.437568,0.475618,-0.569740,0.507659,-0.438918,0.420922,-0.582892,0.538900,-0.275221,0.249200,-0.663532,0.649521,-0.347570,0.391642,-0.654072,0.545895,-0.381399,0.373391,-0.617646,0.577604,5.558897,36.982546,17.071927,15.962801,
26.140091,-0.437568,0.475618,-0.569740,0.507659,-0.438918,0.420922,-0.582892,0.538900,-0.275221,0.249200,-0.663532,0.649521,-0.347570,0.391642,-0.654072,0.545895,-0.381399,0.373391,-0.617646,0.577604,5.558897,36.982546,17.071927,15.962801,
26.399154,-0.437568,0.475618,-0.569740,0.507659,-0.438918,0.420922,-0.582892,0.538900,-0.275221,0.249200,-0.663532,0.649521,-0.347570,0.391642,-0.654072,0.545895,-0.381399,0.373391,-0.617646,0.577604,5.558897,36.982546,17.071927,15.962801,
26.677859,-0.437568,0.475618,-0.569740,0.507659,-0.438918,0.420922,-0.582892,0.538900,-0.275221,0.249200,-0.663532,0.649521,-0.347570,0.391642,-0.654072,0.545895,-0.381399,0.373391,-0.617646,0.577604,5.558897,36.982546,17.071927,15.962801,
26.941783,-0.437568,0.475618,-0.569740,0.507659,-0.438918,0.420922,-0.582892,0.538900,-0.275221,0.249200,-0.663532,0.649521,-0.347570,0.391642,-0.654072,0.545895,-0.381399,0.373391,-0.617646,0.577604,5.558897,36.982546,17.071927,15.962801,
27.219918,-0.437568,0.475618,-0.569740,0.507659,-0.438918,0.420922,-0.582892,0.538900,-0.275221,0.249200,-0.663532,0.649521,-0.347570,0.391642,-0.654072,0.545895,-0.381399,0.373391,-0.617646,0.577604,5.558897,36.982546,17.071927,15.962801,
27.481587,-0.437568,0.475618,-0.569740,0.507659,-0.438918,0.420922,-0.582892,0.538900,-0.275221,0.249200,-0.663532,0.649521,-0.347570,0.391642,-0.654072,0.545895,-0.381399,0.373391,-0.617646,0.577604,5.558897,36.982546,17.071927,15.962801,
27.756883,-0.439101,0.473109,-0.571131,0.507117,-0.438918,0.420922,-0.582892,0.538900,-0.275221,0.249200,-0.663532,0.649521,-0.347570,0.391642,-0.654072,0.545895,-0.038992,0.008998,-0.736854,0.674866,5.447033,36.853707,17.002517,76.541921,
28.030960,-0.435742,0.469800,-0.573978,0.509869,-0.438918,0.420922,-0.582892,0.538900,0.089049,-0.127069,-0.713390,0.683373,-0.026998,0.008999,-0.776930,0.628943,-0.038992,0.008998,-0.736854,0.674866,4.741131,97.289290,76.675371,75.836336,
28.287640,-0.435241,0.469260,-0.575319,0.509282,-0.438918,0.420922,-0.582892,0.538900,0.089049,-0.127069,-0.713390,0.683373,-0.026998,0.008999,-0.776930,0.628943,-0.038992,0.008998,-0.736854,0.674866,4.633587,97.173985,76.564872,75.723527,
28.542328,-0.433617,0.469668,-0.575819,0.509725,-0.438918,0.420922,-0.582892,0.538900,0.089049,-0.127069,-0.713390,0.683373,-0.027040,0.009013,-0.776136,0.629922,-0.038992,0.008998,-0.736854,0.674866,4.510507,97.061689,76.440904,75.606932,
28.809547,-0.431857,0.465924,-0.578147,0.512016,-0.438918,0.420922,-0.582892,0.538900,0.089049,-0.127069,-0.713390,0.683373,-0.027040,0.009013,-0.776136,0.629922,-0.038992,0.008998,-0.736854,0.674866,3.926335,96.470548,75.845747,75.016577,
29.087234,-0.431453,0.467491,-0.577607,0.511537,-0.438918,0.420922,-0.582892,0.538900,0.089049,-0.127069,-0.713390,0.683373,-0.027040,0.009013,-0.776136,0.629922,-0.038992,0.008998,-0.736854,0.674866,4.053381,96.607212,75.976135,75.150072,
29.344754,-0.431413,0.465446,-0.577554,0.513492,-0.438918,0.420922,-0.582892,0.538900,0.089049,-0.127069,-0.713390,0.683373,-0.027040,0.009013,-0.776136,0.629922,-0.038992,0.008998,-0.736854,0.674866,3.826764,96.380068,75.745506,74.922421,
29.621760,-0.429241,0.463260,-0.579326,0.515290,-0.438918,0.420922,-0.582892,0.538900,0.089049,-0.127069,-0.713390,0.683373,-0.027040,0.009013,-0.776136,0.629922,-0.038992,0.008998,-0.736854,0.674866,3.370095,95.925945,75.281164,74.465923,
29.890684,-0.429684,0.463738,-0.579923,0.513818,-0.438918,0.420922,-0.582892,0.538900,0.089049,-0.127069,-0.713390,0.683373,-0.029041,0.009013,-0.776092,0.629886,-0.038992,0.008998,-0.736854,0.674866,3.469209,96.016007,75.229371,74.559688,
30.169557,-0.429684,0.463738,-0.579923,0.513818,-0.438918,0.420922,-0.582892,0.538900,0.089049,-0.127069,-0.713390,0.683373,-0.029041,0.009013,-0.776092,0.629886,-0.038992,0.008998,-0.736854,0.674866,3.469209,96.016007,75.229371,74.559688,
30.431194,-0.429684,0.463738,-0.579923,0.513818,-0.438918,0.420922,-0.582892,0.538900,0.089049,-0.127069,-0.713390,0.683373,-0.029041,0.009013,-0.776092,0.629886,-0.038992,0.008998,-0.736854,0.674866,3.469209,96.016007,75.229371,74.559688,
30.718283,-0.429684,0.463738,-0.579923,0.513818,-0.438918,0.420922,-0.582892,0.538900,0.089049,-0.127069,-0.713390,0.683373,-0.029041,0.009013,-0.776092,0.629886,-0.038992,0.008998,-0.736854,0.674866,3.469209,96.016007,75.229371,74.559688,
30.970491,-0.429684,0.463738,-0.579923,0.513818,-0.438918,0.420922,-0.582892,0.538900,0.089049,-0.127069,-0.713390,0.683373,-0.029041,0.009013,-0.776092,0.629886,-0.038992,0.008998,-0.736854,0.674866,3.469209,96.016007,75.229371,74.559688,
31.239459,-0.429684,0.463738,-0.579923,0.513818,-0.438918,0.420922,-0.582892,0.538900,0.089049,-0.127069,-0.713390,0.683373,-0.029041,0.009013,-0.776092,0.629886,-0.038992,0.008998,-0.736854,0.674866,3.469209,96.016007,75.229371,74.559688,
31.505738,-0.429684,0.463738,-0.579923,0.513818,-0.438918,0.420922,-0.582892,0.538900,0.089049,-0.127069,-0.713390,0.683373,-0.029041,0.009013,-0.776092,0.629886,-0.038992,0.008998,-0.736854,0.674866,3.469209,96.016007,75.229371,74.559688,
31.771631,-0.429684,0.463738,-0.579923,0.513818,-0.438918,0.420922,-0.582892,0.538900,0.089049,-0.127069,-0.713390,0.683373,-0.029041,0.009013,-0.776092,0.629886,-0.038992,0.008998,-0.736854,0.674866,3.469209,96.016007,75.229371,74.559688,
32.034408,-0.429684,0.463738,-0.579923,0.513818,-0.438918,0.420922,-0.582892,0.538900,0.089049,-0.127069,-0.713390,0.683373,-0.029041,0.009013,-0.776092,0.629886,-0.038992,0.008998,-0.736854,0.674866,3.469209,96.016007,75.229371,74.559688,
32.319811,-0.429684,0.463738,-0.579923,0.513818,-0.438918,0.420922,-0.582892,0.538900,0.089049,-0.127069,-0.713390,0.683373,-0.027047,0.011019,-0.774341,0.632094,-0.038992,0.008998,-0.736854,0.674866,3.469209,96.016007,75.213849,74.559688,
32.575131,-0.429684,0.463738,-0.579923,0.513818,-0.438918,0.420922,-0.582892,0.538900,0.089049,-0.127069,-0.713390,0.683373,-0.029041,0.009013,-0.776092,0.629886,-0.038992,0.008998,-0.736854,0.674866,3.469209,96.016007,75.229371,74.559688,
32.852487,-0.429684,0.463738,-0.579923,0.513818,-0.438918,0.420922,-0.582892,0.538900,0.089049,-0.127069,-0.713390,0.683373,-0.027005,0.009002,-0.775157,0.631128,-0.038992,0.008998,-0.736854,0.674866,3.469209,96.016007,75.390392,74.559688,
33.114903,-0.429684,0.463738,-0.579923,0.513818,-0.438918,0.420922,-0.582892,0.538900,0.089049,-0.127069,-0.713390,0.683373,-0.027005,0.009002,-0.775157,0.631128,-0.038992,0.008998,-0.736854,0.674866,3.469209,96.016007,75.390392,74.559688,
33.394914,-0.429684,0.463738,-0.579923,0.513818,-0.438918,0.420922,-0.582892,0.538900,0.089049,-0.127069,-0.713390,0.683373,-0.027005,0.009002,-0.775157,0.631128,-0.038992,0.008998,-0.736854,0.674866,3.469209,96.016007,75.390392,74.559688,
33.655368,-0.429684,0.463738,-0.579923,0.513818,-0.438918,0.420922,-0.582892,0.538900,0.089049,-0.127069,-0.713390,0.683373,-0.027005,0.009002,-0.775157,0.631128,-0.038992,0.008998,-0.736854,0.674866,3.469209,96.016007,75.390392,74.559688,
33.931607,-0.429684,0.463738,-0.579923,0.513818,-0.438918,0.420922,-0.582892,0.538900,0.089049,-0.127069,-0.713390,0.683373,-0.027005,0.009002,-0.775157,0.631128,-0.038992,0.008998,-0.736854,0.674866,3.469209,96.016007,75.390392,74.559688,
34.195526,-0.429684,0.463738,-0.579923,0.513818,-0.438918,0.420922,-0.582892,0.538900,0.089049,-0.127069,-0.713390,0.683373,-0.027005,0.009002,-0.775157,0.631128,-0.038992,0.008998,-0.736854,0.674866,3.469209,96.016007,75.390392,74.559688,
34.479883,-0.429684,0.463738,-0.579923,0.513818,-0.438918,0.420922,-0.582892,0.538900,0.089049,-0.127069,-0.713390,0.683373,-0.027005,0.009002,-0.775157,0.631128,-0.038992,0.008998,-0.736854,0.674866,3.469209,96.016007,75.390392,74.559688,
34.738769,-0.429684,0.463738,-0.579923,0.513818,-0.438918,0.420922,-0.582892,0.538900,0.089049,-0.127069,-0.713390,0.683373,-0.027005,0.009002,-0.775157,0.631128,-0.038992,0.008998,-0.736854,0.674866,3.469209,96.016007,75.390392,74.559688,
35.018996,-0.429684,0.463738,-0.579923,0.513818,-0.438918,0.420922,-0.582892,0.538900,0.089049,-0.127069,-0.713390,0.683373,-0.027005,0.009002,-0.775157,0.631128,-0.038992,0.008998,-0.736854,0.674866,3.469209,96.016007,75.390392,74.559688,
35.273469,-0.429684,0.463738,-0.579923,0.513818,-0.438918,0.420922,-0.582892,0.538900,0.089049,-0.127069,-0.713390,0.683373,-0.027005,0.009002,-0.775157,0.631128,-0.038992,0.008998,-0.736854,0.674866,3.469209,96.016007,75.390392,74.559688,
35.559062,-0.429684,0.463738,-0.579923,0.513818,-0.438918,0.420922,-0.582892,0.538900,0.089049,-0.127069,-0.713390,0.683373,-0.027005,0.009002,-0.775157,0.631128,-0.038992,0.008998,-0.736854,0.674866,3.469209,96.016007,75.390392,74.559688,
35.823430,-0.429684,0.463738,-0.579923,0.513818,-0.438918,0.420922,-0.582892,0.538900,0.089049,-0.127069,-0.713390,0.683373,-0.027005,0.009002,-0.775157,0.631128,-0.038992,0.008998,-0.736854,0.674866,3.469209,96.016007,75.390392,74.559688,
36.099441,-0.429684,0.463738,-0.579923,0.513818,-0.438918,0.420922,-0.582892,0.538900,0.089049,-0.127069,-0.713390,0.683373,-0.027005,0.009002,-0.775157,0.631128,-0.038992,0.008998,-0.736854,0.674866,3.469209,96.016007,75.390392,74.559688,
36.360721,-0.429684,0.463738,-0.579923,0.513818,-0.438918,0.420922,-0.582892,0.538900,0.089049,-0.127069,-0.713390,0.683373,-0.027005,0.009002,-0.775157,0.631128,-0.038992,0.008998,-0.736854,0.674866,3.469209,96.016007,75.390392,74.559688,
36.633447,-0.429684,0.463738,-0.579923,0.513818,-0.438918,0.420922,-0.582892,0.538900,0.089049,-0.127069,-0.713390,0.683373,-0.027005,0.009002,-0.775157,0.631128,-0.038992,0.008998,-0.736854,0.674866,3.469209,96.016007,75.390392,74.559688,
36.902794,-0.429684,0.463738,-0.579923,0.513818,-0.438918,0.420922,-0.582892,0.538900,0.089049,-0.127069,-0.713390,0.683373,-0.027005,0.009002,-0.775157,0.631128,-0.038992,0.008998,-0.736854,0.674866,3.469209,96.016007,75.390392,74.559688,
37.171161,-0.429684,0.463738,-0.579923,0.513818,-0.438918,0.420922,-0.582892,0.538900,0.089049,-0.127069,-0.713390,0.683373,-0.027005,0.009002,-0.775157,0.631128,-0.038992,0.008998,-0.736854,0.674866,3.469209,96.016007,75.390392,74.559688,
37.436188,-0.429684,0.463738,-0.579923,0.513818,-0.438918,0.420922,-0.582892,0.538900,0.089049,-0.127069,-0.713390,0.683373,-0.027005,0.009002,-0.775157,0.631128,-0.038992,0.008998,-0.736854,0.674866,3.469209,96.016007,75.390392,74.559688,
37.712926,-0.429684,0.463738,-0.579923,0.513818,-0.438918,0.420922,-0.582892,0.538900,0.089049,-0.127069,-0.713390,0.683373,-0.027005,0.009002,-0.775157,0.631128,-0.038992,0.008998,-0.736854,0.674866,3.469209,96.016007,75.390392,74.559688,
37.980462,-0.429684,0.463738,-0.579923,0.513818,-0.438918,0.420922,-0.582892,0.538900,0.089049,-0.127069,-0.713390,0.683373,-0.027005,0.009002,-0.775157,0.631128,-0.038992,0.008998,-0.736854,0.674866,3.469209,96.016007,75.390392,74.559688,
38.252557,-0.429684,0.463738,-0.579923,0.513818,-0.438918,0.420922,-0.582892,0.538900,0.089049,-0.127069,-0.713390,0.683373,-0.027005,0.009002,-0.775157,0.631128,-0.038992,0.008998,-0.736854,0.674866,3.469209,96.016007,75.390392,74.559688,
38.515648,-0.429684,0.463738,-0.579923,0.513818,-0.438918,0.420922,-0.582892,0.538900,0.089049,-0.127069,-0.713390,0.683373,-0.027005,0.009002,-0.775157,0.631128,-0.038992,0.008998,-0.736854,0.674866,3.469209,96.016007,75.390392,74.559688,
38.795767,-0.429684,0.463738,-0.579923,0.513818,-0.438918,0.420922,-0.582892,0.538900,0.089049,-0.127069,-0.713390,0.683373,-0.027005,0.009002,-0.775157,0.631128,-0.038992,0.008998,-0.736854,0.674866,3.469209,96.016007,75.390392,74.559688,
39.054567,-0.429684,0.463738,-0.579923,0.513818,-0.438918,0.420922,-0.582892,0.538900,0.089049,-0.127069,-0.713390,0.683373,-0.027005,0.009002,-0.775157,0.631128,-0.038992,0.008998,-0.736854,0.674866,3.469209,96.016007,75.390392,74.559688,
39.333265,-0.429684,0.463738,-0.579923,0.513818,-0.438918,0.420922,-0.582892,0.538900,0.089049,-0.127069,-0.713390,0.683373,-0.027005,0.009002,-0.775157,0.631128,-0.038992,0.008998,-0.736854,0.674866,3.469209,96.016007,75.390392,74.559688,
39.595082,-0.429684,0.463738,-0.579923,0.513818,-0.438918,0.420922,-0.582892,0.538900,0.089049,-0.127069,-0.713390,0.683373,-0.027005,0.009002,-0.775157,0.631128,-0.038992,0.008998,-0.736854,0.674866,3.469209,96.016007,75.390392,74.559688,
39.874452,-0.429684,0.463738,-0.579923,0.513818,-0.438918,0.420922,-0.582892,0.538900,0.089049,-0.127069,-0.713390,0.683373,-0.027005,0.009002,-0.775157,0.631128,-0.038992,0.008998,-0.736854,0.674866,3.469209,96.016007,75.390392,74.559688,
40.135639,-0.429684,0.463738,-0.579923,0.513818,-0.438918,0.420922,-0.582892,0.538900,0.089049,-0.127069,-0.713390,0.683373,-0.027005,0.009002,-0.775157,0.631128,-0.038992,0.008998,-0.736854,0.674866,3.469209,96.016007,75.390392,74.559688,
40.414035,-0.429684,0.463738,-0.579923,0.513818,-0.438918,0.420922,-0.582892,0.538900,0.089049,-0.127069,-0.713390,0.683373,-0.027005,0.009002,-0.775157,0.631128,-0.038992,0.008998,-0.736854,0.674866,3.469209,96.016007,75.390392,74.559688,
40.678333,-0.429684,0.463738,-0.579923,0.513818,-0.438918,0.420922,-0.582892,0.538900,0.089049,-0.127069,-0.713390,0.683373,-0.027005,0.009002,-0.775157,0.631128,-0.038992,0.008998,-0.736854,0.674866,3.469209,96.016007,75.390392,74.559688,
40.950780,-0.429684,0.463738,-0.579923,0.513818,-0.438918,0.420922,-0.582892,0.538900,0.089049,-0.127069,-0.713390,0.683373,-0.027005,0.009002,-0.775157,0.631128,-0.038992,0.008998,-0.736854,0.674866,3.469209,96.016007,75.390392,74.559688,
41.214522,-0.429684,0.463738,-0.579923,0.513818,-0.438918,0.420922,-0.582892,0.538900,0.089049,-0.127069,-0.713390,0.683373,-0.027005,0.009002,-0.775157,0.631128,-0.038992,0.008998,-0.736854,0.674866,3.469209,96.016007,75.390392,74.559688,
41.504122,-0.429684,0.463738,-0.579923,0.513818,-0.438918,0.420922,-0.582892,0.538900,0.089049,-0.127069,-0.713390,0.683373,-0.027005,0.009002,-0.775157,0.631128,-0.038992,0.008998,-0.736854,0.674866,3.469209,96.016007,75.390392,74.559688,
41.760491,-0.429684,0.463738,-0.579923,0.513818,-0.438918,0.420922,-0.582892,0.538900,0.089049,-0.127069,-0.713390,0.683373,-0.083090,0.103112,-0.763830,0.631686,-0.038992,0.008998,-0.736854,0.674866,3.469209,96.016007,62.907134,74.559688,
42.032998,-0.429684,0.463738,-0.579923,0.513818,-0.438918,0.420922,-0.582892,0.538900,0.089049,-0.127069,-0.713390,0.683373,-0.083066,0.103082,-0.755603,0.641512,-0.038992,0.008998,-0.736854,0.674866,3.469209,96.016007,63.015281,74.559688,
42.311790,-0.429684,0.463738,-0.579923,0.513818,-0.438918,0.420922,-0.582892,0.538900,0.089049,-0.127069,-0.713390,0.683373,-0.087105,0.101122,-0.761922,0.633767,-0.038992,0.008998,-0.736854,0.674866,3.469209,96.016007,62.786330,74.559688,
42.586773,-0.429684,0.463738,-0.579923,0.513818,-0.438918,0.420922,-0.582892,0.538900,0.089049,-0.127069,-0.713390,0.683373,-0.098997,0.090997,-0.768974,0.624979,-0.038992,0.008998,-0.736854,0.674866,3.469209,96.016007,62.648229,74.559688,
42.835305,-0.429684,0.463738,-0.579923,0.513818,-0.438918,0.420922,-0.582892,0.538900,0.089049,-0.127069,-0.713390,0.683373,-0.098997,0.090997,-0.768974,0.624979,-0.038992,0.008998,-0.736854,0.674866,3.469209,96.016007,62.648229,74.559688,
43.118850,-0.429684,0.463738,-0.579923,0.513818,-0.438918,0.420922,-0.582892,0.538900,0.089049,-0.127069,-0.713390,0.683373,-0.098997,0.090997,-0.768974,0.624979,-0.038992,0.008998,-0.736854,0.674866,3.469209,96.016007,62.648229,74.559688,
43.377976,-0.429684,0.463738,-0.579923,0.513818,-0.438918,0.420922,-0.582892,0.538900,0.089049,-0.127069,-0.713390,0.683373,-0.098997,0.090997,-0.768974,0.624979,-0.038992,0.008998,-0.736854,0.674866,3.469209,96.016007,62.648229,74.559688,
43.658457,-0.429684,0.463738,-0.579923,0.513818,-0.438918,0.420922,-0.582892,0.538900,0.089049,-0.127069,-0.713390,0.683373,-0.098997,0.090997,-0.768974,0.624979,-0.038992,0.008998,-0.736854,0.674866,3.469209,96.016007,62.648229,74.559688,
43.914397,-0.429684,0.463738,-0.579923,0.513818,-0.438918,0.420922,-0.582892,0.538900,0.089049,-0.127069,-0.713390,0.683373,-0.098997,0.090997,-0.768974,0.624979,-0.038992,0.008998,-0.736854,0.674866,3.469209,96.016007,62.648229,74.559688,
44.197473,-0.429684,0.463738,-0.579923,0.513818,-0.438918,0.420922,-0.582892,0.538900,0.089049,-0.127069,-0.713390,0.683373,-0.098997,0.090997,-0.768974,0.624979,-0.038992,0.008998,-0.736854,0.674866,3.469209,96.016007,62.648229,74.559688,
44.453283,-0.429684,0.463738,-0.579923,0.513818,-0.438918,0.420922,-0.582892,0.538900,0.089049,-0.127069,-0.713390,0.683373,-0.098997,0.090997,-0.768974,0.624979,-0.038992,0.008998,-0.736854,0.674866,3.469209,96.016007,62.648229,74.559688,
44.731171,-0.429684,0.463738,-0.579923,0.513818,-0.438918,0.420922,-0.582892,0.538900,0.089049,-0.127069,-0.713390,0.683373,-0.098997,0.090997,-0.768974,0.624979,-0.038992,0.008998,-0.736854,0.674866,3.469209,96.016007,62.648229,74.559688,
44.994940,-0.429684,0.463738,-0.579923,0.513818,-0.438918,0.420922,-0.582892,0.538900,0.089049,-0.127069,-0.713390,0.683373,-0.098997,0.090997,-0.768974,0.624979,-0.038992,0.008998,-0.736854,0.674866,3.469209,96.016007,62.648229,74.559688,
45.272540,-0.429684,0.463738,-0.579923,0.513818,-0.438918,0.420922,-0.582892,0.538900,0.089049,-0.127069,-0.713390,0.683373,-0.098997,0.090997,-0.768974,0.624979,-0.038992,0.008998,-0.736854,0.674866,3.469209,96.016007,62.648229,74.559688,
45.533995,-0.429684,0.463738,-0.579923,0.513818,-0.438918,0.420922,-0.582892,0.538900,0.089049,-0.127069,-0.713390,0.683373,-0.098997,0.090997,-0.768974,0.624979,-0.038992,0.008998,-0.736854,0.674866,3.469209,96.016007,62.648229,74.559688,
45.811546,-0.429684,0.463738,-0.579923,0.513818,-0.438918,0.420922,-0.582892,0.538900,0.089049,-0.127069,-0.713390,0.683373,-0.098997,0.090997,-0.768974,0.624979,-0.038992,0.008998,-0.736854,0.674866,3.469209,96.016007,62.648229,74.559688,
46.072783,-0.429684,0.463738,-0.579923,0.513818,-0.438918,0.420922,-0.582892,0.538900,0.089049,-0.127069,-0.713390,0.683373,-0.098997,0.090997,-0.768974,0.624979,-0.038992,0.008998,-0.736854,0.674866,3.469209,96.016007,62.648229,74.559688,
46.351323,-0.429684,0.463738,-0.579923,0.513818,-0.438918,0.420922,-0.582892,0.538900,0.089049,-0.127069,-0.713390,0.683373,-0.098997,0.090997,-0.768974,0.624979,-0.038992,0.008998,-0.736854,0.674866,3.469209,96.016007,62.648229,74.559688,
46.616678,-0.429684,0.463738,-0.579923,0.513818,-0.438918,0.420922,-0.582892,0.538900,0.089049,-0.127069,-0.713390,0.683373,-0.098997,0.090997,-0.768974,0.624979,-0.038992,0.008998,-0.736854,0.674866,3.469209,96.016007,62.648229,74.559688,
46.891357,-0.429684,0.463738,-0.579923,0.513818,-0.438918,0.420922,-0.582892,0.538900,0.089049,-0.127069,-0.713390,0.683373,-0.098997,0.090997,-0.768974,0.624979,-0.038992,0.008998,-0.736854,0.674866,3.469209,96.016007,62.648229,74.559688,
47.152482,-0.429684,0.463738,-0.579923,0.513818,-0.438918,0.420922,-0.582892,0.538900,0.089049,-0.127069,-0.713390,0.683373,-0.098997,0.090997,-0.768974,0.624979,-0.038992,0.008998,-0.736854,0.674866,3.469209,96.016007,62.648229,74.559688,
47.429388,-0.429684,0.463738,-0.579923,0.513818,-0.438918,0.420922,-0.582892,0.538900,0.089049,-0.127069,-0.713390,0.683373,-0.098997,0.090997,-0.768974,0.624979,-0.038992,0.008998,-0.736854,0.674866,3.469209,96.016007,62.648229,74.559688,
47.712157,-0.429684,0.463738,-0.579923,0.513818,-0.438918,0.420922,-0.582892,0.538900,0.089049,-0.127069,-0.713390,0.683373,-0.098997,0.090997,-0.768974,0.624979,-0.038992,0.008998,-0.736854,0.674866,3.469209,96.016007,62.648229,74.559688,
47.972532,-0.429684,0.463738,-0.579923,0.513818,-0.438918,0.420922,-0.582892,0.538900,0.089049,-0.127069,-0.713390,0.683373,-0.098997,0.090997,-0.768974,0.624979,-0.038992,0.008998,-0.736854,0.674866,3.469209,96.016007,62.648229,74.559688,
48.231017,-0.431715,0.461764,-0.579960,0.513851,-0.438918,0.420922,-0.582892,0.538900,0.089049,-0.127069,-0.713390,0.683373,-0.098997,0.090997,-0.768974,0.624979,-0.038992,0.008998,-0.736854,0.674866,3.466575,95.992786,62.652463,74.544178,
48.510100,-0.431715,0.461764,-0.579960,0.513851,-0.438918,0.420922,-0.582892,0.538900,0.089049,-0.127069,-0.713390,0.683373,-0.098997,0.090997,-0.768974,0.624979,-0.038992,0.008998,-0.736854,0.674866,3.466575,95.992786,62.652463,74.544178,
48.773022,-0.431715,0.461764,-0.579960,0.513851,-0.438918,0.420922,-0.582892,0.538900,-0.251346,0.229315,-0.667918,0.661910,-0.098997,0.090997,-0.768974,0.624979,-0.038992,0.008998,-0.736854,0.674866,3.466575,38.650001,62.652463,74.544178,
49.050102,-0.431315,0.463338,-0.579423,0.513375,-0.438918,0.420922,-0.582892,0.538900,-0.237393,0.213353,-0.674116,0.666103,-0.098997,0.090997,-0.768974,0.624979,-0.038992,0.008998,-0.736854,0.674866,3.593512,41.350811,62.777759,74.677557,
49.313315,-0.431315,0.463338,-0.579423,0.513375,-0.438918,0.420922,-0.582892,0.538900,-0.047070,0.019028,-0.720077,0.692035,-0.098997,0.090997,-0.768974,0.624979,-0.038992,0.008998,-0.736854,0.674866,3.593512,73.183301,62.777759,74.677557,
49.589906,-0.431315,0.463338,-0.579423,0.513375,-0.438918,0.420922,-0.582892,0.538900,0.097069,-0.131093,-0.711505,0.683485,-0.098997,0.090997,-0.768974,0.624979,-0.038992,0.008998,-0.736854,0.674866,3.593512,97.112144,62.777759,74.677557,
49.852726,-0.431315,0.463338,-0.579423,0.513375,-0.438918,0.420922,-0.582892,0.538900,0.099025,-0.133033,-0.711178,0.683171,-0.098997,0.090997,-0.768974,0.624979,-0.038992,0.008998,-0.736854,0.674866,3.593512,97.432026,62.777759,74.677557,
50.129107,-0.431315,0.463338,-0.579423,0.513375,-0.438918,0.420922,-0.582892,0.538900,0.099025,-0.133033,-0.711178,0.683171,-0.098997,0.090997,-0.768974,0.624979,-0.038992,0.008998,-0.736854,0.674866,3.593512,97.432026,62.777759,74.677557,
50.393741,-0.431315,0.463338,-0.579423,0.513375,-0.438918,0.420922,-0.582892,0.538900,0.098998,-0.134998,-0.710987,0.682988,-0.098997,0.090997,-0.768974,0.624979,-0.038992,0.008998,-0.736854,0.674866,3.593512,97.591425,62.777759,74.677557,
50.670607,-0.431315,0.463338,-0.579423,0.513375,-0.438918,0.420922,-0.582892,0.538900,0.097017,-0.135024,-0.711127,0.683122,-0.098997,0.090997,-0.768974,0.624979,-0.038992,0.008998,-0.736854,0.674866,3.593512,97.431204,62.777759,74.677557,
50.938664,-0.431315,0.463338,-0.579423,0.513375,-0.438918,0.420922,-0.582892,0.538900,0.091140,-0.129198,-0.712093,0.684050,-0.098997,0.090997,-0.768974,0.624979,-0.038992,0.008998,-0.736854,0.674866,3.593512,96.470823,62.777759,74.677557,
51.214168,-0.431315,0.463338,-0.579423,0.513375,-0.438918,0.420922,-0.582892,0.538900,0.083135,-0.123199,-0.712153,0.686111,-0.098997,0.090997,-0.768974,0.624979,-0.038992,0.008998,-0.736854,0.674866,3.593512,95.318672,62.777759,74.677557,
51.473542,-0.431315,0.463338,-0.579423,0.513375,-0.438918,0.420922,-0.582892,0.538900,0.083135,-0.123199,-0.712153,0.686111,-0.098997,0.090997,-0.768974,0.624979,-0.038992,0.008998,-0.736854,0.674866,3.593512,95.318672,62.777759,74.677557,
51.749386,-0.431315,0.463338,-0.579423,0.513375,-0.438918,0.420922,-0.582892,0.538900,0.083135,-0.123199,-0.712153,0.686111,-0.098997,0.090997,-0.768974,0.624979,-0.038992,0.008998,-0.736854,0.674866,3.593512,95.318672,62.777759,74.677557,
52.019926,-0.431315,0.463338,-0.579423,0.513375,-0.438918,0.420922,-0.582892,0.538900,0.083135,-0.123199,-0.712153,0.686111,-0.098997,0.090997,-0.768974,0.624979,-0.038992,0.008998,-0.736854,0.674866,3.593512,95.318672,62.777759,74.677557,
52.295205,-0.431315,0.463338,-0.579423,0.513375,-0.438918,0.420922,-0.582892,0.538900,0.083135,-0.123199,-0.712153,0.686111,-0.098997,0.090997,-0.768974,0.624979,-0.038992,0.008998,-0.736854,0.674866,3.593512,95.318672,62.777759,74.677557,
52.557267,-0.431315,0.463338,-0.579423,0.513375,-0.438918,0.420922,-0.582892,0.538900,0.083135,-0.123199,-0.712153,0.686111,-0.098997,0.090997,-0.768974,0.624979,-0.038992,0.008998,-0.736854,0.674866,3.593512,95.318672,62.777759,74.677557,
52.830029,-0.431315,0.463338,-0.579423,0.513375,-0.438918,0.420922,-0.582892,0.538900,0.083135,-0.123199,-0.712153,0.686111,-0.098997,0.090997,-0.768974,0.624979,-0.038992,0.008998,-0.736854,0.674866,3.593512,95.318672,62.777759,74.677557,
53.093128,-0.431315,0.463338,-0.579423,0.513375,-0.438918,0.420922,-0.582892,0.538900,0.083135,-0.123199,-0.712153,0.686111,-0.098997,0.090997,-0.768974,0.624979,-0.038992,0.008998,-0.736854,0.674866,3.593512,95.318672,62.777759,74.677557,
53.369969,-0.431315,0.463338,-0.579423,0.513375,-0.438918,0.420922,-0.582892,0.538900,0.083135,-0.123199,-0.712153,0.686111,-0.098997,0.090997,-0.768974,0.624979,-0.038992,0.008998,-0.736854,0.674866,3.593512,95.318672,62.777759,74.677557,
53.630122,-0.431315,0.463338,-0.579423,0.513375,-0.438918,0.420922,-0.582892,0.538900,0.083135,-0.123199,-0.712153,0.686111,-0.098997,0.090997,-0.768974,0.624979,-0.038992,0.008998,-0.736854,0.674866,3.593512,95.318672,62.777759,74.677557,
53.909634,-0.431315,0.463338,-0.579423,0.513375,-0.429157,0.411151,-0.591216,0.545200,-0.255074,0.229066,-0.673195,0.655190,-0.349329,0.391369,-0.653616,0.545514,-0.385411,0.375400,-0.617659,0.573612,5.569294,38.490192,15.039614,13.408048,
54.177140,-0.431315,0.463338,-0.579423,0.513375,-0.429157,0.411151,-0.591216,0.545200,-0.255074,0.229066,-0.673195,0.655190,-0.349329,0.391369,-0.653616,0.545514,-0.385411,0.375400,-0.617659,0.573612,5.569294,38.490192,15.039614,13.408048,
54.450253,-0.431315,0.463338,-0.579423,0.513375,-0.418790,0.394802,-0.602698,0.552723,-0.243152,0.217136,-0.677424,0.659413,-0.335222,0.375248,-0.665441,0.551365,-0.371518,0.359501,-0.627876,0.581812,8.220390,40.540862,17.834697,16.243550,
54.715562,-0.431315,0.463338,-0.579423,0.513375,-0.415352,0.393333,-0.603511,0.555470,-0.237160,0.211142,-0.679458,0.661446,-0.333075,0.375085,-0.665150,0.553125,-0.369790,0.359769,-0.628342,0.582244,8.715239,41.566541,18.073296,16.383731,
54.991181,-0.431315,0.463338,-0.579423,0.513375,-0.403887,0.381839,-0.612345,0.562235,-0.227320,0.199280,-0.683962,0.663934,-0.329198,0.371224,-0.667402,0.555334,-0.365753,0.353729,-0.632303,0.584204,10.963420,43.416312,18.795858,17.327365,
55.253022,-0.431315,0.463338,-0.579423,0.513375,-0.297471,0.273433,-0.678074,0.613972,-0.041070,0.007012,-0.726243,0.686174,-0.175190,0.199216,-0.751814,0.603654,-0.199302,0.183278,-0.710076,0.649985,30.833639,74.661311,47.213472,47.100906,
55.528324,-0.431315,0.463338,-0.579423,0.513375,-0.217424,0.189369,-0.708380,0.644255,-0.023019,-0.015012,-0.725600,0.687568,-0.143133,0.149139,-0.763711,0.611569,-0.167207,0.145180,-0.719892,0.657815,45.055505,77.912517,54.150887,52.982568,
55.791860,-0.431315,0.463338,-0.579423,0.513375,-0.183125,0.157107,-0.717489,0.653446,-0.001001,-0.035021,-0.725428,0.687406,-0.107082,0.109084,-0.771594,0.617476,-0.125022,0.103018,-0.727127,0.667116,50.659735,81.318020,60.498137,59.964236,
56.073146,-0.431315,0.463338,-0.579423,0.513375,-0.133167,0.107134,-0.729913,0.661828,0.061016,-0.097026,-0.721195,0.683184,-0.065006,0.061006,-0.777076,0.623061,-0.083067,0.063051,-0.733592,0.671541,58.949932,91.397870,67.988844,66.670732,
56.333225,-0.431315,0.463338,-0.579423,0.513375,-0.134954,0.106963,-0.728751,0.662773,0.059108,-0.097178,-0.720319,0.684253,-0.067102,0.061093,-0.776179,0.623948,-0.085054,0.063040,-0.733468,0.671429,58.823130,91.252052,67.829118,66.512596,
56.630577,-0.431315,0.463338,-0.579423,0.513375,-0.117241,0.091187,-0.732503,0.664363,0.079088,-0.117130,-0.717797,0.681757,-0.051031,0.043026,-0.777465,0.625374,-0.069008,0.043005,-0.735087,0.673079,61.572990,94.513665,70.654725,69.462043,
56.871539,-0.431315,0.463338,-0.579423,0.513375,-0.099148,0.069103,-0.736101,0.665996,0.093090,-0.131126,-0.715689,0.679654,-0.033018,0.019010,-0.779423,0.625339,-0.049021,0.025011,-0.737323,0.673295,64.873447,96.808079,74.144190,72.548928,
57.147688,-0.431315,0.463338,-0.579423,0.513375,-0.097048,0.067033,-0.735363,0.667330,0.097144,-0.135200,-0.714056,0.680006,-0.033029,0.017015,-0.777686,0.627554,-0.049024,0.023011,-0.737358,0.673327,65.216384,97.470655,74.332639,72.715265,
57.427092,-0.431315,0.463338,-0.579423,0.513375,-0.091142,0.059092,-0.736151,0.668044,0.103005,-0.141007,-0.713036,0.679034,-0.027031,0.011013,-0.777892,0.627720,-0.043038,0.017015,-0.737651,0.673594,66.352916,98.429702,75.319474,73.689501,
57.689399,-0.431315,0.463338,-0.579423,0.513375,-0.093128,0.059081,-0.736015,0.667921,0.103123,-0.143170,-0.711848,0.679809,-0.027031,0.011013,-0.777892,0.627720,-0.043039,0.015014,-0.737675,0.673616,66.195936,98.613332,75.319474,73.856110,
57.953270,-0.431315,0.463338,-0.579423,0.513375,-0.093004,0.059002,-0.735031,0.669028,0.103123,-0.143170,-0.711848,0.679809,-0.027031,0.011013,-0.777892,0.627720,-0.043039,0.015014,-0.737675,0.673616,66.213412,98.613332,75.319474,73.856110,
58.233837,-0.431315,0.463338,-0.579423,0.513375,-0.093139,0.057085,-0.736101,0.667999,0.103123,-0.143170,-0.711848,0.679809,-0.027031,0.011013,-0.777892,0.627720,-0.045037,0.015012,-0.737610,0.673557,66.362781,98.613332,75.319474,73.697936,
58.495084,-0.431315,0.463338,-0.579423,0.513375,-0.094997,0.056998,-0.734978,0.668980,0.103123,-0.143170,-0.711848,0.679809,-0.027031,0.011013,-0.777892,0.627720,-0.045037,0.015012,-0.737610,0.673557,66.223120,98.613332,75.319474,73.697936,
58.770666,-0.431315,0.463338,-0.579423,0.513375,-0.094997,0.056998,-0.734978,0.668980,0.103123,-0.143170,-0.711848,0.679809,-0.027031,0.011013,-0.777892,0.627720,-0.045037,0.015012,-0.737610,0.673557,66.223120,98.613332,75.319474,73.697936,
59.031168,-0.431315,0.463338,-0.579423,0.513375,-0.164990,0.126993,-0.720958,0.660962,0.037042,-0.087098,-0.717809,0.689777,-0.059016,0.047013,-0.775216,0.627174,-0.085095,0.055061,-0.733815,0.671746,54.705346,88.621808,69.708901,67.174791,
59.306838,-0.431315,0.463338,-0.579423,0.513375,-0.333954,0.313897,-0.656877,0.598711,-0.213789,0.167619,-0.681517,0.679509,-0.275154,0.293164,-0.707395,0.581324,-0.307524,0.285486,-0.672145,0.610039,23.929699,47.207847,30.653589,28.870541,
59.570759,-0.431315,0.463338,-0.579423,0.513375,-0.429109,0.409104,-0.587149,0.551140,-0.261277,0.225238,-0.663703,0.663703,-0.351688,0.391766,-0.648268,0.550076,-0.389292,0.375282,-0.615462,0.573430,5.805192,38.259188,14.856759,13.046898,
59.847794,-0.431315,0.463338,-0.579423,0.513375,-0.427442,0.409424,-0.589610,0.549569,-0.261276,0.225238,-0.665702,0.661698,-0.350956,0.392950,-0.648918,0.548931,-0.387592,0.375574,-0.615941,0.573876,5.933412,38.266602,14.803085,13.184595,
