0.000000,-0.431315,0.463338,-0.579423,0.513375,-0.427442,0.409424,-0.589610,0.549569,-0.259283,0.227248,-0.669730,0.657717,-0.349129,0.393145,-0.651241,0.547203,-0.387300,0.377292,-0.615477,0.573444,66.864434,98.453564,75.167707,73.696596,
0.077926,-0.431315,0.463338,-0.579423,0.513375,-0.421575,0.403550,-0.595812,0.551752,-0.255199,0.227177,-0.671523,0.657512,-0.349511,0.393576,-0.651954,0.545799,-0.385411,0.375400,-0.617659,0.573612,66.864434,98.453564,75.167707,73.696596,
0.147066,-0.431315,0.463338,-0.579423,0.513375,-0.395458,0.377437,-0.613711,0.569660,-0.223097,0.195085,-0.683297,0.667290,-0.309244,0.347274,-0.679537,0.567448,-0.332923,0.310928,-0.656849,0.600862,66.864434,98.453564,75.167707,73.696596,
0.202124,-0.431315,0.463338,-0.579423,0.513375,-0.237109,0.215099,-0.697319,0.641294,0.085032,-0.119045,-0.717274,0.681260,-0.163227,0.181252,-0.754049,0.609848,-0.069002,0.045001,-0.735022,0.673020,66.864434,98.453564,75.167707,73.696596,
0.264411,-0.431315,0.463338,-0.579423,0.513375,-0.237109,0.215099,-0.697319,0.641294,0.085032,-0.119045,-0.717274,0.681260,-0.163227,0.181252,-0.754049,0.609848,-0.043039,0.015014,-0.737675,0.673616,66.864434,98.453564,75.167707,73.696596,
0.342780,-0.431315,0.463338,-0.579423,0.513375,-0.237109,0.215099,-0.697319,0.641294,0.085032,-0.119045,-0.717274,0.681260,-0.163227,0.181252,-0.754049,0.609848,-0.043039,0.015014,-0.737675,0.673616,66.864434,98.453564,75.167707,73.696596,
0.397188,-0.431315,0.463338,-0.579423,0.513375,-0.237109,0.215099,-0.697319,0.641294,0.085032,-0.119045,-0.717274,0.681260,-0.163227,0.181252,-0.754049,0.609848,-0.043039,0.015014,-0.737675,0.673616,66.864434,98.453564,75.167707,73.696596,
0.442711,-0.431315,0.463338,-0.579423,0.513375,-0.237109,0.215099,-0.697319,0.641294,0.085032,-0.119045,-0.717274,0.681260,-0.163227,0.181252,-0.754049,0.609848,-0.043039,0.015014,-0.737675,0.673616,66.864434,98.453564,75.167707,73.696596,
0.485257,-0.431315,0.463338,-0.579423,0.513375,-0.237109,0.215099,-0.697319,0.641294,0.085032,-0.119045,-0.717274,0.681260,-0.163227,0.181252,-0.754049,0.609848,-0.043039,0.015014,-0.737675,0.673616,66.864434,98.453564,75.167707,73.696596,
0.528116,-0.431315,0.463338,-0.579423,0.513375,-0.237109,0.215099,-0.697319,0.641294,0.085032,-0.119045,-0.717274,0.681260,-0.163227,0.181252,-0.754049,0.609848,-0.043039,0.015014,-0.737675,0.673616,66.864434,98.453564,75.167707,73.696596,
0.571129,-0.431315,0.463338,-0.579423,0.513375,-0.237109,0.215099,-0.697319,0.641294,0.085032,-0.119045,-0.717274,0.681260,-0.163227,0.181252,-0.754049,0.609848,-0.043039,0.015014,-0.737675,0.673616,66.864434,98.453564,75.167707,73.696596,
0.612085,-0.431315,0.463338,-0.579423,0.513375,-0.237109,0.215099,-0.697319,0.641294,0.085032,-0.119045,-0.717274,0.681260,-0.163227,0.181252,-0.754049,0.609848,-0.043039,0.015014,-0.737675,0.673616,66.864434,98.453564,75.167707,73.696596,
0.746973,-0.431315,0.463338,-0.579423,0.513375,-0.237109,0.215099,-0.697319,0.641294,0.085032,-0.119045,-0.717274,0.681260,-0.163227,0.181252,-0.754049,0.609848,-0.043039,0.015014,-0.737675,0.673616,66.864434,98.453564,75.167707,73.696596,
1.011051,-0.431315,0.463338,-0.579423,0.513375,-0.237109,0.215099,-0.697319,0.641294,0.085032,-0.119045,-0.717274,0.681260,-0.163227,0.181252,-0.754049,0.609848,-0.043039,0.015014,-0.737675,0.673616,66.864434,98.453564,75.167707,73.696596,
1.290251,-0.431315,0.463338,-0.579423,0.513375,-0.237109,0.215099,-0.697319,0.641294,0.085032,-0.119045,-0.717274,0.681260,-0.163227,0.181252,-0.754049,0.609848,-0.043039,0.015014,-0.737675,0.673616,66.864434,98.453564,75.167707,73.696596,
1.551920,-0.431315,0.463338,-0.579423,0.513375,-0.237109,0.215099,-0.697319,0.641294,0.085032,-0.119045,-0.717274,0.681260,-0.163227,0.181252,-0.754049,0.609848,-0.043039,0.015014,-0.737675,0.673616,66.864434,98.453564,75.167707,73.696596,
1.820142,-0.431315,0.463338,-0.579423,0.513375,-0.237109,0.215099,-0.697319,0.641294,0.085032,-0.119045,-0.717274,0.681260,-0.163227,0.181252,-0.754049,0.609848,-0.043039,0.015014,-0.737675,0.673616,66.864434,98.453564,75.167707,73.696596,
2.089069,-0.431315,0.463338,-0.579423,0.513375,-0.237109,0.215099,-0.697319,0.641294,0.085032,-0.119045,-0.717274,0.681260,-0.163227,0.181252,-0.754049,0.609848,-0.043039,0.015014,-0.737675,0.673616,66.864434,98.453564,75.167707,73.696596,
2.362046,-0.431315,0.463338,-0.579423,0.513375,-0.237109,0.215099,-0.697319,0.641294,0.085032,-0.119045,-0.717274,0.681260,-0.163227,0.181252,-0.754049,0.609848,-0.043039,0.015014,-0.737675,0.673616,66.864434,98.453564,75.167707,73.696596,
2.628527,-0.431315,0.463338,-0.579423,0.513375,-0.237109,0.215099,-0.697319,0.641294,0.085032,-0.119045,-0.717274,0.681260,-0.163227,0.181252,-0.754049,0.609848,-0.043039,0.015014,-0.737675,0.673616,66.864434,98.453564,75.167707,73.696596,
2.890955,-0.431315,0.463338,-0.579423,0.513375,-0.237109,0.215099,-0.697319,0.641294,0.085032,-0.119045,-0.717274,0.681260,-0.163227,0.181252,-0.754049,0.609848,-0.043039,0.015014,-0.737675,0.673616,66.864434,98.453564,75.167707,73.696596,
3.153173,-0.431315,0.463338,-0.579423,0.513375,-0.237109,0.215099,-0.697319,0.641294,0.085032,-0.119045,-0.717274,0.681260,-0.163227,0.181252,-0.754049,0.609848,-0.043039,0.015014,-0.737675,0.673616,66.864434,98.453564,75.167707,73.696596,
3.408755,-0.431315,0.463338,-0.579423,0.513375,-0.237109,0.215099,-0.697319,0.641294,0.085032,-0.119045,-0.717274,0.681260,-0.163227,0.181252,-0.754049,0.609848,-0.043039,0.015014,-0.737675,0.673616,66.864434,98.453564,75.167707,73.696596,
3.692748,-0.431315,0.463338,-0.579423,0.513375,-0.237109,0.215099,-0.697319,0.641294,0.085032,-0.119045,-0.717274,0.681260,-0.163227,0.181252,-0.754049,0.609848,-0.043039,0.015014,-0.737675,0.673616,66.864434,98.453564,75.167707,73.696596,
3.957143,-0.431315,0.463338,-0.579423,0.513375,-0.237109,0.215099,-0.697319,0.641294,0.085032,-0.119045,-0.717274,0.681260,-0.163227,0.181252,-0.754049,0.609848,-0.043039,0.015014,-0.737675,0.673616,66.864434,98.453564,75.167707,73.696596,
4.232183,-0.431315,0.463338,-0.579423,0.513375,-0.237109,0.215099,-0.697319,0.641294,0.085032,-0.119045,-0.717274,0.681260,-0.163227,0.181252,-0.754049,0.609848,-0.043039,0.015014,-0.737675,0.673616,66.864434,98.453564,75.167707,73.696596,
4.488286,-0.431315,0.463338,-0.579423,0.513375,-0.237109,0.215099,-0.697319,0.641294,0.085032,-0.119045,-0.717274,0.681260,-0.163227,0.181252,-0.754049,0.609848,-0.043039,0.015014,-0.737675,0.673616,66.864434,98.453564,75.167707,73.696596,
4.772938,-0.431315,0.463338,-0.579423,0.513375,-0.237109,0.215099,-0.697319,0.641294,0.085032,-0.119045,-0.717274,0.681260,-0.163227,0.181252,-0.754049,0.609848,-0.043039,0.015014,-0.737675,0.673616,66.864434,98.453564,75.167707,73.696596,
5.031389,-0.431315,0.463338,-0.579423,0.513375,-0.237109,0.215099,-0.697319,0.641294,0.085032,-0.119045,-0.717274,0.681260,-0.163227,0.181252,-0.754049,0.609848,-0.043039,0.015014,-0.737675,0.673616,66.864434,98.453564,75.167707,73.696596,
5.307491,-0.431315,0.463338,-0.579423,0.513375,-0.237109,0.215099,-0.697319,0.641294,0.085032,-0.119045,-0.717274,0.681260,-0.163227,0.181252,-0.754049,0.609848,-0.043039,0.015014,-0.737675,0.673616,66.864434,98.453564,75.167707,73.696596,
5.567959,-0.431315,0.463338,-0.579423,0.513375,-0.237109,0.215099,-0.697319,0.641294,0.085032,-0.119045,-0.717274,0.681260,-0.163227,0.181252,-0.754049,0.609848,-0.043039,0.015014,-0.737675,0.673616,66.864434,98.453564,75.167707,73.696596,
5.849232,-0.431315,0.463338,-0.579423,0.513375,-0.237109,0.215099,-0.697319,0.641294,0.085032,-0.119045,-0.717274,0.681260,-0.163227,0.181252,-0.754049,0.609848,-0.043039,0.015014,-0.737675,0.673616,66.864434,98.453564,75.167707,73.696596,
6.111656,-0.431315,0.463338,-0.579423,0.513375,-0.237109,0.215099,-0.697319,0.641294,0.085032,-0.119045,-0.717274,0.681260,-0.163227,0.181252,-0.754049,0.609848,-0.043039,0.015014,-0.737675,0.673616,66.864434,98.453564,75.167707,73.696596,
6.388280,-0.431315,0.463338,-0.579423,0.513375,-0.237109,0.215099,-0.697319,0.641294,0.085032,-0.119045,-0.717274,0.681260,-0.163227,0.181252,-0.754049,0.609848,-0.043039,0.015014,-0.737675,0.673616,66.864434,98.453564,75.167707,73.696596,
6.649825,-0.431315,0.463338,-0.579423,0.513375,-0.237109,0.215099,-0.697319,0.641294,0.085032,-0.119045,-0.717274,0.681260,-0.163227,0.181252,-0.754049,0.609848,-0.043039,0.015014,-0.737675,0.673616,66.864434,98.453564,75.167707,73.696596,
6.934343,-0.431315,0.463338,-0.579423,0.513375,-0.237109,0.215099,-0.697319,0.641294,0.085032,-0.119045,-0.717274,0.681260,-0.163227,0.181252,-0.754049,0.609848,-0.043039,0.015014,-0.737675,0.673616,66.864434,98.453564,75.167707,73.696596,
7.195324,-0.431315,0.463338,-0.579423,0.513375,-0.237109,0.215099,-0.697319,0.641294,0.085032,-0.119045,-0.717274,0.681260,-0.163227,0.181252,-0.754049,0.609848,-0.043039,0.015014,-0.737675,0.673616,66.864434,98.453564,75.167707,73.696596,
7.466967,-0.431315,0.463338,-0.579423,0.513375,-0.237109,0.215099,-0.697319,0.641294,0.085032,-0.119045,-0.717274,0.681260,-0.163227,0.181252,-0.754049,0.609848,-0.043039,0.015014,-0.737675,0.673616,66.864434,98.453564,75.167707,73.696596,
7.738001,-0.431315,0.463338,-0.579423,0.513375,-0.237109,0.215099,-0.697319,0.641294,0.085032,-0.119045,-0.717274,0.681260,-0.163227,0.181252,-0.754049,0.609848,-0.043039,0.015014,-0.737675,0.673616,66.864434,98.453564,75.167707,73.696596,
8.006725,-0.431315,0.463338,-0.579423,0.513375,-0.237109,0.215099,-0.697319,0.641294,0.085032,-0.119045,-0.717274,0.681260,-0.163227,0.181252,-0.754049,0.609848,-0.043039,0.015014,-0.737675,0.673616,66.864434,98.453564,75.167707,73.696596,
8.268951,-0.431315,0.463338,-0.579423,0.513375,-0.237109,0.215099,-0.697319,0.641294,0.085032,-0.119045,-0.717274,0.681260,-0.163227,0.181252,-0.754049,0.609848,-0.043039,0.015014,-0.737675,0.673616,66.864434,98.453564,75.167707,73.696596,
8.547108,-0.431315,0.463338,-0.579423,0.513375,-0.237109,0.215099,-0.697319,0.641294,0.085032,-0.119045,-0.717274,0.681260,-0.163227,0.181252,-0.754049,0.609848,-0.043039,0.015014,-0.737675,0.673616,66.864434,98.453564,75.167707,73.696596,
8.808647,-0.431315,0.463338,-0.579423,0.513375,-0.237109,0.215099,-0.697319,0.641294,0.085032,-0.119045,-0.717274,0.681260,-0.163227,0.181252,-0.754049,0.609848,-0.043039,0.015014,-0.737675,0.673616,66.864434,98.453564,75.167707,73.696596,
9.091608,-0.431315,0.463338,-0.579423,0.513375,-0.237109,0.215099,-0.697319,0.641294,0.085032,-0.119045,-0.717274,0.681260,-0.163227,0.181252,-0.754049,0.609848,-0.043039,0.015014,-0.737675,0.673616,66.864434,98.453564,75.167707,73.696596,
9.355515,-0.431315,0.463338,-0.579423,0.513375,-0.237109,0.215099,-0.697319,0.641294,0.085032,-0.119045,-0.717274,0.681260,-0.163227,0.181252,-0.754049,0.609848,-0.043039,0.015014,-0.737675,0.673616,66.864434,98.453564,75.167707,73.696596,
9.624942,-0.431315,0.463338,-0.579423,0.513375,-0.237109,0.215099,-0.697319,0.641294,0.085032,-0.119045,-0.717274,0.681260,-0.163227,0.181252,-0.754049,0.609848,-0.043039,0.015014,-0.737675,0.673616,66.864434,98.453564,75.167707,73.696596,
9.893476,-0.431315,0.463338,-0.579423,0.513375,-0.237109,0.215099,-0.697319,0.641294,0.085032,-0.119045,-0.717274,0.681260,-0.163227,0.181252,-0.754049,0.609848,-0.043039,0.015014,-0.737675,0.673616,66.864434,98.453564,75.167707,73.696596,
10.171476,-0.431315,0.463338,-0.579423,0.513375,-0.237109,0.215099,-0.697319,0.641294,0.085032,-0.119045,-0.717274,0.681260,-0.163227,0.181252,-0.754049,0.609848,-0.043039,0.015014,-0.737675,0.673616,66.864434,98.453564,75.167707,73.696596,
10.428162,-0.431315,0.463338,-0.579423,0.513375,-0.237109,0.215099,-0.697319,0.641294,0.085032,-0.119045,-0.717274,0.681260,-0.163227,0.181252,-0.754049,0.609848,-0.043039,0.015014,-0.737675,0.673616,66.864434,98.453564,75.167707,73.696596,
10.712815,-0.431315,0.463338,-0.579423,0.513375,-0.237109,0.215099,-0.697319,0.641294,0.085032,-0.119045,-0.717274,0.681260,-0.163227,0.181252,-0.754049,0.609848,-0.043039,0.015014,-0.737675,0.673616,66.864434,98.453564,75.167707,73.696596,
10.973746,-0.431315,0.463338,-0.579423,0.513375,-0.237109,0.215099,-0.697319,0.641294,0.085032,-0.119045,-0.717274,0.681260,-0.163227,0.181252,-0.754049,0.609848,-0.043039,0.015014,-0.737675,0.673616,66.864434,98.453564,75.167707,73.696596,
11.247362,-0.431315,0.463338,-0.579423,0.513375,-0.237109,0.215099,-0.697319,0.641294,0.085032,-0.119045,-0.717274,0.681260,-0.163227,0.181252,-0.754049,0.609848,-0.043039,0.015014,-0.737675,0.673616,66.864434,98.453564,75.167707,73.696596,
11.508320,-0.431315,0.463338,-0.579423,0.513375,-0.237109,0.215099,-0.697319,0.641294,0.085032,-0.119045,-0.717274,0.681260,-0.163227,0.181252,-0.754049,0.609848,-0.043039,0.015014,-0.737675,0.673616,66.864434,98.453564,75.167707,73.696596,
11.786634,-0.431315,0.463338,-0.579423,0.513375,-0.237109,0.215099,-0.697319,0.641294,0.085032,-0.119045,-0.717274,0.681260,-0.163227,0.181252,-0.754049,0.609848,-0.043039,0.015014,-0.737675,0.673616,66.864434,98.453564,75.167707,73.696596,
12.049792,-0.431315,0.463338,-0.579423,0.513375,-0.093170,0.051093,-0.736340,0.668216,0.103152,-0.141208,-0.712050,0.680003,-0.029032,0.011012,-0.777848,0.627685,-0.045043,0.015014,-0.735699,0.675642,66.864434,98.453564,75.167707,73.696596,
12.324833,-0.431315,0.463338,-0.579423,0.513375,-0.093170,0.051093,-0.736340,0.668216,0.103152,-0.141208,-0.712050,0.680003,-0.029032,0.011012,-0.777848,0.627685,-0.045043,0.015014,-0.735699,0.675642,66.864434,98.453564,75.167707,73.696596,
12.594610,-0.431315,0.463338,-0.579423,0.513375,-0.093170,0.051093,-0.736340,0.668216,0.103152,-0.141208,-0.712050,0.680003,-0.029032,0.011012,-0.777848,0.627685,-0.045043,0.015014,-0.735699,0.675642,66.864434,98.453564,75.167707,73.696596,
12.871176,-0.431315,0.463338,-0.579423,0.513375,-0.093170,0.051093,-0.736340,0.668216,0.103152,-0.141208,-0.712050,0.680003,-0.029032,0.011012,-0.777848,0.627685,-0.045043,0.015014,-0.735699,0.675642,66.864434,98.453564,75.167707,73.696596,
13.127511,-0.431315,0.463338,-0.579423,0.513375,-0.093170,0.051093,-0.736340,0.668216,0.103152,-0.141208,-0.712050,0.680003,-0.029032,0.011012,-0.777848,0.627685,-0.045043,0.015014,-0.735699,0.675642,66.864434,98.453564,75.167707,73.696596,
13.404271,-0.431315,0.463338,-0.579423,0.513375,-0.093170,0.051093,-0.736340,0.668216,0.103152,-0.141208,-0.712050,0.680003,-0.029032,0.011012,-0.777848,0.627685,-0.045043,0.015014,-0.735699,0.675642,66.864434,98.453564,75.167707,73.696596,
13.665823,-0.431315,0.463338,-0.579423,0.513375,-0.093170,0.051093,-0.736340,0.668216,0.103152,-0.141208,-0.712050,0.680003,-0.029032,0.011012,-0.777848,0.627685,-0.045043,0.015014,-0.735699,0.675642,66.864434,98.453564,75.167707,73.696596,
13.945456,-0.431315,0.463338,-0.579423,0.513375,-0.093170,0.051093,-0.736340,0.668216,0.103152,-0.141208,-0.712050,0.680003,-0.029032,0.011012,-0.777848,0.627685,-0.045043,0.015014,-0.735699,0.675642,66.864434,98.453564,75.167707,73.696596,
14.215111,-0.431315,0.463338,-0.579423,0.513375,-0.093170,0.051093,-0.736340,0.668216,0.103152,-0.141208,-0.712050,0.680003,-0.029032,0.011012,-0.777848,0.627685,-0.045043,0.015014,-0.735699,0.675642,66.864434,98.453564,75.167707,73.696596,
14.491524,-0.431315,0.463338,-0.579423,0.513375,-0.093170,0.051093,-0.736340,0.668216,0.103152,-0.141208,-0.712050,0.680003,-0.029032,0.011012,-0.777848,0.627685,-0.045043,0.015014,-0.735699,0.675642,66.864434,98.453564,75.167707,73.696596,
14.746714,-0.431315,0.463338,-0.579423,0.513375,-0.093170,0.051093,-0.736340,0.668216,0.103152,-0.141208,-0.712050,0.680003,-0.029032,0.011012,-0.777848,0.627685,-0.045043,0.015014,-0.735699,0.675642,66.864434,98.453564,75.167707,73.696596,
15.027569,-0.431315,0.463338,-0.579423,0.513375,-0.093170,0.051093,-0.736340,0.668216,0.103152,-0.141208,-0.712050,0.680003,-0.029032,0.011012,-0.777848,0.627685,-0.045043,0.015014,-0.735699,0.675642,66.864434,98.453564,75.167707,73.696596,
15.290226,-0.431315,0.463338,-0.579423,0.513375,-0.093170,0.051093,-0.736340,0.668216,0.103152,-0.141208,-0.712050,0.680003,-0.063062,0.053052,-0.775765,0.625617,-0.045043,0.015014,-0.735699,0.675642,66.864434,98.453564,68.857628,73.696596,
15.566635,-0.431315,0.463338,-0.579423,0.513375,-0.093170,0.051093,-0.736340,0.668216,0.103152,-0.141208,-0.712050,0.680003,-0.321367,0.365418,-0.665761,0.565646,-0.045043,0.015014,-0.735699,0.675642,66.864434,98.453564,20.168922,73.696596,
15.832355,-0.431315,0.463338,-0.579423,0.513375,-0.427669,0.405634,-0.589922,0.551863,-0.256843,0.230859,-0.666594,0.660597,-0.351134,0.395151,-0.647247,0.549210,-0.045043,0.015014,-0.735699,0.675642,6.291543,38.172884,14.596164,73.696596,
16.103191,-0.431315,0.463338,-0.579423,0.513375,-0.427163,0.405155,-0.591226,0.551211,-0.257301,0.229268,-0.667782,0.659772,-0.349308,0.395349,-0.649573,0.547483,-0.389292,0.375282,-0.615462,0.573430,6.385418,38.271738,14.722525,13.046898,
16.366614,-0.431315,0.463338,-0.579423,0.513375,-0.425179,0.407172,-0.591250,0.551233,-0.257178,0.231160,-0.669462,0.657454,-0.349308,0.395349,-0.649573,0.547483,-0.387300,0.377292,-0.615477,0.573444,6.386934,38.124362,14.722525,13.049479,
16.646220,-0.431315,0.463338,-0.579423,0.513375,-0.425648,0.407621,-0.591902,0.549837,-0.257178,0.231160,-0.669462,0.657454,-0.349308,0.395349,-0.649573,0.547483,-0.387300,0.377292,-0.615477,0.573444,6.289267,38.124362,14.722525,13.049479,
16.911217,-0.431315,0.463338,-0.579423,0.513375,-0.425648,0.407621,-0.591902,0.549837,-0.255300,0.231272,-0.671789,0.655770,-0.349235,0.395266,-0.651439,0.545368,-0.387300,0.377292,-0.615477,0.573444,6.289267,38.280485,14.703437,13.049479,
17.186612,-0.431315,0.463338,-0.579423,0.513375,-0.425144,0.407138,-0.593201,0.549186,-0.255300,0.231272,-0.671789,0.655770,-0.349235,0.395266,-0.651439,0.545368,-0.387300,0.377292,-0.615477,0.573444,6.382734,38.280485,14.703437,13.049479,
17.446132,-0.431315,0.463338,-0.579423,0.513375,-0.425144,0.407138,-0.593201,0.549186,-0.255300,0.231272,-0.671789,0.655770,-0.349235,0.395266,-0.651439,0.545368,-0.387300,0.377292,-0.615477,0.573444,6.382734,38.280485,14.703437,13.049479,
17.729661,-0.431315,0.463338,-0.579423,0.513375,-0.425144,0.407138,-0.593201,0.549186,-0.255300,0.231272,-0.671789,0.655770,-0.349235,0.395266,-0.651439,0.545368,-0.387300,0.377292,-0.615477,0.573444,6.382734,38.280485,14.703437,13.049479,
17.998514,-0.431315,0.463338,-0.579423,0.513375,-0.425144,0.407138,-0.593201,0.549186,-0.255300,0.231272,-0.671789,0.655770,-0.349235,0.395266,-0.651439,0.545368,-0.387300,0.377292,-0.615477,0.573444,6.382734,38.280485,14.703437,13.049479,
18.269284,-0.431315,0.463338,-0.579423,0.513375,-0.425144,0.407138,-0.593201,0.549186,-0.255300,0.231272,-0.671789,0.655770,-0.349235,0.395266,-0.651439,0.545368,-0.387300,0.377292,-0.615477,0.573444,6.382734,38.280485,14.703437,13.049479,
18.524324,-0.431315,0.463338,-0.579423,0.513375,-0.425144,0.407138,-0.593201,0.549186,-0.255300,0.231272,-0.671789,0.655770,-0.349235,0.395266,-0.651439,0.545368,-0.387300,0.377292,-0.615477,0.573444,6.382734,38.280485,14.703437,13.049479,
18.803379,-0.431315,0.463338,-0.579423,0.513375,-0.425144,0.407138,-0.593201,0.549186,-0.255300,0.231272,-0.671789,0.655770,-0.349235,0.395266,-0.651439,0.545368,-0.387300,0.377292,-0.615477,0.573444,6.382734,38.280485,14.703437,13.049479,
19.065318,-0.431315,0.463338,-0.579423,0.513375,-0.425144,0.407138,-0.593201,0.549186,-0.255300,0.231272,-0.671789,0.655770,-0.349235,0.395266,-0.651439,0.545368,-0.387300,0.377292,-0.615477,0.573444,6.382734,38.280485,14.703437,13.049479,
19.345159,-0.431315,0.463338,-0.579423,0.513375,-0.425144,0.407138,-0.593201,0.549186,-0.255300,0.231272,-0.671789,0.655770,-0.349235,0.395266,-0.651439,0.545368,-0.387300,0.377292,-0.615477,0.573444,6.382734,38.280485,14.703437,13.049479,
19.618739,-0.431315,0.463338,-0.579423,0.513375,-0.425144,0.407138,-0.593201,0.549186,-0.255300,0.231272,-0.671789,0.655770,-0.349235,0.395266,-0.651439,0.545368,-0.387300,0.377292,-0.615477,0.573444,6.382734,38.280485,14.703437,13.049479,
19.888356,-0.431315,0.463338,-0.579423,0.513375,-0.425144,0.407138,-0.593201,0.549186,-0.255300,0.231272,-0.671789,0.655770,-0.349235,0.395266,-0.651439,0.545368,-0.387300,0.377292,-0.615477,0.573444,6.382734,38.280485,14.703437,13.049479,
20.158195,-0.431315,0.463338,-0.579423,0.513375,-0.425144,0.407138,-0.593201,0.549186,-0.255300,0.231272,-0.671789,0.655770,-0.349235,0.395266,-0.651439,0.545368,-0.387300,0.377292,-0.615477,0.573444,6.382734,38.280485,14.703437,13.049479,
20.425821,-0.431315,0.463338,-0.579423,0.513375,-0.425144,0.407138,-0.593201,0.549186,-0.255300,0.231272,-0.671789,0.655770,-0.349235,0.395266,-0.651439,0.545368,-0.387300,0.377292,-0.615477,0.573444,6.382734,38.280485,14.703437,13.049479,
20.680552,-0.431315,0.463338,-0.579423,0.513375,-0.425144,0.407138,-0.593201,0.549186,-0.255300,0.231272,-0.671789,0.655770,-0.349235,0.395266,-0.651439,0.545368,-0.387300,0.377292,-0.615477,0.573444,6.382734,38.280485,14.703437,13.049479,
20.964544,-0.431315,0.463338,-0.579423,0.513375,-0.425144,0.407138,-0.593201,0.549186,-0.255300,0.231272,-0.671789,0.655770,-0.349235,0.395266,-0.651439,0.545368,-0.387300,0.377292,-0.615477,0.573444,6.382734,38.280485,14.703437,13.049479,
21.225282,-0.431315,0.463338,-0.579423,0.513375,-0.425144,0.407138,-0.593201,0.549186,-0.255300,0.231272,-0.671789,0.655770,-0.349235,0.395266,-0.651439,0.545368,-0.387300,0.377292,-0.615477,0.573444,6.382734,38.280485,14.703437,13.049479,
21.513854,-0.431315,0.463338,-0.579423,0.513375,-0.425144,0.407138,-0.593201,0.549186,-0.255300,0.231272,-0.671789,0.655770,-0.349235,0.395266,-0.651439,0.545368,-0.387300,0.377292,-0.615477,0.573444,6.382734,38.280485,14.703437,13.049479,
21.773424,-0.431315,0.463338,-0.579423,0.513375,-0.425144,0.407138,-0.593201,0.549186,-0.255300,0.231272,-0.671789,0.655770,-0.349235,0.395266,-0.651439,0.545368,-0.387300,0.377292,-0.615477,0.573444,6.382734,38.280485,14.703437,13.049479,
22.049116,-0.431315,0.463338,-0.579423,0.513375,-0.425144,0.407138,-0.593201,0.549186,-0.255300,0.231272,-0.671789,0.655770,-0.349235,0.395266,-0.651439,0.545368,-0.387300,0.377292,-0.615477,0.573444,6.382734,38.280485,14.703437,13.049479,
22.295134,-0.431315,0.463338,-0.579423,0.513375,-0.425144,0.407138,-0.593201,0.549186,-0.255300,0.231272,-0.671789,0.655770,-0.349235,0.395266,-0.651439,0.545368,-0.387300,0.377292,-0.615477,0.573444,6.382734,38.280485,14.703437,13.049479,
22.575443,-0.431315,0.463338,-0.579423,0.513375,-0.425144,0.407138,-0.593201,0.549186,-0.255300,0.231272,-0.671789,0.655770,-0.349235,0.395266,-0.651439,0.545368,-0.387300,0.377292,-0.615477,0.573444,6.382734,38.280485,14.703437,13.049479,
22.852902,-0.431315,0.463338,-0.579423,0.513375,-0.425144,0.407138,-0.593201,0.549186,-0.255300,0.231272,-0.671789,0.655770,-0.349235,0.395266,-0.651439,0.545368,-0.387300,0.377292,-0.615477,0.573444,6.382734,38.280485,14.703437,13.049479,
23.124698,-0.431315,0.463338,-0.579423,0.513375,-0.425144,0.407138,-0.593201,0.549186,-0.255300,0.231272,-0.671789,0.655770,-0.349235,0.395266,-0.651439,0.545368,-0.387300,0.377292,-0.615477,0.573444,6.382734,38.280485,14.703437,13.049479,
23.377977,-0.431315,0.463338,-0.579423,0.513375,-0.425144,0.407138,-0.593201,0.549186,-0.255300,0.231272,-0.671789,0.655770,-0.349235,0.395266,-0.651439,0.545368,-0.387300,0.377292,-0.615477,0.573444,6.382734,38.280485,14.703437,13.049479,
23.650688,-0.431315,0.463338,-0.579423,0.513375,-0.425144,0.407138,-0.593201,0.549186,-0.255300,0.231272,-0.671789,0.655770,-0.349235,0.395266,-0.651439,0.545368,-0.387300,0.377292,-0.615477,0.573444,6.382734,38.280485,14.703437,13.049479,
23.924943,-0.431315,0.463338,-0.579423,0.513375,-0.425144,0.407138,-0.593201,0.549186,-0.255300,0.231272,-0.671789,0.655770,-0.349235,0.395266,-0.651439,0.545368,-0.387300,0.377292,-0.615477,0.573444,6.382734,38.280485,14.703437,13.049479,
24.188502,-0.431315,0.463338,-0.579423,0.513375,-0.425144,0.407138,-0.593201,0.549186,-0.255300,0.231272,-0.671789,0.655770,-0.349235,0.395266,-0.651439,0.545368,-0.387300,0.377292,-0.615477,0.573444,6.382734,38.280485,14.703437,13.049479,
24.453735,-0.431315,0.463338,-0.579423,0.513375,-0.425144,0.407138,-0.593201,0.549186,-0.255300,0.231272,-0.671789,0.655770,-0.349235,0.395266,-0.651439,0.545368,-0.387300,0.377292,-0.615477,0.573444,6.382734,38.280485,14.703437,13.049479,
24.724907,-0.431315,0.463338,-0.579423,0.513375,-0.425144,0.407138,-0.593201,0.549186,-0.255300,0.231272,-0.671789,0.655770,-0.349235,0.395266,-0.651439,0.545368,-0.387300,0.377292,-0.615477,0.573444,6.382734,38.280485,14.703437,13.049479,
25.006024,-0.431315,0.463338,-0.579423,0.513375,-0.425144,0.407138,-0.593201,0.549186,-0.255300,0.231272,-0.671789,0.655770,-0.349235,0.395266,-0.651439,0.545368,-0.387300,0.377292,-0.615477,0.573444,6.382734,38.280485,14.703437,13.049479,
25.267980,-0.431315,0.463338,-0.579423,0.513375,-0.425144,0.407138,-0.593201,0.549186,-0.255300,0.231272,-0.671789,0.655770,-0.349235,0.395266,-0.651439,0.545368,-0.387300,0.377292,-0.615477,0.573444,6.382734,38.280485,14.703437,13.049479,
25.533859,-0.431315,0.463338,-0.579423,0.513375,-0.425144,0.407138,-0.593201,0.549186,-0.255300,0.231272,-0.671789,0.655770,-0.349235,0.395266,-0.651439,0.545368,-0.387300,0.377292,-0.615477,0.573444,6.382734,38.280485,14.703437,13.049479,
25.812914,-0.431315,0.463338,-0.579423,0.513375,-0.425144,0.407138,-0.593201,0.549186,-0.255300,0.231272,-0.671789,0.655770,-0.349235,0.395266,-0.651439,0.545368,-0.387300,0.377292,-0.615477,0.573444,6.382734,38.280485,14.703437,13.049479,
26.068738,-0.431315,0.463338,-0.579423,0.513375,-0.425144,0.407138,-0.593201,0.549186,-0.255300,0.231272,-0.671789,0.655770,-0.349235,0.395266,-0.651439,0.545368,-0.387300,0.377292,-0.615477,0.573444,6.382734,38.280485,14.703437,13.049479,
26.347298,-0.431315,0.463338,-0.579423,0.513375,-0.425144,0.407138,-0.593201,0.549186,-0.255300,0.231272,-0.671789,0.655770,-0.349235,0.395266,-0.651439,0.545368,-0.387300,0.377292,-0.615477,0.573444,6.382734,38.280485,14.703437,13.049479,
26.606220,-0.431315,0.463338,-0.579423,0.513375,-0.425144,0.407138,-0.593201,0.549186,-0.255300,0.231272,-0.671789,0.655770,-0.349235,0.395266,-0.651439,0.545368,-0.387300,0.377292,-0.615477,0.573444,6.382734,38.280485,14.703437,13.049479,
26.886718,-0.431315,0.463338,-0.579423,0.513375,-0.425144,0.407138,-0.593201,0.549186,-0.255300,0.231272,-0.671789,0.655770,-0.349235,0.395266,-0.651439,0.545368,-0.387300,0.377292,-0.615477,0.573444,6.382734,38.280485,14.703437,13.049479,
27.162003,-0.431315,0.463338,-0.579423,0.513375,-0.425144,0.407138,-0.593201,0.549186,-0.255300,0.231272,-0.671789,0.655770,-0.349235,0.395266,-0.651439,0.545368,-0.387300,0.377292,-0.615477,0.573444,6.382734,38.280485,14.703437,13.049479,
27.430700,-0.431315,0.463338,-0.579423,0.513375,-0.425144,0.407138,-0.593201,0.549186,-0.255300,0.231272,-0.671789,0.655770,-0.349235,0.395266,-0.651439,0.545368,-0.387300,0.377292,-0.615477,0.573444,6.382734,38.280485,14.703437,13.049479,
27.691722,-0.431315,0.463338,-0.579423,0.513375,-0.425144,0.407138,-0.593201,0.549186,-0.255300,0.231272,-0.671789,0.655770,-0.349235,0.395266,-0.651439,0.545368,-0.387300,0.377292,-0.615477,0.573444,6.382734,38.280485,14.703437,13.049479,
27.964803,-0.431315,0.463338,-0.579423,0.513375,-0.425144,0.407138,-0.593201,0.549186,-0.255300,0.231272,-0.671789,0.655770,-0.349235,0.395266,-0.651439,0.545368,-0.387300,0.377292,-0.615477,0.573444,6.382734,38.280485,14.703437,13.049479,
28.224104,-0.431315,0.463338,-0.579423,0.513375,-0.425144,0.407138,-0.593201,0.549186,-0.255300,0.231272,-0.671789,0.655770,-0.349235,0.395266,-0.651439,0.545368,-0.387300,0.377292,-0.615477,0.573444,6.382734,38.280485,14.703437,13.049479,
28.501181,-0.431315,0.463338,-0.579423,0.513375,-0.425144,0.407138,-0.593201,0.549186,-0.255300,0.231272,-0.671789,0.655770,-0.349235,0.395266,-0.651439,0.545368,-0.387300,0.377292,-0.615477,0.573444,6.382734,38.280485,14.703437,13.049479,
28.764571,-0.431315,0.463338,-0.579423,0.513375,-0.425144,0.407138,-0.593201,0.549186,-0.255300,0.231272,-0.671789,0.655770,-0.349235,0.395266,-0.651439,0.545368,-0.387300,0.377292,-0.615477,0.573444,6.382734,38.280485,14.703437,13.049479,
29.047542,-0.431315,0.463338,-0.579423,0.513375,-0.425144,0.407138,-0.593201,0.549186,-0.255300,0.231272,-0.671789,0.655770,-0.349235,0.395266,-0.651439,0.545368,-0.387300,0.377292,-0.615477,0.573444,6.382734,38.280485,14.703437,13.049479,
29.305293,-0.431315,0.463338,-0.579423,0.513375,-0.425144,0.407138,-0.593201,0.549186,-0.255300,0.231272,-0.671789,0.655770,-0.349235,0.395266,-0.651439,0.545368,-0.387300,0.377292,-0.615477,0.573444,6.382734,38.280485,14.703437,13.049479,
29.590762,-0.431315,0.463338,-0.579423,0.513375,-0.425144,0.407138,-0.593201,0.549186,-0.255300,0.231272,-0.671789,0.655770,-0.349235,0.395266,-0.651439,0.545368,-0.387300,0.377292,-0.615477,0.573444,6.382734,38.280485,14.703437,13.049479,
29.850998,-0.431315,0.463338,-0.579423,0.513375,-0.425144,0.407138,-0.593201,0.549186,-0.255300,0.231272,-0.671789,0.655770,-0.349235,0.395266,-0.651439,0.545368,-0.387300,0.377292,-0.615477,0.573444,6.382734,38.280485,14.703437,13.049479,
30.128744,-0.431315,0.463338,-0.579423,0.513375,-0.425144,0.407138,-0.593201,0.549186,-0.255300,0.231272,-0.671789,0.655770,-0.349235,0.395266,-0.651439,0.545368,-0.387300,0.377292,-0.615477,0.573444,6.382734,38.280485,14.703437,13.049479,
30.384705,-0.431315,0.463338,-0.579423,0.513375,-0.425144,0.407138,-0.593201,0.549186,-0.255300,0.231272,-0.671789,0.655770,-0.349235,0.395266,-0.651439,0.545368,-0.387300,0.377292,-0.615477,0.573444,6.382734,38.280485,14.703437,13.049479,
30.660473,-0.431315,0.463338,-0.579423,0.513375,-0.425144,0.407138,-0.593201,0.549186,-0.255300,0.231272,-0.671789,0.655770,-0.349235,0.395266,-0.651439,0.545368,-0.387300,0.377292,-0.615477,0.573444,6.382734,38.280485,14.703437,13.049479,
30.923275,-0.431315,0.463338,-0.579423,0.513375,-0.425144,0.407138,-0.593201,0.549186,-0.255300,0.231272,-0.671789,0.655770,-0.349235,0.395266,-0.651439,0.545368,-0.387300,0.377292,-0.615477,0.573444,6.382734,38.280485,14.703437,13.049479,
31.208464,-0.431315,0.463338,-0.579423,0.513375,-0.425144,0.407138,-0.593201,0.549186,-0.255300,0.231272,-0.671789,0.655770,-0.349235,0.395266,-0.651439,0.545368,-0.387300,0.377292,-0.615477,0.573444,6.382734,38.280485,14.703437,13.049479,
31.468095,-0.431315,0.463338,-0.579423,0.513375,-0.425144,0.407138,-0.593201,0.549186,-0.255300,0.231272,-0.671789,0.655770,-0.349235,0.395266,-0.651439,0.545368,-0.387300,0.377292,-0.615477,0.573444,6.382734,38.280485,14.703437,13.049479,
31.743208,-0.431315,0.463338,-0.579423,0.513375,-0.425144,0.407138,-0.593201,0.549186,-0.255300,0.231272,-0.671789,0.655770,-0.349235,0.395266,-0.651439,0.545368,-0.387300,0.377292,-0.615477,0.573444,6.382734,38.280485,14.703437,13.049479,
32.009692,-0.431315,0.463338,-0.579423,0.513375,-0.425144,0.407138,-0.593201,0.549186,-0.255300,0.231272,-0.671789,0.655770,-0.349235,0.395266,-0.651439,0.545368,-0.387300,0.377292,-0.615477,0.573444,6.382734,38.280485,14.703437,13.049479,
32.283811,-0.431315,0.463338,-0.579423,0.513375,-0.425144,0.407138,-0.593201,0.549186,-0.255300,0.231272,-0.671789,0.655770,-0.349235,0.395266,-0.651439,0.545368,-0.387300,0.377292,-0.615477,0.573444,6.382734,38.280485,14.703437,13.049479,
32.542907,-0.431315,0.463338,-0.579423,0.513375,-0.425144,0.407138,-0.593201,0.549186,-0.255300,0.231272,-0.671789,0.655770,-0.349235,0.395266,-0.651439,0.545368,-0.387300,0.377292,-0.615477,0.573444,6.382734,38.280485,14.703437,13.049479,
32.823034,-0.431315,0.463338,-0.579423,0.513375,-0.425144,0.407138,-0.593201,0.549186,-0.255300,0.231272,-0.671789,0.655770,-0.349235,0.395266,-0.651439,0.545368,-0.387300,0.377292,-0.615477,0.573444,6.382734,38.280485,14.703437,13.049479,
33.083942,-0.431315,0.463338,-0.579423,0.513375,-0.425144,0.407138,-0.593201,0.549186,-0.255300,0.231272,-0.671789,0.655770,-0.349235,0.395266,-0.651439,0.545368,-0.387300,0.377292,-0.615477,0.573444,6.382734,38.280485,14.703437,13.049479,
33.360230,-0.431315,0.463338,-0.579423,0.513375,-0.425144,0.407138,-0.593201,0.549186,-0.255300,0.231272,-0.671789,0.655770,-0.349235,0.395266,-0.651439,0.545368,-0.387300,0.377292,-0.615477,0.573444,6.382734,38.280485,14.703437,13.049479,
33.622503,-0.431315,0.463338,-0.579423,0.513375,-0.425144,0.407138,-0.593201,0.549186,-0.255300,0.231272,-0.671789,0.655770,-0.349235,0.395266,-0.651439,0.545368,-0.387300,0.377292,-0.615477,0.573444,6.382734,38.280485,14.703437,13.049479,
33.902893,-0.431315,0.463338,-0.579423,0.513375,-0.425144,0.407138,-0.593201,0.549186,-0.255300,0.231272,-0.671789,0.655770,-0.349235,0.395266,-0.651439,0.545368,-0.387300,0.377292,-0.615477,0.573444,6.382734,38.280485,14.703437,13.049479,
34.169583,-0.431315,0.463338,-0.579423,0.513375,-0.425144,0.407138,-0.593201,0.549186,-0.255300,0.231272,-0.671789,0.655770,-0.349235,0.395266,-0.651439,0.545368,-0.387300,0.377292,-0.615477,0.573444,6.382734,38.280485,14.703437,13.049479,
34.440597,-0.431315,0.463338,-0.579423,0.513375,-0.425144,0.407138,-0.593201,0.549186,-0.255300,0.231272,-0.671789,0.655770,-0.349235,0.395266,-0.651439,0.545368,-0.387300,0.377292,-0.615477,0.573444,6.382734,38.280485,14.703437,13.049479,
34.709386,-0.431315,0.463338,-0.579423,0.513375,-0.425144,0.407138,-0.593201,0.549186,-0.255300,0.231272,-0.671789,0.655770,-0.349235,0.395266,-0.651439,0.545368,-0.387300,0.377292,-0.615477,0.573444,6.382734,38.280485,14.703437,13.049479,
34.985722,-0.431315,0.463338,-0.579423,0.513375,-0.425144,0.407138,-0.593201,0.549186,-0.255300,0.231272,-0.671789,0.655770,-0.349235,0.395266,-0.651439,0.545368,-0.387300,0.377292,-0.615477,0.573444,6.382734,38.280485,14.703437,13.049479,
35.243296,-0.431315,0.463338,-0.579423,0.513375,-0.425144,0.407138,-0.593201,0.549186,-0.255300,0.231272,-0.671789,0.655770,-0.349235,0.395266,-0.651439,0.545368,-0.387300,0.377292,-0.615477,0.573444,6.382734,38.280485,14.703437,13.049479,
35.520091,-0.431315,0.463338,-0.579423,0.513375,-0.425144,0.407138,-0.593201,0.549186,-0.255300,0.231272,-0.671789,0.655770,-0.349235,0.395266,-0.651439,0.545368,-0.387300,0.377292,-0.615477,0.573444,6.382734,38.280485,14.703437,13.049479,
35.784978,-0.431315,0.463338,-0.579423,0.513375,-0.425144,0.407138,-0.593201,0.549186,-0.255300,0.231272,-0.671789,0.655770,-0.349235,0.395266,-0.651439,0.545368,-0.387300,0.377292,-0.615477,0.573444,6.382734,38.280485,14.703437,13.049479,
36.062525,-0.431315,0.463338,-0.579423,0.513375,-0.425144,0.407138,-0.593201,0.549186,-0.255300,0.231272,-0.671789,0.655770,-0.349235,0.395266,-0.651439,0.545368,-0.387300,0.377292,-0.615477,0.573444,6.382734,38.280485,14.703437,13.049479,
36.326512,-0.431315,0.463338,-0.579423,0.513375,-0.425144,0.407138,-0.593201,0.549186,-0.255300,0.231272,-0.671789,0.655770,-0.349235,0.395266,-0.651439,0.545368,-0.387300,0.377292,-0.615477,0.573444,6.382734,38.280485,14.703437,13.049479,
36.601151,-0.431315,0.463338,-0.579423,0.513375,-0.425144,0.407138,-0.593201,0.549186,-0.255300,0.231272,-0.671789,0.655770,-0.349235,0.395266,-0.651439,0.545368,-0.387300,0.377292,-0.615477,0.573444,6.382734,38.280485,14.703437,13.049479,
36.862936,-0.431315,0.463338,-0.579423,0.513375,-0.425144,0.407138,-0.593201,0.549186,-0.255300,0.231272,-0.671789,0.655770,-0.349235,0.395266,-0.651439,0.545368,-0.387300,0.377292,-0.615477,0.573444,6.382734,38.280485,14.703437,13.049479,
37.141836,-0.431315,0.463338,-0.579423,0.513375,-0.425144,0.407138,-0.593201,0.549186,-0.255300,0.231272,-0.671789,0.655770,-0.349235,0.395266,-0.651439,0.545368,-0.387300,0.377292,-0.615477,0.573444,6.382734,38.280485,14.703437,13.049479,
37.404294,-0.431315,0.463338,-0.579423,0.513375,-0.425144,0.407138,-0.593201,0.549186,-0.255300,0.231272,-0.671789,0.655770,-0.349235,0.395266,-0.651439,0.545368,-0.387300,0.377292,-0.615477,0.573444,6.382734,38.280485,14.703437,13.049479,
37.681839,-0.431315,0.463338,-0.579423,0.513375,-0.425144,0.407138,-0.593201,0.549186,-0.255300,0.231272,-0.671789,0.655770,-0.349235,0.395266,-0.651439,0.545368,-0.387300,0.377292,-0.615477,0.573444,6.382734,38.280485,14.703437,13.049479,
37.944213,-0.431315,0.463338,-0.579423,0.513375,-0.425144,0.407138,-0.593201,0.549186,-0.255300,0.231272,-0.671789,0.655770,-0.349235,0.395266,-0.651439,0.545368,-0.387300,0.377292,-0.615477,0.573444,6.382734,38.280485,14.703437,13.049479,
38.221897,-0.431315,0.463338,-0.579423,0.513375,-0.425144,0.407138,-0.593201,0.549186,-0.255300,0.231272,-0.671789,0.655770,-0.349235,0.395266,-0.651439,0.545368,-0.387300,0.377292,-0.615477,0.573444,6.382734,38.280485,14.703437,13.049479,
38.493670,-0.431315,0.463338,-0.579423,0.513375,-0.425144,0.407138,-0.593201,0.549186,-0.255300,0.231272,-0.671789,0.655770,-0.349235,0.395266,-0.651439,0.545368,-0.387300,0.377292,-0.615477,0.573444,6.382734,38.280485,14.703437,13.049479,
38.763945,-0.431315,0.463338,-0.579423,0.513375,-0.425144,0.407138,-0.593201,0.549186,-0.255300,0.231272,-0.671789,0.655770,-0.349235,0.395266,-0.651439,0.545368,-0.387300,0.377292,-0.615477,0.573444,6.382734,38.280485,14.703437,13.049479,
39.029190,-0.431315,0.463338,-0.579423,0.513375,-0.425144,0.407138,-0.593201,0.549186,-0.255300,0.231272,-0.671789,0.655770,-0.349235,0.395266,-0.651439,0.545368,-0.387300,0.377292,-0.615477,0.573444,6.382734,38.280485,14.703437,13.049479,
39.306006,-0.431315,0.463338,-0.579423,0.513375,-0.425144,0.407138,-0.593201,0.549186,-0.255300,0.231272,-0.671789,0.655770,-0.349235,0.395266,-0.651439,0.545368,-0.387300,0.377292,-0.615477,0.573444,6.382734,38.280485,14.703437,13.049479,
39.567736,-0.431315,0.463338,-0.579423,0.513375,-0.425144,0.407138,-0.593201,0.549186,-0.255300,0.231272,-0.671789,0.655770,-0.349235,0.395266,-0.651439,0.545368,-0.387300,0.377292,-0.615477,0.573444,6.382734,38.280485,14.703437,13.049479,
39.847717,-0.431315,0.463338,-0.579423,0.513375,-0.425144,0.407138,-0.593201,0.549186,-0.255300,0.231272,-0.671789,0.655770,-0.349235,0.395266,-0.651439,0.545368,-0.387300,0.377292,-0.615477,0.573444,6.382734,38.280485,14.703437,13.049479,
40.103674,-0.431315,0.463338,-0.579423,0.513375,-0.425144,0.407138,-0.593201,0.549186,-0.255300,0.231272,-0.671789,0.655770,-0.349235,0.395266,-0.651439,0.545368,-0.387300,0.377292,-0.615477,0.573444,6.382734,38.280485,14.703437,13.049479,
40.380347,-0.431315,0.463338,-0.579423,0.513375,-0.425144,0.407138,-0.593201,0.549186,-0.255300,0.231272,-0.671789,0.655770,-0.349235,0.395266,-0.651439,0.545368,-0.387300,0.377292,-0.615477,0.573444,6.382734,38.280485,14.703437,13.049479,
40.656186,-0.431315,0.463338,-0.579423,0.513375,-0.425144,0.407138,-0.593201,0.549186,-0.255300,0.231272,-0.671789,0.655770,-0.349235,0.395266,-0.651439,0.545368,-0.387300,0.377292,-0.615477,0.573444,6.382734,38.280485,14.703437,13.049479,
40.928143,-0.431315,0.463338,-0.579423,0.513375,-0.425144,0.407138,-0.593201,0.549186,-0.255300,0.231272,-0.671789,0.655770,-0.349235,0.395266,-0.651439,0.545368,-0.387300,0.377292,-0.615477,0.573444,6.382734,38.280485,14.703437,13.049479,
41.183406,-0.431315,0.463338,-0.579423,0.513375,-0.425144,0.407138,-0.593201,0.549186,-0.255300,0.231272,-0.671789,0.655770,-0.349235,0.395266,-0.651439,0.545368,-0.387300,0.377292,-0.615477,0.573444,6.382734,38.280485,14.703437,13.049479,
41.461527,-0.431315,0.463338,-0.579423,0.513375,-0.425144,0.407138,-0.593201,0.549186,-0.255300,0.231272,-0.671789,0.655770,-0.349235,0.395266,-0.651439,0.545368,-0.387300,0.377292,-0.615477,0.573444,6.382734,38.280485,14.703437,13.049479,
41.729687,-0.431315,0.463338,-0.579423,0.513375,-0.425144,0.407138,-0.593201,0.549186,-0.255300,0.231272,-0.671789,0.655770,-0.349235,0.395266,-0.651439,0.545368,-0.387300,0.377292,-0.615477,0.573444,6.382734,38.280485,14.703437,13.049479,
41.999795,-0.431315,0.463338,-0.579423,0.513375,-0.425144,0.407138,-0.593201,0.549186,-0.255300,0.231272,-0.671789,0.655770,-0.349235,0.395266,-0.651439,0.545368,-0.387300,0.377292,-0.615477,0.573444,6.382734,38.280485,14.703437,13.049479,
42.265758,-0.431315,0.463338,-0.579423,0.513375,-0.425144,0.407138,-0.593201,0.549186,-0.255300,0.231272,-0.671789,0.655770,-0.349235,0.395266,-0.651439,0.545368,-0.387300,0.377292,-0.615477,0.573444,6.382734,38.280485,14.703437,13.049479,
42.541994,-0.431315,0.463338,-0.579423,0.513375,-0.425144,0.407138,-0.593201,0.549186,-0.255300,0.231272,-0.671789,0.655770,-0.349235,0.395266,-0.651439,0.545368,-0.387300,0.377292,-0.615477,0.573444,6.382734,38.280485,14.703437,13.049479,
42.807493,-0.431315,0.463338,-0.579423,0.513375,-0.425144,0.407138,-0.593201,0.549186,-0.255300,0.231272,-0.671789,0.655770,-0.349235,0.395266,-0.651439,0.545368,-0.387300,0.377292,-0.615477,0.573444,6.382734,38.280485,14.703437,13.049479,
43.080636,-0.431315,0.463338,-0.579423,0.513375,-0.425144,0.407138,-0.593201,0.549186,-0.255300,0.231272,-0.671789,0.655770,-0.349235,0.395266,-0.651439,0.545368,-0.387300,0.377292,-0.615477,0.573444,6.382734,38.280485,14.703437,13.049479,
43.345000,-0.431315,0.463338,-0.579423,0.513375,-0.425144,0.407138,-0.593201,0.549186,-0.255300,0.231272,-0.671789,0.655770,-0.349235,0.395266,-0.651439,0.545368,-0.387300,0.377292,-0.615477,0.573444,6.382734,38.280485,14.703437,13.049479,
43.622234,-0.431315,0.463338,-0.579423,0.513375,-0.425144,0.407138,-0.593201,0.549186,-0.255300,0.231272,-0.671789,0.655770,-0.349235,0.395266,-0.651439,0.545368,-0.387300,0.377292,-0.615477,0.573444,6.382734,38.280485,14.703437,13.049479,
43.887280,-0.431315,0.463338,-0.579423,0.513375,-0.425144,0.407138,-0.593201,0.549186,-0.255300,0.231272,-0.671789,0.655770,-0.349235,0.395266,-0.651439,0.545368,-0.387300,0.377292,-0.615477,0.573444,6.382734,38.280485,14.703437,13.049479,
44.168197,-0.431315,0.463338,-0.579423,0.513375,-0.425144,0.407138,-0.593201,0.549186,-0.255300,0.231272,-0.671789,0.655770,-0.349235,0.395266,-0.651439,0.545368,-0.387300,0.377292,-0.615477,0.573444,6.382734,38.280485,14.703437,13.049479,
44.423436,-0.431315,0.463338,-0.579423,0.513375,-0.425144,0.407138,-0.593201,0.549186,-0.255300,0.231272,-0.671789,0.655770,-0.349235,0.395266,-0.651439,0.545368,-0.387300,0.377292,-0.615477,0.573444,6.382734,38.280485,14.703437,13.049479,
44.703266,-0.431315,0.463338,-0.579423,0.513375,-0.425144,0.407138,-0.593201,0.549186,-0.255300,0.231272,-0.671789,0.655770,-0.349235,0.395266,-0.651439,0.545368,-0.387300,0.377292,-0.615477,0.573444,6.382734,38.280485,14.703437,13.049479,
44.963415,-0.431315,0.463338,-0.579423,0.513375,-0.425144,0.407138,-0.593201,0.549186,-0.255300,0.231272,-0.671789,0.655770,-0.349235,0.395266,-0.651439,0.545368,-0.387300,0.377292,-0.615477,0.573444,6.382734,38.280485,14.703437,13.049479,
45.245279,-0.431315,0.463338,-0.579423,0.513375,-0.425144,0.407138,-0.593201,0.549186,-0.255300,0.231272,-0.671789,0.655770,-0.349235,0.395266,-0.651439,0.545368,-0.387300,0.377292,-0.615477,0.573444,6.382734,38.280485,14.703437,13.049479,
45.503953,-0.431315,0.463338,-0.579423,0.513375,-0.425144,0.407138,-0.593201,0.549186,-0.255300,0.231272,-0.671789,0.655770,-0.349235,0.395266,-0.651439,0.545368,-0.387300,0.377292,-0.615477,0.573444,6.382734,38.280485,14.703437,13.049479,
45.784402,-0.431315,0.463338,-0.579423,0.513375,-0.425144,0.407138,-0.593201,0.549186,-0.255300,0.231272,-0.671789,0.655770,-0.349235,0.395266,-0.651439,0.545368,-0.387300,0.377292,-0.615477,0.573444,6.382734,38.280485,14.703437,13.049479,
46.040594,-0.431315,0.463338,-0.579423,0.513375,-0.425144,0.407138,-0.593201,0.549186,-0.255300,0.231272,-0.671789,0.655770,-0.349235,0.395266,-0.651439,0.545368,-0.387300,0.377292,-0.615477,0.573444,6.382734,38.280485,14.703437,13.049479,
46.318642,-0.431315,0.463338,-0.579423,0.513375,-0.425144,0.407138,-0.593201,0.549186,-0.255300,0.231272,-0.671789,0.655770,-0.349235,0.395266,-0.651439,0.545368,-0.387300,0.377292,-0.615477,0.573444,6.382734,38.280485,14.703437,13.049479,
46.583172,-0.431315,0.463338,-0.579423,0.513375,-0.425144,0.407138,-0.593201,0.549186,-0.255300,0.231272,-0.671789,0.655770,-0.349235,0.395266,-0.651439,0.545368,-0.387300,0.377292,-0.615477,0.573444,6.382734,38.280485,14.703437,13.049479,
46.859206,-0.431315,0.463338,-0.579423,0.513375,-0.425144,0.407138,-0.593201,0.549186,-0.255300,0.231272,-0.671789,0.655770,-0.349235,0.395266,-0.651439,0.545368,-0.387300,0.377292,-0.615477,0.573444,6.382734,38.280485,14.703437,13.049479,
47.120945,-0.431315,0.463338,-0.579423,0.513375,-0.425144,0.407138,-0.593201,0.549186,-0.255300,0.231272,-0.671789,0.655770,-0.349235,0.395266,-0.651439,0.545368,-0.387300,0.377292,-0.615477,0.573444,6.382734,38.280485,14.703437,13.049479,
47.401588,-0.431315,0.463338,-0.579423,0.513375,-0.425144,0.407138,-0.593201,0.549186,-0.255300,0.231272,-0.671789,0.655770,-0.349235,0.395266,-0.651439,0.545368,-0.387300,0.377292,-0.615477,0.573444,6.382734,38.280485,14.703437,13.049479,
47.663702,-0.431315,0.463338,-0.579423,0.513375,-0.425144,0.407138,-0.593201,0.549186,-0.255300,0.231272,-0.671789,0.655770,-0.349235,0.395266,-0.651439,0.545368,-0.387300,0.377292,-0.615477,0.573444,6.382734,38.280485,14.703437,13.049479,
47.954445,-0.431315,0.463338,-0.579423,0.513375,-0.425144,0.407138,-0.593201,0.549186,-0.255300,0.231272,-0.671789,0.655770,-0.349235,0.395266,-0.651439,0.545368,-0.387300,0.377292,-0.615477,0.573444,6.382734,38.280485,14.703437,13.049479,
48.221624,-0.431315,0.463338,-0.579423,0.513375,-0.425144,0.407138,-0.593201,0.549186,-0.255300,0.231272,-0.671789,0.655770,-0.349235,0.395266,-0.651439,0.545368,-0.387300,0.377292,-0.615477,0.573444,6.382734,38.280485,14.703437,13.049479,
48.477433,-0.431315,0.463338,-0.579423,0.513375,-0.425144,0.407138,-0.593201,0.549186,-0.255300,0.231272,-0.671789,0.655770,-0.349235,0.395266,-0.651439,0.545368,-0.387300,0.377292,-0.615477,0.573444,6.382734,38.280485,14.703437,13.049479,
48.747624,-0.431315,0.463338,-0.579423,0.513375,-0.425144,0.407138,-0.593201,0.549186,-0.255300,0.231272,-0.671789,0.655770,-0.349235,0.395266,-0.651439,0.545368,-0.387300,0.377292,-0.615477,0.573444,6.382734,38.280485,14.703437,13.049479,
49.018985,-0.431315,0.463338,-0.579423,0.513375,-0.425144,0.407138,-0.593201,0.549186,-0.255300,0.231272,-0.671789,0.655770,-0.349235,0.395266,-0.651439,0.545368,-0.387300,0.377292,-0.615477,0.573444,6.382734,38.280485,14.703437,13.049479,
49.281656,-0.431315,0.463338,-0.579423,0.513375,-0.425144,0.407138,-0.593201,0.549186,-0.255300,0.231272,-0.671789,0.655770,-0.349235,0.395266,-0.651439,0.545368,-0.387300,0.377292,-0.615477,0.573444,6.382734,38.280485,14.703437,13.049479,
49.571801,-0.431315,0.463338,-0.579423,0.513375,-0.425144,0.407138,-0.593201,0.549186,-0.255300,0.231272,-0.671789,0.655770,-0.349235,0.395266,-0.651439,0.545368,-0.387300,0.377292,-0.615477,0.573444,6.382734,38.280485,14.703437,13.049479,
49.826253,-0.431315,0.463338,-0.579423,0.513375,-0.425144,0.407138,-0.593201,0.549186,-0.255300,0.231272,-0.671789,0.655770,-0.349235,0.395266,-0.651439,0.545368,-0.387300,0.377292,-0.615477,0.573444,6.382734,38.280485,14.703437,13.049479,
50.098785,-0.431315,0.463338,-0.579423,0.513375,-0.425144,0.407138,-0.593201,0.549186,-0.255300,0.231272,-0.671789,0.655770,-0.349235,0.395266,-0.651439,0.545368,-0.387300,0.377292,-0.615477,0.573444,6.382734,38.280485,14.703437,13.049479,
50.359693,-0.431315,0.463338,-0.579423,0.513375,-0.425144,0.407138,-0.593201,0.549186,-0.255300,0.231272,-0.671789,0.655770,-0.349235,0.395266,-0.651439,0.545368,-0.387300,0.377292,-0.615477,0.573444,6.382734,38.280485,14.703437,13.049479,
50.637619,-0.431315,0.463338,-0.579423,0.513375,-0.425144,0.407138,-0.593201,0.549186,-0.255300,0.231272,-0.671789,0.655770,-0.349235,0.395266,-0.651439,0.545368,-0.387300,0.377292,-0.615477,0.573444,6.382734,38.280485,14.703437,13.049479,
50.919100,-0.431315,0.463338,-0.579423,0.513375,-0.425144,0.407138,-0.593201,0.549186,-0.255300,0.231272,-0.671789,0.655770,-0.349235,0.395266,-0.651439,0.545368,-0.387300,0.377292,-0.615477,0.573444,6.382734,38.280485,14.703437,13.049479,
51.189067,-0.431315,0.463338,-0.579423,0.513375,-0.425144,0.407138,-0.593201,0.549186,-0.255300,0.231272,-0.671789,0.655770,-0.349235,0.395266,-0.651439,0.545368,-0.387300,0.377292,-0.615477,0.573444,6.382734,38.280485,14.703437,13.049479,
51.452828,-0.431315,0.463338,-0.579423,0.513375,-0.425144,0.407138,-0.593201,0.549186,-0.255300,0.231272,-0.671789,0.655770,-0.349235,0.395266,-0.651439,0.545368,-0.387300,0.377292,-0.615477,0.573444,6.382734,38.280485,14.703437,13.049479,
51.719876,-0.431315,0.463338,-0.579423,0.513375,-0.425144,0.407138,-0.593201,0.549186,-0.255300,0.231272,-0.671789,0.655770,-0.349235,0.395266,-0.651439,0.545368,-0.387300,0.377292,-0.615477,0.573444,6.382734,38.280485,14.703437,13.049479,
51.986923,-0.431315,0.463338,-0.579423,0.513375,-0.425144,0.407138,-0.593201,0.549186,-0.255300,0.231272,-0.671789,0.655770,-0.349235,0.395266,-0.651439,0.545368,-0.387300,0.377292,-0.615477,0.573444,6.382734,38.280485,14.703437,13.049479,
52.264751,-0.431315,0.463338,-0.579423,0.513375,-0.425144,0.407138,-0.593201,0.549186,-0.255300,0.231272,-0.671789,0.655770,-0.349235,0.395266,-0.651439,0.545368,-0.387300,0.377292,-0.615477,0.573444,6.382734,38.280485,14.703437,13.049479,
52.521645,-0.431315,0.463338,-0.579423,0.513375,-0.425144,0.407138,-0.593201,0.549186,-0.255300,0.231272,-0.671789,0.655770,-0.349235,0.395266,-0.651439,0.545368,-0.387300,0.377292,-0.615477,0.573444,6.382734,38.280485,14.703437,13.049479,
52.797122,-0.431315,0.463338,-0.579423,0.513375,-0.425144,0.407138,-0.593201,0.549186,-0.255300,0.231272,-0.671789,0.655770,-0.349235,0.395266,-0.651439,0.545368,-0.387300,0.377292,-0.615477,0.573444,6.382734,38.280485,14.703437,13.049479,
53.059979,-0.431315,0.463338,-0.579423,0.513375,-0.425144,0.407138,-0.593201,0.549186,-0.255300,0.231272,-0.671789,0.655770,-0.349235,0.395266,-0.651439,0.545368,-0.387300,0.377292,-0.615477,0.573444,6.382734,38.280485,14.703437,13.049479,
53.346392,-0.431315,0.463338,-0.579423,0.513375,-0.425144,0.407138,-0.593201,0.549186,-0.255300,0.231272,-0.671789,0.655770,-0.349235,0.395266,-0.651439,0.545368,-0.387300,0.377292,-0.615477,0.573444,6.382734,38.280485,14.703437,13.049479,
53.601935,-0.431315,0.463338,-0.579423,0.513375,-0.425144,0.407138,-0.593201,0.549186,-0.255300,0.231272,-0.671789,0.655770,-0.349235,0.395266,-0.651439,0.545368,-0.387300,0.377292,-0.615477,0.573444,6.382734,38.280485,14.703437,13.049479,
53.882993,-0.431315,0.463338,-0.579423,0.513375,-0.425144,0.407138,-0.593201,0.549186,-0.255300,0.231272,-0.671789,0.655770,-0.349235,0.395266,-0.651439,0.545368,-0.387300,0.377292,-0.615477,0.573444,6.382734,38.280485,14.703437,13.049479,
54.145698,-0.431315,0.463338,-0.579423,0.513375,-0.425144,0.407138,-0.593201,0.549186,-0.255300,0.231272,-0.671789,0.655770,-0.349235,0.395266,-0.651439,0.545368,-0.387300,0.377292,-0.615477,0.573444,6.382734,38.280485,14.703437,13.049479,
54.425320,-0.431315,0.463338,-0.579423,0.513375,-0.425144,0.407138,-0.593201,0.549186,-0.255300,0.231272,-0.671789,0.655770,-0.349235,0.395266,-0.651439,0.545368,-0.387300,0.377292,-0.615477,0.573444,6.382734,38.280485,14.703437,13.049479,
54.683304,-0.431315,0.463338,-0.579423,0.513375,-0.425144,0.407138,-0.593201,0.549186,-0.255300,0.231272,-0.671789,0.655770,-0.349235,0.395266,-0.651439,0.545368,-0.387300,0.377292,-0.615477,0.573444,6.382734,38.280485,14.703437,13.049479,
54.956575,-0.431315,0.463338,-0.579423,0.513375,-0.425144,0.407138,-0.593201,0.549186,-0.255300,0.231272,-0.671789,0.655770,-0.349235,0.395266,-0.651439,0.545368,-0.387300,0.377292,-0.615477,0.573444,6.382734,38.280485,14.703437,13.049479,
55.218936,-0.431315,0.463338,-0.579423,0.513375,-0.425144,0.407138,-0.593201,0.549186,-0.255300,0.231272,-0.671789,0.655770,-0.349235,0.395266,-0.651439,0.545368,-0.387300,0.377292,-0.615477,0.573444,6.382734,38.280485,14.703437,13.049479,
55.504537,-0.431315,0.463338,-0.579423,0.513375,-0.425144,0.407138,-0.593201,0.549186,-0.255300,0.231272,-0.671789,0.655770,-0.349235,0.395266,-0.651439,0.545368,-0.387300,0.377292,-0.615477,0.573444,6.382734,38.280485,14.703437,13.049479,
55.762127,-0.431315,0.463338,-0.579423,0.513375,-0.425144,0.407138,-0.593201,0.549186,-0.255300,0.231272,-0.671789,0.655770,-0.349235,0.395266,-0.651439,0.545368,-0.387300,0.377292,-0.615477,0.573444,6.382734,38.280485,14.703437,13.049479,
56.037695,-0.431315,0.463338,-0.579423,0.513375,-0.425144,0.407138,-0.593201,0.549186,-0.255300,0.231272,-0.671789,0.655770,-0.349235,0.395266,-0.651439,0.545368,-0.387300,0.377292,-0.615477,0.573444,6.382734,38.280485,14.703437,13.049479,
56.300400,-0.431315,0.463338,-0.579423,0.513375,-0.425144,0.407138,-0.593201,0.549186,-0.255300,0.231272,-0.671789,0.655770,-0.349235,0.395266,-0.651439,0.545368,-0.387300,0.377292,-0.615477,0.573444,6.382734,38.280485,14.703437,13.049479,
56.575787,-0.431315,0.463338,-0.579423,0.513375,-0.425144,0.407138,-0.593201,0.549186,-0.255300,0.231272,-0.671789,0.655770,-0.349235,0.395266,-0.651439,0.545368,-0.387300,0.377292,-0.615477,0.573444,6.382734,38.280485,14.703437,13.049479,
56.841718,-0.431315,0.463338,-0.579423,0.513375,-0.425144,0.407138,-0.593201,0.549186,-0.255300,0.231272,-0.671789,0.655770,-0.349235,0.395266,-0.651439,0.545368,-0.387300,0.377292,-0.615477,0.573444,6.382734,38.280485,14.703437,13.049479,
57.118518,-0.431315,0.463338,-0.579423,0.513375,-0.425144,0.407138,-0.593201,0.549186,-0.255300,0.231272,-0.671789,0.655770,-0.349235,0.395266,-0.651439,0.545368,-0.387300,0.377292,-0.615477,0.573444,6.382734,38.280485,14.703437,13.049479,
57.380548,-0.431315,0.463338,-0.579423,0.513375,-0.425144,0.407138,-0.593201,0.549186,-0.255300,0.231272,-0.671789,0.655770,-0.349235,0.395266,-0.651439,0.545368,-0.387300,0.377292,-0.615477,0.573444,6.382734,38.280485,14.703437,13.049479,
57.662789,-0.431315,0.463338,-0.579423,0.513375,-0.425144,0.407138,-0.593201,0.549186,-0.255300,0.231272,-0.671789,0.655770,-0.349235,0.395266,-0.651439,0.545368,-0.387300,0.377292,-0.615477,0.573444,6.382734,38.280485,14.703437,13.049479,
57.919312,-0.431315,0.463338,-0.579423,0.513375,-0.425144,0.407138,-0.593201,0.549186,-0.255300,0.231272,-0.671789,0.655770,-0.349235,0.395266,-0.651439,0.545368,-0.387300,0.377292,-0.615477,0.573444,6.382734,38.280485,14.703437,13.049479,
58.198679,-0.431315,0.463338,-0.579423,0.513375,-0.425144,0.407138,-0.593201,0.549186,-0.255300,0.231272,-0.671789,0.655770,-0.349235,0.395266,-0.651439,0.545368,-0.387300,0.377292,-0.615477,0.573444,6.382734,38.280485,14.703437,13.049479,
58.458047,-0.431315,0.463338,-0.579423,0.513375,-0.425144,0.407138,-0.593201,0.549186,-0.255300,0.231272,-0.671789,0.655770,-0.349235,0.395266,-0.651439,0.545368,-0.387300,0.377292,-0.615477,0.573444,6.382734,38.280485,14.703437,13.049479,
58.744626,-0.431315,0.463338,-0.579423,0.513375,-0.425144,0.407138,-0.593201,0.549186,-0.255300,0.231272,-0.671789,0.655770,-0.349235,0.395266,-0.651439,0.545368,-0.387300,0.377292,-0.615477,0.573444,6.382734,38.280485,14.703437,13.049479,
59.000362,-0.431315,0.463338,-0.579423,0.513375,-0.425144,0.407138,-0.593201,0.549186,-0.255300,0.231272,-0.671789,0.655770,-0.349235,0.395266,-0.651439,0.545368,-0.387300,0.377292,-0.615477,0.573444,6.382734,38.280485,14.703437,13.049479,
59.293334,-0.431315,0.463338,-0.579423,0.513375,-0.425144,0.407138,-0.593201,0.549186,-0.255300,0.231272,-0.671789,0.655770,-0.349235,0.395266,-0.651439,0.545368,-0.387300,0.377292,-0.615477,0.573444,6.382734,38.280485,14.703437,13.049479,
59.558356,-0.431315,0.463338,-0.579423,0.513375,-0.425144,0.407138,-0.593201,0.549186,-0.255300,0.231272,-0.671789,0.655770,-0.349235,0.395266,-0.651439,0.545368,-0.387300,0.377292,-0.615477,0.573444,6.382734,38.280485,14.703437,13.049479,
59.823609,-0.431315,0.463338,-0.579423,0.513375,-0.425144,0.407138,-0.593201,0.549186,-0.255300,0.231272,-0.671789,0.655770,-0.349235,0.395266,-0.651439,0.545368,-0.387300,0.377292,-0.615477,0.573444,6.382734,38.280485,14.703437,13.049479,
