0.000000,0.517013,-0.613016,-0.441011,-0.403010,0.547150,-0.571157,-0.501137,-0.351096,0.540746,-0.582726,-0.440793,-0.416804,10.085194,2.719954,
0.057996,0.510752,-0.604706,-0.448782,-0.414798,0.543158,-0.565164,-0.505147,-0.361105,0.536831,-0.572820,-0.448859,-0.426866,10.063778,3.025628,
0.103270,0.512685,-0.604629,-0.446726,-0.414745,0.545114,-0.565119,-0.503106,-0.361076,0.538867,-0.570860,-0.448890,-0.426895,10.058197,3.241027,
0.138441,0.513463,-0.601543,-0.449406,-0.415375,0.542886,-0.560882,-0.508893,-0.362924,0.538867,-0.570860,-0.448890,-0.426895,10.033858,2.911439,
0.171652,0.508775,-0.604733,-0.452800,-0.412818,0.541467,-0.565488,-0.513443,-0.351303,0.532982,-0.572981,-0.454985,-0.424986,10.691036,2.963568,
0.207990,0.494922,-0.608904,-0.456928,-0.418934,0.525510,-0.565549,-0.521506,-0.363353,0.522681,-0.570652,-0.458720,-0.436734,10.706356,3.197866,
0.240258,0.497297,-0.609365,-0.455272,-0.417250,0.559323,-0.597345,-0.475275,-0.323187,0.525403,-0.573439,-0.455349,-0.433332,10.687629,3.126671,
0.272799,0.545053,-0.667065,-0.367036,-0.351034,0.578721,-0.630696,-0.428793,-0.288861,0.565408,-0.639462,-0.377272,-0.359259,10.044036,3.319501,
0.305596,0.532599,-0.638519,-0.402696,-0.382712,0.560115,-0.606042,-0.462269,-0.324487,0.551114,-0.609125,-0.415086,-0.391081,9.382774,3.273049,
0.337772,0.526824,-0.632789,-0.418860,-0.382872,0.558751,-0.592736,-0.470790,-0.338849,0.552511,-0.600468,-0.418629,-0.398647,9.185531,3.006446,
0.370318,0.573550,-0.735705,-0.293281,-0.209201,0.593300,-0.717363,-0.317161,-0.181092,0.569217,-0.735281,-0.265101,-0.255097,4.400435,-2.601817,
0.403013,0.573212,-0.735272,-0.295109,-0.209077,0.592923,-0.716907,-0.318959,-0.180976,0.567026,-0.737034,-0.265012,-0.255012,4.401531,-2.950046,
0.475211,0.592636,-0.716560,-0.302814,-0.208872,0.601907,-0.706064,-0.321485,-0.189285,0.575335,-0.725422,-0.269157,-0.265154,2.609301,-4.864697,
0.721418,0.659741,-0.655736,-0.313352,-0.191215,0.611253,-0.699290,-0.315130,-0.195081,0.585836,-0.716022,-0.263376,-0.273390,-7.047233,-14.346160,
0.977490,0.744975,-0.544981,-0.352988,-0.152995,0.606703,-0.696659,-0.320843,-0.208898,0.579660,-0.711811,-0.271309,-0.289329,-24.622357,-32.156613,
1.212568,0.810530,-0.425804,-0.389736,-0.099187,0.601499,-0.689573,-0.333277,-0.227189,0.577114,-0.705140,-0.279055,-0.303060,-41.994515,-49.550302,
1.470542,0.860673,-0.303590,-0.405789,-0.049095,0.599390,-0.689448,-0.333217,-0.233152,0.574753,-0.704697,-0.280879,-0.306868,-58.643574,-66.031107,
1.708977,0.884365,-0.233360,-0.403623,-0.023036,0.600636,-0.690582,-0.328801,-0.232859,0.575427,-0.705524,-0.279207,-0.305227,-67.705493,-74.852846,
1.968546,0.891941,-0.207219,-0.401423,-0.019020,0.598920,-0.692907,-0.326956,-0.232969,0.577436,-0.705532,-0.277209,-0.303229,-71.103981,-77.658761,
2.214796,0.894079,-0.197238,-0.401484,-0.023028,0.599750,-0.691865,-0.327410,-0.233292,0.575427,-0.705524,-0.279207,-0.305227,-71.861478,-78.679695,
2.467448,0.893667,-0.195146,-0.403301,-0.025019,0.595282,-0.689327,-0.335159,-0.241114,0.575427,-0.705524,-0.279207,-0.305227,-72.227478,-78.809613,
2.708536,0.892388,-0.195304,-0.405631,-0.031048,0.595413,-0.687477,-0.337234,-0.243169,0.575427,-0.705524,-0.279207,-0.305227,-71.779903,-78.504857,
2.965140,0.847843,-0.357355,-0.377375,-0.105105,0.603173,-0.687197,-0.331095,-0.233067,0.581138,-0.705168,-0.277066,-0.297071,-49.844573,-56.518836,
3.207443,0.687010,-0.617009,-0.305004,-0.233003,0.603021,-0.689023,-0.329011,-0.231008,0.580957,-0.706948,-0.272980,-0.296978,-10.896993,-17.757644,
3.468436,0.591724,-0.705863,-0.275337,-0.275337,0.602900,-0.688886,-0.330945,-0.228962,0.583127,-0.705154,-0.275060,-0.295064,5.390085,-1.297738,
3.703739,0.572822,-0.720777,-0.268917,-0.282912,0.602900,-0.688886,-0.330945,-0.228962,0.582966,-0.706959,-0.272984,-0.292983,8.388948,1.553989,
3.968472,0.578633,-0.718545,-0.270828,-0.274826,0.607191,-0.689216,-0.329103,-0.219069,0.585636,-0.707769,-0.273297,-0.285310,7.971665,1.032549,
4.203893,0.632751,-0.670736,-0.292885,-0.252900,0.603052,-0.687059,-0.333029,-0.231020,0.583127,-0.705154,-0.275060,-0.295064,-1.478617,-8.282392,
4.469273,0.633958,-0.668009,-0.299453,-0.249377,0.602926,-0.686916,-0.334959,-0.228972,0.582805,-0.704765,-0.276908,-0.294902,-1.967494,-8.840810,
4.702938,0.652743,-0.646745,-0.310878,-0.242904,0.603755,-0.685858,-0.335420,-0.229287,0.583627,-0.703756,-0.277298,-0.295317,-5.371499,-12.244964,
4.967566,0.725646,-0.565504,-0.343306,-0.189168,0.603477,-0.685542,-0.335265,-0.231183,0.583627,-0.703756,-0.277298,-0.295317,-19.830188,-26.645710,
5.203991,0.819490,-0.415248,-0.377226,-0.117070,0.601516,-0.685588,-0.337290,-0.233200,0.583281,-0.703339,-0.277134,-0.297143,-42.326242,-49.023134,
5.457969,0.853623,-0.339248,-0.387283,-0.079058,0.600691,-0.686647,-0.336827,-0.232880,0.583281,-0.703339,-0.277134,-0.297143,-53.032434,-59.571421,
5.704041,0.857822,-0.329316,-0.387371,-0.075072,0.601235,-0.685267,-0.337132,-0.235092,0.583281,-0.703339,-0.277134,-0.297143,-54.272568,-60.870111,
5.963362,0.860597,-0.319593,-0.389723,-0.073136,0.600545,-0.684481,-0.338743,-0.236821,0.583281,-0.703339,-0.277134,-0.297143,-55.451047,-62.041238,
6.201216,0.868246,-0.295424,-0.393565,-0.063091,0.601095,-0.687109,-0.335053,-0.233037,0.585095,-0.701114,-0.279045,-0.297048,-58.704473,-64.831890,
6.464517,0.875920,-0.271285,-0.395415,-0.053056,0.601466,-0.689534,-0.329255,-0.233181,0.583754,-0.701906,-0.277358,-0.299386,-62.128201,-68.248329,
6.702769,0.883936,-0.237251,-0.401425,-0.035037,0.599390,-0.689448,-0.333217,-0.233152,0.583754,-0.701906,-0.277358,-0.299386,-66.673564,-72.803082,
6.952724,0.894517,-0.187318,-0.405688,-0.013022,0.599390,-0.689448,-0.333217,-0.233152,0.583754,-0.701906,-0.277358,-0.299386,-73.029177,-79.188783,
7.191328,0.896977,-0.179395,-0.403890,-0.011024,0.601095,-0.687109,-0.335053,-0.233037,0.583754,-0.701906,-0.277358,-0.299386,-73.647275,-80.117194,
7.445174,0.895841,-0.177166,-0.407382,-0.011010,0.599830,-0.685949,-0.339469,-0.233323,0.585071,-0.701086,-0.277034,-0.299036,-73.751345,-80.201989,
7.679445,0.894711,-0.177339,-0.409783,-0.011021,0.599140,-0.685160,-0.341080,-0.235055,0.583403,-0.701484,-0.277191,-0.301208,-73.718183,-80.416574,
7.944550,0.873817,-0.263246,-0.405379,-0.053050,0.601516,-0.685588,-0.337290,-0.233200,0.586708,-0.700651,-0.274863,-0.298851,-62.388559,-68.882717,
8.177044,0.763289,-0.511193,-0.355134,-0.173065,0.605401,-0.687455,-0.329218,-0.229152,0.587380,-0.701453,-0.273177,-0.297192,-27.813328,-34.213493,
8.438209,0.619306,-0.677335,-0.299148,-0.261129,0.603052,-0.687059,-0.333029,-0.231020,0.587380,-0.701453,-0.273177,-0.297192,0.126246,-6.228123,
8.670935,0.582847,-0.708814,-0.284925,-0.276927,0.605551,-0.687626,-0.331302,-0.225205,0.585935,-0.704123,-0.273436,-0.293468,6.463095,-0.345453,
8.927489,0.583821,-0.709999,-0.283399,-0.273385,0.607490,-0.687554,-0.329265,-0.223180,0.587742,-0.705891,-0.269340,-0.289365,6.539855,-0.364469,
9.168149,0.581192,-0.709234,-0.287095,-0.277091,0.605576,-0.685652,-0.335319,-0.225214,0.587248,-0.703297,-0.273115,-0.293124,6.844900,-0.082283,
9.423492,0.580869,-0.708840,-0.286935,-0.278937,0.602941,-0.684933,-0.338967,-0.228978,0.585214,-0.699256,-0.279102,-0.301110,6.773059,-0.013130,
9.663003,0.628042,-0.666105,-0.307510,-0.259430,0.603489,-0.683554,-0.339275,-0.231187,0.585238,-0.699284,-0.281114,-0.299121,-1.169076,-7.869509,
9.905758,0.688460,-0.604281,-0.331703,-0.225478,0.602517,-0.682453,-0.340727,-0.234812,0.585392,-0.697467,-0.285191,-0.299201,-12.275254,-18.619213,
10.137758,0.766167,-0.497758,-0.369563,-0.169258,0.600953,-0.680947,-0.344973,-0.236982,0.583389,-0.697465,-0.287191,-0.301201,-29.233128,-35.798526,
10.378854,0.799309,-0.439170,-0.385149,-0.141054,0.600780,-0.678752,-0.346873,-0.240912,0.585657,-0.693779,-0.291327,-0.301338,-37.708136,-43.799048,
10.636994,0.817833,-0.405413,-0.389397,-0.123125,0.602760,-0.678730,-0.344863,-0.238905,0.585195,-0.695232,-0.291097,-0.299100,-42.438654,-48.732910,
10.873400,0.834033,-0.369458,-0.395490,-0.107133,0.601596,-0.677671,-0.347344,-0.241239,0.584844,-0.694815,-0.290923,-0.300920,-47.389420,-53.727180,
11.136141,0.841952,-0.345391,-0.403456,-0.095108,0.601177,-0.677199,-0.349103,-0.241071,0.583174,-0.695207,-0.291087,-0.303090,-50.593289,-57.270388,
11.376704,0.855549,-0.309199,-0.407262,-0.081052,0.601596,-0.677671,-0.347344,-0.241239,0.582819,-0.694785,-0.290910,-0.304905,-55.376059,-62.051808,
11.630357,0.877342,-0.239093,-0.413161,-0.049019,0.603288,-0.677324,-0.345165,-0.241115,0.583157,-0.695188,-0.289078,-0.305082,-64.469393,-71.314077,
11.876459,0.887549,-0.197122,-0.415257,-0.031019,0.603175,-0.679197,-0.343100,-0.239069,0.584830,-0.694799,-0.288916,-0.302912,-69.947592,-76.440650,
12.128379,0.889732,-0.187154,-0.415342,-0.029024,0.603465,-0.681525,-0.339261,-0.237183,0.584830,-0.694799,-0.288916,-0.302912,-71.280590,-77.592172,
12.369692,0.888906,-0.182981,-0.418956,-0.028997,0.605021,-0.681023,-0.339012,-0.235008,0.583629,-0.693748,-0.291314,-0.305329,-71.437199,-78.057698,
12.624758,0.889176,-0.181036,-0.419083,-0.031006,0.604735,-0.680702,-0.338852,-0.236896,0.583611,-0.693726,-0.289303,-0.307322,-71.625468,-78.302897,
12.871320,0.888008,-0.181206,-0.421478,-0.031035,0.603175,-0.679197,-0.343100,-0.239069,0.583272,-0.693323,-0.291136,-0.307143,-71.552549,-78.212332,
13.121314,0.887680,-0.179137,-0.423324,-0.027021,0.602871,-0.676855,-0.346926,-0.240948,0.583272,-0.693323,-0.291136,-0.307143,-71.762893,-78.630774,
13.364521,0.887630,-0.179127,-0.423301,-0.029021,0.603789,-0.673881,-0.349457,-0.243318,0.583272,-0.693323,-0.291136,-0.307143,-71.412140,-78.531607,
13.625998,0.887630,-0.179127,-0.423301,-0.029021,0.603494,-0.673551,-0.349286,-0.245201,0.583272,-0.693323,-0.291136,-0.307143,-71.488075,-78.531607,
13.865545,0.887630,-0.179127,-0.423301,-0.029021,0.603971,-0.670077,-0.353568,-0.247398,0.583272,-0.693323,-0.291136,-0.307143,-71.173437,-78.531607,
14.117725,0.881499,-0.201114,-0.425241,-0.041023,0.605241,-0.669266,-0.353141,-0.247098,0.583272,-0.693323,-0.291136,-0.307143,-68.063122,-75.612064,
14.362431,0.848163,-0.325446,-0.405556,-0.101139,0.605154,-0.671170,-0.351089,-0.245062,0.584830,-0.694799,-0.288916,-0.302912,-51.872436,-59.067562,
14.616381,0.711708,-0.571568,-0.339337,-0.227226,0.607140,-0.671154,-0.349080,-0.243056,0.585167,-0.695199,-0.287082,-0.303087,-15.408324,-22.844810,
14.864228,0.607453,-0.677506,-0.297222,-0.289216,0.605110,-0.669122,-0.355065,-0.245045,0.584830,-0.694799,-0.288916,-0.302912,3.959861,-3.703720,
15.112587,0.569304,-0.711380,-0.279149,-0.303162,0.603272,-0.669301,-0.359162,-0.243109,0.584721,-0.696667,-0.288862,-0.298857,10.474019,2.691829,
15.353739,0.570846,-0.712808,-0.276925,-0.298919,0.605035,-0.671039,-0.357021,-0.237014,0.587403,-0.697479,-0.285196,-0.295203,10.493489,2.756022,
15.617972,0.573029,-0.711036,-0.279014,-0.297015,0.607546,-0.669602,-0.355319,-0.237213,0.586729,-0.696678,-0.288867,-0.294864,10.271280,2.462719,
15.851177,0.607906,-0.682017,-0.293438,-0.281420,0.607448,-0.671496,-0.353261,-0.235174,0.586382,-0.696267,-0.288696,-0.296687,4.327813,-3.344228,
16.110628,0.719791,-0.563619,-0.343377,-0.215236,0.605466,-0.671517,-0.355274,-0.237183,0.587199,-0.695235,-0.289098,-0.297100,-16.936196,-24.174984,
16.335862,0.826932,-0.384968,-0.390968,-0.122990,0.605178,-0.671197,-0.355104,-0.239070,0.585195,-0.695232,-0.291097,-0.299100,-43.811586,-51.070482,
16.598790,0.859745,-0.305264,-0.401348,-0.081070,0.603477,-0.671531,-0.357282,-0.239189,0.585195,-0.695232,-0.291097,-0.299100,-54.971015,-62.112152,
16.825984,0.874177,-0.257347,-0.407549,-0.059080,0.603187,-0.671208,-0.357111,-0.241075,0.585195,-0.695232,-0.291097,-0.299100,-61.329754,-68.416045,
17.087805,0.887894,-0.203205,-0.411414,-0.033033,0.601531,-0.673594,-0.355314,-0.241213,0.585195,-0.695232,-0.291097,-0.299100,-68.749371,-75.489225,
17.328572,0.892048,-0.185218,-0.411483,-0.025029,0.603233,-0.673260,-0.353136,-0.241093,0.586849,-0.694821,-0.288925,-0.298923,-70.950740,-77.696708,
17.581102,0.892377,-0.183283,-0.411635,-0.025039,0.607089,-0.675099,-0.347051,-0.235034,0.587199,-0.695235,-0.289098,-0.297100,-70.920212,-77.832768,
17.826564,0.892191,-0.179239,-0.413552,-0.029039,0.606933,-0.674926,-0.344962,-0.238974,0.586497,-0.694404,-0.288752,-0.300742,-71.336901,-78.200411,
18.079189,0.891501,-0.179101,-0.415233,-0.027015,0.606642,-0.674602,-0.344797,-0.240858,0.585184,-0.695218,-0.289091,-0.301095,-71.494378,-78.472533,
18.313546,0.888924,-0.189410,-0.415900,-0.031067,0.606086,-0.676212,-0.343616,-0.239429,0.585184,-0.695218,-0.289091,-0.301095,-70.325689,-77.184267,
18.554109,0.849603,-0.331235,-0.397282,-0.103073,0.608770,-0.674745,-0.344870,-0.234911,0.587199,-0.695235,-0.289098,-0.297100,-51.038755,-57.971861,
18.796558,0.692583,-0.598640,-0.326803,-0.234859,0.607059,-0.675066,-0.343034,-0.241024,0.587199,-0.695235,-0.289098,-0.297100,-11.742101,-18.327815,
19.035916,0.586928,-0.698915,-0.284965,-0.292964,0.607434,-0.671480,-0.349249,-0.241172,0.586858,-0.694832,-0.290930,-0.296928,0.493092,0.339353,
19.295249,0.568969,-0.718961,-0.268985,-0.294984,0.603750,-0.681847,-0.339422,-0.235292,0.582999,-0.702999,-0.284999,-0.290999,0.689237,2.864715,
19.535340,0.574725,-0.720656,-0.260875,-0.286863,0.607397,-0.683447,-0.335219,-0.227149,0.585991,-0.704191,-0.281476,-0.285483,0.597674,2.742126,
19.795175,0.572964,-0.714956,-0.268983,-0.296982,0.607264,-0.679295,-0.341148,-0.231100,0.583417,-0.697498,-0.293209,-0.295211,0.820849,2.896277,
20.041508,0.559568,-0.701712,-0.293298,-0.329334,0.593001,-0.659001,-0.375001,-0.271001,0.569777,-0.671916,-0.325444,-0.343468,0.731042,3.448594,
20.291567,0.525516,-0.661650,-0.339333,-0.413406,0.567130,-0.619142,-0.421097,-0.343079,0.550627,-0.634570,-0.358757,-0.406724,2.501141,4.711214,
20.538354,0.507549,-0.667723,-0.337365,-0.427463,0.567292,-0.621319,-0.419216,-0.341175,0.548516,-0.632442,-0.356686,-0.414634,4.738590,6.632723,
20.789061,0.480951,-0.650934,-0.350964,-0.470952,0.550334,-0.588289,-0.452453,-0.382537,0.537502,-0.601562,-0.381356,-0.451422,0.877210,0.376891,
21.030071,0.476909,-0.622882,-0.378928,-0.490907,0.544592,-0.550587,-0.484637,-0.406695,0.534629,-0.570604,-0.408716,-0.470673,0.599541,0.547366,
21.291861,0.422999,-0.516999,-0.464999,-0.580999,0.499279,-0.457255,-0.553309,-0.485271,0.494930,-0.466934,-0.480932,-0.552921,0.461113,0.380279,
21.530228,0.494876,-0.544864,-0.414896,-0.534866,0.551442,-0.475381,-0.519417,-0.447359,0.536581,-0.488618,-0.456643,-0.514598,0.205034,0.304312,
21.790132,0.472674,-0.540627,-0.430703,-0.546623,0.542130,-0.476236,-0.524159,-0.452274,0.529230,-0.487211,-0.459199,-0.521226,0.390320,0.469230,
22.025986,0.452870,-0.516852,-0.456869,-0.564838,0.525117,-0.459102,-0.545121,-0.465103,0.515248,-0.465224,-0.481232,-0.535258,0.264131,0.567574,
22.290502,0.456630,-0.520579,-0.456630,-0.558548,0.527140,-0.463123,-0.543144,-0.461123,0.515385,-0.469350,-0.481359,-0.531397,0.901669,0.241354,
22.525930,0.466874,-0.528857,-0.450878,-0.546852,0.541105,-0.465090,-0.541105,-0.445086,0.520993,-0.476993,-0.476993,-0.522993,0.893091,0.954357,
22.784430,0.477049,-0.533054,-0.447046,-0.537055,0.549247,-0.471212,-0.537242,-0.433195,0.525062,-0.483057,-0.475056,-0.515061,0.729377,0.528588,
23.019600,0.481157,-0.533174,-0.447146,-0.533174,0.551118,-0.471101,-0.537115,-0.431092,0.525062,-0.483057,-0.475056,-0.515061,0.495480,0.078594,
23.280946,0.488804,-0.532786,-0.434825,-0.536784,0.556480,-0.470561,-0.546490,-0.412615,0.526567,-0.494594,-0.470613,-0.506584,0.824315,0.157786,
23.515600,0.479024,-0.521026,-0.447022,-0.547027,0.540705,-0.474741,-0.544703,-0.430765,0.519194,-0.485181,-0.479179,-0.515193,0.353069,0.022081,
23.780309,0.476327,-0.528254,-0.442375,-0.546228,0.539336,-0.477297,-0.535333,-0.441275,0.521080,-0.489075,-0.471073,-0.517080,10.794554,0.137929,
24.016605,0.471259,-0.521287,-0.447246,-0.553304,0.537179,-0.467156,-0.543181,-0.445149,0.517069,-0.483065,-0.475064,-0.523070,10.554715,0.133929,
24.279424,0.472321,-0.522250,-0.446359,-0.552206,0.539361,-0.469315,-0.537360,-0.447300,0.516528,-0.482559,-0.474566,-0.524521,10.049352,0.011453,
24.515811,0.464888,-0.528872,-0.452890,-0.546868,0.536879,-0.468894,-0.538878,-0.448899,0.521026,-0.483024,-0.473024,-0.521026,10.088411,0.499384,
24.779719,0.463136,-0.529156,-0.461136,-0.541159,0.534693,-0.466732,-0.544687,-0.446744,0.521080,-0.481074,-0.477073,-0.519080,10.884311,0.282943,
24.994800,0.458544,-0.526477,-0.462540,-0.546457,0.531282,-0.463246,-0.547290,-0.451239,0.520991,-0.478991,-0.474991,-0.522991,10.129487,0.377352,
25.250853,0.462768,-0.526736,-0.464767,-0.540729,0.534901,-0.460914,-0.550898,-0.444917,0.524567,-0.480603,-0.478605,-0.514575,10.357281,0.511360,
25.495341,0.473306,-0.525339,-0.473306,-0.525339,0.541088,-0.455074,-0.559091,-0.433070,0.522671,-0.478699,-0.486693,-0.510678,10.144413,0.133732,
25.755568,0.491349,-0.507360,-0.485345,-0.515366,0.547406,-0.435323,-0.571424,-0.429319,0.537336,-0.463290,-0.497311,-0.499313,10.278649,0.782776,
25.995809,0.512855,-0.482864,-0.508857,-0.494860,0.556830,-0.418872,-0.580822,-0.420871,0.550684,-0.450741,-0.504710,-0.488720,10.651766,0.141506,
26.253628,0.527523,-0.475471,-0.515511,-0.479475,0.563366,-0.415270,-0.585381,-0.409266,0.559341,-0.447273,-0.507310,-0.479292,10.646031,0.022434,
26.489396,0.522372,-0.468437,-0.524370,-0.482420,0.561145,-0.411106,-0.589152,-0.411106,0.557168,-0.441133,-0.515156,-0.479145,10.426921,0.229532,
26.744957,0.522940,-0.472946,-0.522940,-0.478945,0.555624,-0.417469,-0.589662,-0.411462,0.551330,-0.441264,-0.519311,-0.481288,10.862943,0.093591,
26.985586,0.505377,-0.463346,-0.533398,-0.495370,0.542795,-0.412844,-0.596774,-0.422840,0.538328,-0.434457,-0.526342,-0.494382,10.980667,0.107145,
27.229051,0.515036,-0.471033,-0.525037,-0.487034,0.553003,-0.427003,-0.587004,-0.409002,0.545099,-0.445081,-0.519094,-0.485088,10.822424,0.961084,
27.466801,0.516582,-0.480611,-0.522577,-0.478612,0.551389,-0.429303,-0.589416,-0.405286,0.543310,-0.453258,-0.519296,-0.479273,10.066513,0.874726,
27.713931,0.517569,-0.481529,-0.523575,-0.475522,0.547227,-0.431179,-0.589244,-0.409169,0.547163,-0.453135,-0.519155,-0.475142,10.245710,0.109328,
27.970090,0.516540,-0.470581,-0.522535,-0.488565,0.527024,-0.435020,-0.595027,-0.423019,0.534693,-0.448742,-0.530695,-0.480724,10.771465,0.195780,
28.211135,0.517080,-0.471073,-0.521080,-0.489075,0.538803,-0.430842,-0.598781,-0.406851,0.537145,-0.449121,-0.531143,-0.477129,12.915586,3.662138,
28.462233,0.515125,-0.473115,-0.521126,-0.489118,0.541710,-0.433568,-0.597784,-0.401526,0.536662,-0.450716,-0.530666,-0.476700,13.371901,3.768463,
28.699892,0.517144,-0.475132,-0.519144,-0.487135,0.542995,-0.438996,-0.592994,-0.400996,0.537257,-0.453217,-0.529253,-0.475227,12.849153,3.667432,
28.954487,0.521157,-0.483146,-0.515156,-0.479145,0.545613,-0.441496,-0.585657,-0.405455,0.539370,-0.461317,-0.525361,-0.469322,12.137390,3.450560,
29.197523,0.509046,-0.493044,-0.527047,-0.469042,0.544681,-0.444739,-0.588655,-0.398766,0.543253,-0.457213,-0.523244,-0.471220,12.431310,3.686428,
29.454538,0.520764,-0.500773,-0.520764,-0.454794,0.561190,-0.451153,-0.581196,-0.379128,0.561154,-0.469129,-0.513141,-0.449123,12.981428,4.192600,
29.694376,0.530401,-0.506428,-0.514419,-0.444498,0.569222,-0.451176,-0.577225,-0.373146,0.564940,-0.470950,-0.510946,-0.444953,13.070612,3.959693,
29.952634,0.557168,-0.543164,-0.473143,-0.413125,0.591491,-0.479398,-0.547455,-0.347288,0.585285,-0.507247,-0.477232,-0.415202,13.422405,4.102382,
30.194541,0.591636,-0.639687,-0.403434,-0.279300,0.622720,-0.604728,-0.460793,-0.184917,0.603342,-0.637361,-0.403228,-0.259147,10.835759,1.928788,
30.461429,0.541088,-0.755122,-0.343056,-0.139023,0.567051,-0.717065,-0.399036,-0.071006,0.547211,-0.733283,-0.369143,-0.163063,8.349335,1.312315,
30.692761,0.527258,-0.759372,-0.349171,-0.153075,0.556117,-0.714435,-0.413831,-0.095191,0.529718,-0.744008,-0.369501,-0.171232,8.937868,0.750514,
30.956314,0.534853,-0.738798,-0.368899,-0.178951,0.568962,-0.682955,-0.438971,-0.130991,0.545047,-0.717062,-0.383033,-0.205018,10.047533,1.315423,
31.190538,0.566623,-0.684544,-0.392739,-0.236842,0.601247,-0.629258,-0.457187,-0.183075,0.569644,-0.669757,-0.403456,-0.253286,10.662999,0.723277,
31.452989,0.589629,-0.687734,-0.357381,-0.227242,0.619373,-0.637384,-0.425256,-0.171103,0.597604,-0.671679,-0.361365,-0.247250,10.028281,0.960057,
31.693728,0.587391,-0.707471,-0.335223,-0.205137,0.619723,-0.659770,-0.399466,-0.145169,0.594956,-0.698948,-0.330976,-0.218984,9.839388,0.543174,
31.944760,0.561352,-0.741464,-0.315197,-0.189118,0.591522,-0.699617,-0.377333,-0.135119,0.571481,-0.727613,-0.315266,-0.211178,8.752899,0.919241,
32.185704,0.555043,-0.759059,-0.273021,-0.203016,0.589360,-0.715437,-0.345211,-0.147090,0.557358,-0.751483,-0.275177,-0.221142,9.462285,0.143861,
32.458535,0.561412,-0.757556,-0.259190,-0.209154,0.597317,-0.713378,-0.329175,-0.161085,0.564811,-0.748750,-0.258914,-0.230923,9.309018,0.178337,
32.683350,0.559285,-0.757386,-0.247126,-0.229117,0.599729,-0.711865,-0.317386,-0.181220,0.563278,-0.747369,-0.253125,-0.245121,9.858115,0.672115,
32.942584,0.567289,-0.753384,-0.239122,-0.231118,0.605767,-0.709899,-0.311394,-0.179227,0.571250,-0.743326,-0.245107,-0.247108,9.728711,0.695670,
33.179245,0.556794,-0.738727,-0.286894,-0.248908,0.591268,-0.689313,-0.367167,-0.201091,0.562889,-0.718858,-0.304940,-0.270946,10.239272,1.529450,
33.435551,0.554671,-0.720572,-0.308817,-0.278834,0.588994,-0.678993,-0.382996,-0.212998,0.562846,-0.710805,-0.312914,-0.282922,10.408553,1.278114,
33.682550,0.548984,-0.714979,-0.314991,-0.296991,0.588994,-0.678993,-0.382996,-0.212998,0.562846,-0.710805,-0.312914,-0.282922,11.011510,1.830847,
33.935658,0.548821,-0.710768,-0.322895,-0.298903,0.591056,-0.657062,-0.401038,-0.241023,0.563245,-0.687298,-0.335145,-0.313136,11.877448,2.510186,
34.162561,0.559160,-0.709203,-0.321092,-0.285082,0.601150,-0.657164,-0.395099,-0.225056,0.573235,-0.685281,-0.335137,-0.299123,11.590420,2.586129,
34.431836,0.571848,-0.730083,-0.273405,-0.255379,0.613952,-0.678052,-0.351545,-0.199309,0.581301,-0.707367,-0.295153,-0.273142,11.245031,2.328281,
34.653978,0.561167,-0.757226,-0.247074,-0.225067,0.601803,-0.723966,-0.301402,-0.151202,0.562850,-0.752800,-0.254932,-0.226940,9.223028,0.581695,
34.916360,0.587544,-0.795737,-0.077071,-0.125116,0.641505,-0.751937,-0.129506,-0.079310,0.578612,-0.792469,-0.114923,-0.154896,9.154715,-0.320987,
35.150513,0.583396,-0.805546,-0.023016,-0.101069,0.629720,-0.767877,-0.095109,-0.069079,0.575151,-0.805211,-0.051013,-0.135035,8.017095,-0.557454,
35.409008,0.595366,-0.801492,-0.011007,-0.055034,0.637343,-0.765412,-0.087047,-0.019010,0.583274,-0.807380,-0.041019,-0.079037,7.203873,-1.356269,
35.651472,0.597726,-0.799972,-0.019023,-0.049060,0.637139,-0.765167,-0.091020,-0.017004,0.585381,-0.805524,-0.047031,-0.079051,6.795899,-1.450415,
35.904701,0.599976,-0.798299,-0.023037,-0.047077,0.639567,-0.763677,-0.087077,-0.013012,0.587598,-0.803819,-0.045046,-0.081083,6.690986,-1.541180,
36.144021,0.602038,-0.796373,-0.027047,-0.051088,0.637514,-0.765617,-0.085069,-0.013010,0.587544,-0.803745,-0.047044,-0.081075,6.013239,-1.850202,
36.401522,0.603361,-0.795476,-0.031019,-0.047028,0.637637,-0.765765,-0.083083,-0.011011,0.587598,-0.803819,-0.045046,-0.081083,5.741997,-2.124564,
36.636762,0.605610,-0.793799,-0.033033,-0.045045,0.639918,-0.764097,-0.081116,-0.009013,0.588907,-0.802873,-0.044993,-0.080987,5.693855,-2.297630,
36.894225,0.605610,-0.793799,-0.033033,-0.045045,0.637754,-0.765906,-0.081096,-0.009011,0.589001,-0.803002,-0.045000,-0.079000,5.370112,-2.281935,
37.139700,0.598826,-0.788771,-0.102970,-0.092973,0.631314,-0.761379,-0.139069,-0.049024,0.587065,-0.795087,-0.095010,-0.119013,5.754855,-1.916451,
37.379064,0.587516,-0.777683,-0.161142,-0.155136,0.621890,-0.744065,-0.215308,-0.115165,0.581085,-0.769112,-0.181026,-0.195028,7.171245,-0.472070,
37.624515,0.579865,-0.756127,-0.223333,-0.205306,0.613714,-0.723842,-0.273318,-0.157183,0.574801,-0.752740,-0.226921,-0.226921,7.579540,-0.709488,
37.865362,0.583190,-0.735240,-0.253083,-0.235077,0.609513,-0.713601,-0.295249,-0.179151,0.575538,-0.731684,-0.255239,-0.261244,6.438820,-1.145994,
38.119523,0.609467,-0.705541,-0.271208,-0.239183,0.609377,-0.697431,-0.315195,-0.207128,0.575178,-0.717222,-0.271084,-0.285088,2.845223,-5.096718,
38.360637,0.647940,-0.661961,-0.297432,-0.231336,0.603579,-0.695667,-0.327314,-0.211202,0.573196,-0.717245,-0.273093,-0.287098,-4.366367,-12.388536,
38.622800,0.705747,-0.603639,-0.315334,-0.195207,0.605156,-0.697180,-0.325084,-0.205053,0.574551,-0.716440,-0.274785,-0.284777,-14.741161,-22.547752,
38.862540,0.782301,-0.491818,-0.353588,-0.145242,0.605243,-0.689277,-0.335135,-0.215086,0.573729,-0.711905,-0.283360,-0.289368,-31.277761,-39.319145,
39.126124,0.853511,-0.347208,-0.381228,-0.075045,0.607750,-0.687849,-0.333412,-0.215266,0.575402,-0.711497,-0.283198,-0.287201,-51.411534,-59.508475,
39.354467,0.893645,-0.229166,-0.385278,-0.021015,0.609011,-0.687012,-0.333006,-0.215004,0.577394,-0.711485,-0.281192,-0.285195,-66.845910,-74.868132,
39.611038,0.899643,-0.205147,-0.385275,-0.011008,0.608605,-0.686554,-0.334782,-0.214860,0.575236,-0.713293,-0.281115,-0.285117,-69.860278,-78.210419,
39.852175,0.898574,-0.201353,-0.389683,-0.013023,0.606831,-0.684810,-0.338906,-0.218939,0.576900,-0.712876,-0.280951,-0.282951,-70.181920,-78.296896,
40.117803,0.842090,-0.391507,-0.357463,-0.099128,0.613797,-0.685891,-0.331430,-0.207269,0.580855,-0.712822,-0.278930,-0.276931,-44.627885,-52.758157,
40.351171,0.705524,-0.609452,-0.299222,-0.203151,0.616957,-0.688952,-0.322977,-0.200986,0.580669,-0.714593,-0.274843,-0.276842,-12.024649,-20.424448,
40.610070,0.610994,-0.702993,-0.270997,-0.242998,0.614704,-0.686669,-0.330841,-0.202902,0.581499,-0.713613,-0.277238,-0.275236,4.521897,-3.973353,
40.852256,0.575185,-0.729235,-0.263085,-0.261084,0.617038,-0.685042,-0.331021,-0.201012,0.585099,-0.713121,-0.275047,-0.271046,10.429917,1.934811,
41.114676,0.603303,-0.707355,-0.273137,-0.247124,0.617090,-0.687100,-0.329048,-0.197029,0.584777,-0.712728,-0.276894,-0.270897,5.781672,-2.529509,
41.350127,0.725448,-0.583361,-0.317196,-0.181112,0.617004,-0.687004,-0.327002,-0.201001,0.585099,-0.713121,-0.275047,-0.271046,-16.461782,-24.539180,
41.618932,0.820164,-0.439624,-0.349496,-0.109155,0.617852,-0.685946,-0.327452,-0.201278,0.585099,-0.713121,-0.275047,-0.271046,-38.077345,-46.262647,
41.847947,0.878511,-0.303522,-0.365629,-0.049084,0.617196,-0.685218,-0.329105,-0.203065,0.585099,-0.713121,-0.275047,-0.271046,-56.527869,-64.667951,
42.109056,0.903942,-0.215224,-0.369385,-0.011011,0.621621,-0.685685,-0.323323,-0.197197,0.585099,-0.713121,-0.275047,-0.271046,-67.547579,-76.054696,
42.346350,0.907761,-0.195164,-0.371311,-0.003003,0.621573,-0.683631,-0.325300,-0.201186,0.585099,-0.713121,-0.275047,-0.271046,-69.997011,-78.577420,
42.613450,0.905234,-0.203052,-0.373096,-0.011003,0.620971,-0.684968,-0.324985,-0.198991,0.585099,-0.713121,-0.275047,-0.271046,-68.851353,-77.371562,
42.845199,0.844876,-0.397883,-0.345768,-0.091203,0.621252,-0.687279,-0.323131,-0.193078,0.587679,-0.713824,-0.273316,-0.265306,-43.656961,-51.730175,
43.107529,0.687048,-0.633044,-0.289020,-0.209015,0.619502,-0.691560,-0.317257,-0.193157,0.587365,-0.713444,-0.273170,-0.267166,-8.330244,-15.918297,
43.342033,0.589223,-0.719272,-0.269102,-0.251095,0.617251,-0.687279,-0.327133,-0.199081,0.587043,-0.713053,-0.275020,-0.267020,7.866975,-0.096734,
43.600476,0.580611,-0.726513,-0.264823,-0.254829,0.617251,-0.687279,-0.327133,-0.199081,0.587043,-0.713053,-0.275020,-0.267020,9.316335,1.343742,
43.836598,0.709450,-0.603383,-0.311197,-0.189120,0.617495,-0.687552,-0.327263,-0.197158,0.587043,-0.713053,-0.275020,-0.267020,-13.181619,-21.093860,
44.098083,0.801204,-0.469119,-0.349089,-0.127032,0.615797,-0.685888,-0.331429,-0.201261,0.587566,-0.711685,-0.275265,-0.269259,-33.669273,-41.470213,
44.333963,0.862192,-0.343475,-0.365505,-0.071098,0.619378,-0.687419,-0.325198,-0.195119,0.587566,-0.711685,-0.275265,-0.269259,-50.827505,-58.813791,
44.573086,0.890542,-0.251435,-0.377654,-0.033057,0.617852,-0.685946,-0.327452,-0.201278,0.586924,-0.710908,-0.276964,-0.270965,-62.861233,-70.764122,
44.808051,0.904501,-0.205341,-0.373620,-0.011018,0.615807,-0.689904,-0.325427,-0.197259,0.587566,-0.711685,-0.275265,-0.269259,-69.288646,-76.763093,
45.048726,0.904955,-0.195422,-0.377816,-0.011024,0.613669,-0.689752,-0.327357,-0.201219,0.587566,-0.711685,-0.275265,-0.269259,-70.556881,-77.829580,
45.308267,0.889682,-0.273209,-0.363278,-0.043033,0.618712,-0.690678,-0.320851,-0.192910,0.589504,-0.711608,-0.275235,-0.265227,-60.379340,-67.649241,
45.536835,0.775992,-0.523670,-0.317406,-0.151193,0.620974,-0.692971,-0.314987,-0.186992,0.590923,-0.712907,-0.270965,-0.262966,-26.055374,-33.278797,
45.799827,0.623455,-0.695276,-0.268335,-0.236414,0.621601,-0.691668,-0.315305,-0.189183,0.588777,-0.714730,-0.270898,-0.262901,2.884328,-4.905153,
46.033737,0.569231,-0.735299,-0.259105,-0.261106,0.620416,-0.690350,-0.320698,-0.188822,0.589298,-0.713361,-0.273138,-0.263133,11.336952,3.475840,
46.293117,0.655353,-0.663357,-0.287155,-0.219118,0.621046,-0.691051,-0.319024,-0.187014,0.589298,-0.713361,-0.273138,-0.263133,-2.847951,-10.609539,
46.534502,0.765712,-0.531495,-0.327305,-0.155144,0.621434,-0.689481,-0.319223,-0.191133,0.589298,-0.713361,-0.273138,-0.263133,-24.432301,-32.163459,
46.796964,0.832191,-0.419600,-0.347497,-0.103148,0.621046,-0.691051,-0.319024,-0.187014,0.588975,-0.712970,-0.274988,-0.262989,-40.712736,-48.335631,
47.028777,0.877986,-0.311350,-0.359403,-0.055062,0.619581,-0.691649,-0.319300,-0.189178,0.588975,-0.712970,-0.274988,-0.262989,-55.530730,-62.950626,
47.286566,0.900072,-0.233278,-0.367438,-0.021025,0.619185,-0.691206,-0.321096,-0.189056,0.588665,-0.712594,-0.274843,-0.264849,-65.539553,-73.139830,
47.526506,0.907525,-0.207120,-0.365211,-0.011006,0.619418,-0.691466,-0.321217,-0.187126,0.588665,-0.712594,-0.274843,-0.264849,-68.803611,-76.425851,
47.790675,0.910102,-0.195236,-0.365442,-0.007008,0.619418,-0.691466,-0.321217,-0.187126,0.588665,-0.712594,-0.274843,-0.264849,-70.264749,-77.887615,
48.026011,0.900614,-0.227407,-0.369662,-0.023041,0.614822,-0.692799,-0.324906,-0.190945,0.588975,-0.712970,-0.274988,-0.262989,-66.516793,-73.625729,
48.281628,0.843657,-0.405315,-0.337262,-0.101079,0.619187,-0.693209,-0.319096,-0.185056,0.590911,-0.712893,-0.272959,-0.260961,-42.933285,-49.957061,
48.524291,0.704508,-0.610574,-0.304787,-0.194864,0.617599,-0.689669,-0.327318,-0.189184,0.588975,-0.712970,-0.274988,-0.262989,-11.834065,-19.502908,
48.788131,0.572765,-0.732700,-0.258894,-0.260893,0.617599,-0.689669,-0.327318,-0.189184,0.589816,-0.711985,-0.275381,-0.263364,10.920863,3.207279,
49.029200,0.583312,-0.723386,-0.267143,-0.255136,0.616755,-0.686727,-0.332868,-0.192923,0.591103,-0.711124,-0.277048,-0.261045,9.208147,1.569145,
49.279437,0.698912,-0.612923,-0.308961,-0.200975,0.617127,-0.689142,-0.327067,-0.193040,0.591119,-0.711144,-0.275056,-0.263053,-11.235312,-18.509782,
49.521076,0.804328,-0.465769,-0.345571,-0.129213,0.617127,-0.689142,-0.327067,-0.193040,0.589504,-0.711608,-0.275235,-0.265227,-34.037446,-41.478811,
49.784787,0.862642,-0.349666,-0.357681,-0.075143,0.618786,-0.690761,-0.322888,-0.188935,0.591119,-0.711144,-0.275056,-0.263053,-50.208330,-57.417413,
50.019643,0.895895,-0.239239,-0.373373,-0.027027,0.617572,-0.687637,-0.329305,-0.193179,0.591006,-0.709007,-0.277003,-0.267003,-64.368882,-71.784348,
50.277099,0.902411,-0.203318,-0.379593,-0.015023,0.615684,-0.687764,-0.331368,-0.195217,0.590362,-0.708234,-0.278699,-0.268709,-68.897344,-76.212731,
50.511594,0.900018,-0.213241,-0.379429,-0.023026,0.613134,-0.687150,-0.335073,-0.199043,0.590678,-0.708613,-0.278848,-0.266854,-67.691385,-74.716190,
50.776207,0.820279,-0.437682,-0.345539,-0.127198,0.614836,-0.688817,-0.330912,-0.194948,0.591321,-0.709385,-0.277150,-0.265144,-37.737051,-44.597884,
51.010979,0.661152,-0.653150,-0.291067,-0.227052,0.615674,-0.691757,-0.325356,-0.191209,0.590807,-0.710768,-0.274910,-0.264914,-4.289233,-11.333782,
51.273263,0.594671,-0.710606,-0.270850,-0.260856,0.614836,-0.688817,-0.330912,-0.194948,0.590678,-0.708613,-0.278848,-0.266854,7.059764,-0.135126,
51.510348,0.571200,-0.727255,-0.267093,-0.271095,0.610796,-0.688770,-0.334888,-0.200933,0.589563,-0.707675,-0.281268,-0.269257,10.225524,3.307914,
51.764369,0.697105,-0.607091,-0.319048,-0.209031,0.610979,-0.686977,-0.336989,-0.202993,0.588728,-0.708673,-0.280870,-0.268876,-11.812853,-18.848763,
52.006499,0.788666,-0.481237,-0.354649,-0.143668,0.608811,-0.686787,-0.338895,-0.206936,0.587603,-0.707727,-0.283291,-0.271278,-31.870868,-38.671549,
52.263529,0.856232,-0.347500,-0.373538,-0.081117,0.610652,-0.682611,-0.342805,-0.208881,0.588912,-0.706894,-0.282958,-0.270959,-50.170840,-57.252102,
52.505495,0.885834,-0.259831,-0.382223,-0.041132,0.610969,-0.680966,-0.342983,-0.212989,0.588912,-0.706894,-0.282958,-0.270959,-61.737673,-68.849004,
52.747919,0.900169,-0.209272,-0.381496,-0.019025,0.611229,-0.683256,-0.339127,-0.211079,0.588912,-0.706894,-0.282958,-0.270959,-68.450746,-75.353938,
52.986580,0.899405,-0.209094,-0.383172,-0.023010,0.612737,-0.682706,-0.338854,-0.208910,0.589230,-0.707276,-0.283110,-0.269105,-68.045966,-75.124556,
53.227524,0.887144,-0.253041,-0.383062,-0.047008,0.613050,-0.687056,-0.333027,-0.203017,0.589230,-0.707276,-0.283110,-0.269105,-62.392285,-69.250859,
53.482603,0.711223,-0.599188,-0.305096,-0.205064,0.614952,-0.686946,-0.330974,-0.200984,0.590992,-0.708990,-0.278996,-0.264996,-13.088284,-20.002730,
53.725972,0.587478,-0.715583,-0.267218,-0.267218,0.616972,-0.682969,-0.332985,-0.204991,0.591183,-0.707219,-0.281087,-0.267083,8.684088,1.302028,
53.982299,0.565737,-0.731954,-0.259338,-0.277361,0.616972,-0.682969,-0.332985,-0.204991,0.590534,-0.706442,-0.282777,-0.268788,12.156225,4.743017,
54.224009,0.668396,-0.638333,-0.303634,-0.231483,0.613573,-0.681637,-0.339317,-0.209195,0.589230,-0.707276,-0.283110,-0.269105,-5.587200,-12.949427,
54.480030,0.790042,-0.479633,-0.351464,-0.149197,0.613055,-0.681061,-0.339031,-0.213019,0.589409,-0.705490,-0.285198,-0.271188,-31.250321,-38.233520,
54.717726,0.843590,-0.376155,-0.370137,-0.099305,0.613055,-0.681061,-0.339031,-0.213019,0.589409,-0.705490,-0.285198,-0.271188,-45.961508,-52.922319,
54.977915,0.885892,-0.257259,-0.383386,-0.045045,0.615649,-0.681719,-0.335354,-0.209221,0.589088,-0.705106,-0.285043,-0.273041,-61.567736,-68.813279,
55.218912,0.898984,-0.210996,-0.382993,-0.025000,0.617815,-0.681899,-0.333440,-0.205271,0.589409,-0.705490,-0.285198,-0.271188,-67.290327,-74.696158,
55.469282,0.901991,-0.201221,-0.381419,-0.021023,0.615075,-0.681083,-0.339041,-0.207025,0.589409,-0.705490,-0.285198,-0.271188,-68.650035,-75.935596,
55.712440,0.899895,-0.199198,-0.387385,-0.021021,0.615075,-0.681083,-0.339041,-0.207025,0.589409,-0.705490,-0.285198,-0.271188,-68.767968,-76.138349,
55.974835,0.872038,-0.305364,-0.375447,-0.073087,0.615913,-0.680009,-0.339504,-0.207307,0.589409,-0.705490,-0.285198,-0.271188,-54.758159,-62.156269,
56.207717,0.760002,-0.527696,-0.335442,-0.177234,0.615238,-0.679262,-0.341132,-0.209081,0.588578,-0.706493,-0.284796,-0.270806,-23.344548,-30.932419,
56.469335,0.649571,-0.659579,-0.291256,-0.241212,0.618897,-0.678887,-0.338944,-0.202966,0.591368,-0.705439,-0.283176,-0.269167,-1.101777,-8.971019,
56.701825,0.565422,-0.731546,-0.259193,-0.279208,0.619388,-0.681427,-0.335210,-0.199125,0.590850,-0.706820,-0.282928,-0.266932,12.778622,4.869338,
56.953812,0.630948,-0.674945,-0.286976,-0.252979,0.617154,-0.679170,-0.339085,-0.207052,0.589072,-0.705086,-0.287035,-0.271033,1.727890,-6.001415,
57.197823,0.773484,-0.507318,-0.341214,-0.167105,0.615238,-0.679262,-0.341132,-0.209081,0.589409,-0.705490,-0.285198,-0.271188,-26.459152,-33.897631,
57.452662,0.843985,-0.377440,-0.367429,-0.101118,0.617154,-0.679170,-0.339085,-0.207052,0.591032,-0.705038,-0.285015,-0.269015,-45.119237,-52.468001,
57.690510,0.880648,-0.277519,-0.379711,-0.057107,0.617056,-0.677061,-0.341031,-0.211019,0.589409,-0.705490,-0.285198,-0.271188,-58.313702,-65.974593,
57.952392,0.897293,-0.217071,-0.383125,-0.031010,0.617043,-0.675047,-0.345024,-0.211015,0.590713,-0.704658,-0.284862,-0.270868,-65.865322,-73.603192,
58.186015,0.900794,-0.201401,-0.383764,-0.027054,0.619539,-0.673586,-0.343299,-0.211184,0.590713,-0.704658,-0.284862,-0.270868,-67.480779,-75.475065,
58.436562,0.899765,-0.199169,-0.387329,-0.027023,0.619113,-0.673123,-0.345063,-0.211038,0.589582,-0.703694,-0.287283,-0.273270,-67.622258,-75.734363,
58.681943,0.896416,-0.215340,-0.385609,-0.037059,0.619800,-0.673870,-0.343443,-0.209270,0.589903,-0.704078,-0.287440,-0.271416,-65.426709,-73.471038,
58.926896,0.809301,-0.450055,-0.350265,-0.140705,0.620877,-0.674866,-0.340933,-0.206959,0.591866,-0.704030,-0.285418,-0.269394,-34.063393,-41.899196,
59.171289,0.698677,-0.604989,-0.311963,-0.220268,0.619539,-0.673586,-0.343299,-0.211184,0.589409,-0.705490,-0.285198,-0.271188,-9.875763,-18.184879,
59.421131,0.570958,-0.722947,-0.266980,-0.282979,0.617303,-0.675331,-0.345169,-0.209102,0.591207,-0.703246,-0.287101,-0.271095,11.976527,3.991243,
59.638448,0.619311,-0.683343,-0.285143,-0.261131,0.617728,-0.675797,-0.343405,-0.209247,0.589903,-0.704078,-0.287440,-0.271416,3.962243,-4.033571,
59.904639,0.742291,-0.549957,-0.331577,-0.191333,0.623203,-0.675220,-0.337110,-0.205067,0.590376,-0.704255,-0.286697,-0.270714,-18.778930,-26.941168,
