0.000000,41.230128,10.950799,18.071103,101.366839,56.778806,71.405998,44.168082,11.160385,37.051092,-66.823698,-64.804121,-63.186209
0.873918,73.379401,8.257095,20.871352,90.567819,54.752798,81.284672,43.912238,5.243796,36.851883,-78.285109,-66.961763,-76.603403
1.111208,29.787265,12.159855,19.042937,105.389924,55.153014,68.761403,22.770149,11.136565,39.377701,-65.576848,-62.496465,-66.376575
1.361808,45.313966,9.211994,20.053519,98.145824,55.086683,75.343203,25.874491,11.275846,39.585561,-65.657138,-62.317625,-65.869219
1.579577,38.485731,9.172152,20.495385,99.661719,54.704690,74.783972,11.396387,16.955549,55.559992,-65.270513,-45.871320,-72.518438
1.811756,56.325808,10.952917,19.056346,96.541478,56.227844,74.212886,14.171611,13.277558,52.033892,-68.955406,-50.248044,-73.531350
2.012933,56.344983,9.938599,12.320266,97.275176,63.008014,74.126774,14.171611,13.277558,52.033892,-68.955406,-50.248044,-73.531350
2.208255,54.335833,9.089035,14.115190,96.901694,61.249644,75.472354,14.171611,13.277558,52.033892,-68.955406,-50.248044,-73.531350
2.448551,54.253051,9.260747,14.247685,97.023921,61.100125,75.218074,14.171611,13.277558,52.033892,-68.955406,-50.248044,-73.531350
2.631672,42.673325,9.342969,18.787557,99.202662,56.307034,74.475417,14.171611,13.277558,52.033892,-68.955406,-50.248044,-73.531350
2.937299,92.240209,35.975529,14.011578,72.023095,68.040447,71.306752,91.666989,34.444364,60.042175,-84.705284,-37.637092,-52.540571
3.173581,45.442557,15.177806,6.551238,124.301151,73.307723,44.798886,-2.759661,15.800805,28.478480,-53.018785,-63.459221,-58.605668
3.386588,70.284036,13.517560,20.791048,95.366689,60.451577,72.065581,48.175123,13.549882,51.225243,-75.170302,-45.346692,-70.557779
3.629049,51.784813,12.643413,17.281189,102.952256,62.016043,67.387669,21.497379,11.850708,33.594600,-63.556102,-63.191690,-63.567157
3.903247,54.829853,12.379072,19.762521,101.969301,61.487219,68.429381,39.694516,11.717456,36.896426,-70.607209,-58.769550,-66.972761
4.100311,41.982841,10.650394,15.484103,105.395971,64.080953,67.759881,28.391005,12.888183,37.906936,-66.203862,-58.547569,-65.069354
4.279916,42.981212,9.883734,15.882127,102.817708,62.594776,70.605708,27.939895,12.904844,38.701442,-65.507876,-59.073669,-64.732626
4.458457,50.905034,10.528881,16.310011,101.304212,62.934055,70.690786,28.387627,13.974590,39.195186,-64.691628,-57.612914,-63.718302
4.644060,92.682405,14.237556,17.849641,84.235676,65.120675,81.198115,26.009922,13.265725,36.541903,-65.884071,-57.887431,-64.891964
4.862626,75.914793,9.031129,11.081035,95.384497,74.078330,75.909222,30.286583,12.394147,45.187235,-73.288850,-47.710486,-72.048816
5.089835,59.044129,12.196109,15.349350,88.352034,37.627498,78.877368,30.011275,10.460533,39.291458,-10.920663,-79.429782,-12.417541
5.359137,67.495160,14.824418,11.339801,79.413773,12.383530,81.608924,50.297744,16.340094,39.329827,59.512110,-57.927654,58.660093
5.568676,42.734281,16.123531,10.059013,82.072267,3.917347,76.447170,39.024427,13.283864,25.865166,76.814284,-37.405628,73.642716
5.800487,64.982413,10.812850,17.091583,85.063931,23.279818,82.126289,41.559069,17.196306,34.627930,41.496561,-67.016366,41.275994
6.061651,23.907322,10.086451,-6.891695,93.342655,44.320591,77.858820,62.003758,20.298200,45.452108,16.617819,-69.093379,21.280052
6.271333,54.921419,18.181729,18.782326,86.047980,25.109767,73.839616,51.879508,14.781596,34.178123,38.948126,-70.934767,41.924475
6.450364,68.032385,15.323357,23.070541,85.637136,31.102670,77.383791,41.964096,10.221265,32.317673,20.419674,-79.142239,21.791742
6.655107,49.237500,12.482392,14.503315,98.521117,56.306521,71.321209,34.982236,18.103866,34.513258,-42.993565,-65.973459,-40.263689
6.869222,6.107562,9.941982,4.063446,131.733557,75.351265,46.964297,47.130584,15.032033,39.196930,-69.885969,-54.921192,-63.453538
7.042940,37.394612,13.153446,-5.373172,-154.654871,78.398420,-33.813969,45.799556,14.528717,44.513620,-76.188462,-43.330463,-69.833346
7.227356,56.659115,14.703760,14.584834,-142.341288,74.106690,-46.518705,26.266176,13.817938,30.337554,-79.793780,-33.116560,-73.477157
7.431670,57.714450,9.720402,14.330583,-107.320327,56.107700,-77.283844,12.975074,9.507339,33.335262,-85.222066,-9.136202,-80.978561
7.634405,33.364248,8.412732,17.631187,-102.234097,50.495275,-77.206645,9.602624,7.606349,28.375424,-86.886921,-5.157826,-82.773428
7.815368,42.347018,10.659116,20.353858,-105.426474,48.608361,-74.962992,9.982748,14.973470,14.953961,-84.874754,-13.963153,-74.621528
8.025073,47.597781,9.439000,16.408776,-102.900898,44.406614,-78.671343,4.539777,45.395060,1.324972,-71.794108,-19.896692,-40.892254
8.235375,48.058869,9.195189,16.401194,-102.467093,43.960483,-79.104428,5.233948,70.148848,3.488995,-67.964887,-9.295750,-17.704054
8.411035,47.209700,9.387578,17.160311,-102.626197,43.910412,-78.694824,7.786669,84.606020,-3.709862,-69.716211,-12.631360,-1.114993
8.605892,46.226644,9.762269,17.313238,-102.692186,42.606474,-78.362893,10.999023,94.385957,-15.774870,-73.236845,-24.619549,11.695092
8.811638,55.583636,8.918278,15.067257,-101.531398,39.965520,-81.151628,7.776510,89.428880,-22.104351,-69.639680,-28.483446,9.434006
9.022540,55.332465,9.275568,16.774069,-102.212334,41.250960,-80.346035,3.186900,45.678651,-6.937668,-72.762311,-24.912654,-39.056216
9.236943,52.971653,8.365684,16.897394,-100.978896,41.566797,-80.954189,3.314775,15.064874,9.177912,-84.204333,-15.374823,-74.448521
9.428716,48.417609,9.142837,17.935641,-102.197631,43.463102,-79.122144,10.635847,9.509930,28.682583,-87.430878,2.520770,-80.955462
9.641282,47.242796,10.635938,18.706994,-104.151466,43.663630,-77.044477,24.699869,11.615853,27.430444,-89.716002,1.348441,-78.396371
9.840251,45.853020,10.286438,17.992837,-103.791193,44.190267,-77.277670,24.079055,11.728755,28.102272,-89.347278,0.877079,-78.301274
10.048219,44.962515,10.421509,18.026368,-104.075571,44.715158,-76.880159,24.495983,11.376411,28.346318,-89.342747,0.581063,-78.651121
10.257304,42.160271,10.604034,17.728820,-104.029744,44.458417,-76.421042,26.412251,11.760394,29.055291,-89.694245,1.173929,-78.251874
10.471468,42.086295,11.202058,18.597473,-104.895606,44.858475,-75.439314,26.047868,12.080742,28.711554,-89.675405,1.146925,-77.932165
10.698744,45.933493,10.773874,18.630864,-104.610058,44.770644,-76.465618,27.364880,12.264666,28.629026,-90.000761,1.267627,-77.737393
10.891001,45.926673,10.772434,18.462349,-104.522502,44.479390,-76.556486,27.358494,12.295808,28.821232,-90.027530,1.589043,-77.705531
11.072969,45.497102,10.388470,18.248017,-103.828846,44.016531,-77.116462,27.119221,12.151440,28.652516,-90.049676,1.763852,-77.849211
11.246094,44.146405,10.598875,18.242071,-103.986292,43.961004,-76.708553,27.119221,12.151440,28.652516,-90.049676,1.763852,-77.849211
11.485910,43.774709,10.494651,18.610456,-103.906783,44.340553,-76.670121,26.977368,11.944875,28.181291,-90.019423,1.295540,-78.056813
11.665510,44.490802,10.630134,18.736329,-104.150351,44.366879,-76.557966,26.799421,12.089253,27.934289,-89.997015,1.120833,-77.912951
11.855803,45.802983,10.631653,18.737598,-104.192434,44.161346,-76.757934,26.707573,12.120423,28.041749,-90.023251,1.442317,-77.881160
12.028909,44.483267,10.842456,18.731670,-104.350440,44.104489,-76.349446,26.620036,12.440165,28.011880,-90.004957,1.414371,-77.561862
12.223232,44.755049,10.979390,18.438455,-104.593978,44.129745,-76.237602,26.863346,12.584331,28.183778,-89.981959,1.239840,-77.418203
12.427092,45.582401,10.983712,18.155082,-104.721738,44.216612,-76.348845,27.254255,12.759654,28.700107,-89.986521,1.386549,-77.242796
12.600692,44.714956,10.631647,17.649848,-104.192434,44.161346,-76.757934,26.168421,12.752155,29.061938,-89.665209,1.414572,-77.262567
12.828067,43.818386,10.175903,18.056178,-103.664627,44.775674,-77.044554,26.390443,12.112120,29.249767,-89.701546,1.468590,-77.901267
13.007807,42.895742,10.070868,17.895449,-103.582124,45.155681,-77.009364,26.752440,11.904866,29.307997,-89.672059,0.999553,-78.107386
13.246984,42.422013,10.182147,18.342210,-103.795047,45.564783,-76.668604,26.624499,11.873386,28.983772,-89.646630,0.677884,-78.138062
13.477361,42.474431,10.182144,18.394569,-103.795047,45.564783,-76.668604,26.572146,11.873397,28.931412,-89.646630,0.677884,-78.138062
13.703160,42.786944,10.180118,18.548864,-103.707930,45.273920,-76.757707,27.805449,11.913647,28.809661,-89.993717,0.973991,-78.088534
13.882306,43.345655,10.527260,18.489772,-104.159575,45.038693,-76.428521,27.591072,12.057938,28.526720,-89.970965,0.799407,-77.944584
14.078963,43.121310,10.738281,18.098785,-104.273831,44.484401,-76.308099,27.692420,11.944839,28.896509,-90.019423,1.295540,-78.056813
14.295402,42.697593,10.950627,17.663454,-104.473115,44.221583,-76.100388,27.026438,12.424952,28.891386,-89.830807,1.096988,-77.581522
14.481690,43.224426,11.087513,17.783539,-104.806622,44.537705,-75.895794,27.263162,12.424946,29.128200,-89.830807,1.096988,-77.581522
14.697670,43.792020,10.980684,17.636073,-104.682210,44.421459,-76.146584,27.391126,12.456296,29.452942,-89.857970,1.418812,-77.550109
14.899746,46.237172,10.459826,18.122357,-104.282494,44.916349,-76.928160,26.562424,12.287876,29.528512,-89.705871,1.615845,-77.725999
15.075936,45.758044,10.107696,18.156066,-103.830425,45.150561,-77.256970,26.653292,12.112123,29.512721,-89.701546,1.468590,-77.901267
15.272126,47.033950,10.250028,19.016533,-104.162898,45.470226,-77.052536,26.110444,11.936327,28.862099,-89.697670,1.321283,-78.076558
15.474878,48.482222,10.537577,19.682638,-104.838641,46.107122,-76.632047,27.589975,11.913650,28.594201,-89.993717,0.973991,-78.088534
15.654241,48.764944,10.295637,19.717420,-104.458354,45.962800,-77.007270,27.335886,11.738082,28.207449,-89.990870,0.827104,-78.264145
15.868574,47.196699,10.705442,19.619921,-104.833276,45.641306,-76.375257,27.219906,11.913664,28.224042,-89.993717,0.973991,-78.088534
16.077505,47.087430,10.705451,19.510615,-104.833276,45.641306,-76.375257,25.770012,11.904916,28.325405,-89.672059,0.999553,-78.107386
16.244671,47.901535,10.846917,19.784071,-105.082694,45.668023,-76.257208,25.682361,11.936317,28.433927,-89.697670,1.321283,-78.076558
16.434263,47.303242,10.705448,19.726412,-104.833276,45.641306,-76.375257,25.554202,11.904920,28.109608,-89.672059,0.999553,-78.107386
16.627112,46.851056,10.595023,19.820968,-104.667498,45.731397,-76.426659,25.491482,11.729041,27.937601,-89.669164,0.852137,-78.282634
16.801987,48.082409,10.605766,19.903622,-104.794461,45.815284,-76.536537,25.454661,11.553087,27.790403,-89.666719,0.704677,-78.457910
17.004453,49.091803,10.537595,20.292033,-104.838641,46.107122,-76.632047,25.563749,11.439903,28.183793,-89.712947,1.201057,-78.571805
17.173375,48.111812,10.393348,19.695442,-104.498948,45.789089,-76.844250,27.192621,11.562449,27.929709,-89.988472,0.680174,-78.439784
17.391421,47.960804,10.636975,19.938308,-104.969691,46.222553,-76.374694,27.433937,11.211053,27.896569,-89.985026,0.386195,-78.791151
17.562634,47.505015,10.636975,19.482625,-104.969691,46.222553,-76.374694,27.776744,11.355442,28.175357,-89.962598,0.211545,-78.646834
17.798709,46.993537,10.736729,19.572423,-105.008996,46.048325,-76.212936,27.556567,11.706803,28.227412,-89.965881,0.505556,-78.295647
18.008989,46.907957,10.736744,19.486849,-105.008996,46.048325,-76.212936,27.642207,11.706798,28.312984,-89.965881,0.505556,-78.295647
18.181717,46.990628,10.736743,19.569542,-105.008996,46.048325,-76.212936,27.670055,11.562447,28.407239,-89.988472,0.680174,-78.439784
18.354249,47.124156,10.736740,19.703033,-105.008996,46.048325,-76.212936,26.803221,11.576649,28.261022,-89.841285,0.682364,-78.428428
18.570588,48.117031,10.636979,20.094425,-104.969691,46.222553,-76.374694,26.439612,11.545213,27.697438,-89.816780,0.360229,-78.459505
18.764929,47.723101,10.495522,20.250002,-104.718454,46.194935,-76.494844,25.350374,11.521557,27.488682,-89.642348,0.382892,-78.488459
18.958513,47.962483,10.495525,20.489295,-104.718454,46.194935,-76.494844,25.986521,11.545223,27.244262,-89.816780,0.360229,-78.459505
19.127688,48.703250,10.636990,20.680531,-104.969691,46.222553,-76.374694,25.853584,11.545230,27.111329,-89.816780,0.360229,-78.459505
19.305162,47.693098,10.627310,20.979042,-104.935168,46.428894,-76.169040,25.647998,11.513688,26.705614,-89.792457,0.038165,-78.490436
19.509473,47.968860,10.736775,20.547491,-105.008996,46.048325,-76.212936,25.732293,11.689776,26.914831,-89.793829,0.185657,-78.314839
19.714473,48.070713,10.525152,20.590456,-104.802807,46.313598,-76.427478,25.332607,11.883110,25.768254,-89.671051,-1.127805,-78.117031
19.884184,47.608091,10.494154,19.972850,-104.628129,45.905399,-76.588758,26.980896,12.057947,27.916455,-89.970965,0.799407,-77.944584
20.097762,46.493927,10.518557,20.498556,-104.861203,46.809721,-76.125526,24.846849,11.828754,27.517895,-89.448515,0.036304,-78.186412
20.288509,45.722078,10.378937,20.144200,-104.515140,46.492559,-76.343827,25.689499,11.841863,27.852412,-89.621380,0.356282,-78.168585
20.493837,45.576084,10.348582,19.846667,-104.340932,46.084047,-76.504661,24.183059,12.049244,28.185439,-89.327747,0.851138,-77.981387
20.698799,45.214494,10.485136,20.393063,-104.648250,46.608088,-76.085133,25.732454,11.377022,27.956822,-89.664725,0.557177,-78.633215
20.874205,44.581009,10.104927,20.046218,-103.922743,46.146082,-76.677603,25.733920,11.263838,28.242714,-89.710344,1.053629,-78.747263
21.083843,44.935088,10.242096,19.950532,-104.263238,46.464311,-76.465145,20.239391,11.209106,26.225510,-88.559209,-1.304269,-78.852089
21.294867,45.349888,10.135947,19.592365,-104.131590,46.347865,-76.722363,17.164305,11.785480,23.587832,-87.817796,-4.070425,-78.261832
21.509771,45.776300,10.031208,19.230246,-104.000824,46.230875,-76.978950,16.252667,12.779782,23.350255,-87.389754,-4.457229,-77.283017
21.685985,45.494135,10.001109,18.797882,-103.833442,45.821606,-77.132942,12.583733,12.545556,15.629208,-86.592524,-12.099419,-77.185462
21.892868,47.537007,9.665328,18.226329,-103.295791,45.056475,-78.036077,14.696574,8.987407,1.337494,-87.735213,-26.296708,-80.241684
22.080611,47.776817,9.662762,18.300299,-103.215174,44.763813,-78.120556,36.579934,4.672220,-19.138255,-91.081058,-46.596019,-86.174375
22.306913,46.795447,9.198369,18.601345,-102.666398,45.372221,-78.427661,-22.636892,14.915732,-10.256857,-75.810657,-36.106157,-71.873069
22.525096,47.892984,9.103213,19.146372,-102.700866,45.836162,-78.512546,-11.974545,16.511029,0.751334,-78.464593,-25.189660,-72.163754
22.713661,48.964819,9.117387,18.548820,-102.670426,45.336278,-78.787402,7.999011,12.148765,-15.166988,-84.509292,-42.284114,-74.842061
22.926293,46.177084,9.059263,18.631341,-102.422128,45.340856,-78.540591,15.104232,9.625438,-22.915357,-86.760482,-50.279574,-78.107180
23.110132,47.366183,9.445867,19.732772,-103.201069,46.107066,-77.891363,19.597020,9.167534,-27.281412,-87.882748,-54.503223,-79.192803
23.324903,46.709386,9.788594,19.961540,-103.621584,46.083715,-77.353163,-4.964618,16.353653,-9.464167,-79.453384,-35.109094,-69.935488
23.529369,47.368980,10.558187,20.368853,-105.170056,47.300002,-76.066351,-0.880721,20.369823,1.814895,-79.297412,-24.438577,-67.550838
23.705428,38.873474,11.334031,21.428811,-105.651617,47.934571,-73.745717,-4.292603,24.452027,7.875113,-76.612656,-17.280409,-64.931006
23.901157,32.940947,11.800574,21.494558,-105.376702,47.713510,-72.665049,-4.800182,23.753643,9.466140,-76.980858,-15.664127,-66.084462
24.099152,34.362051,11.625438,21.320528,-105.362692,47.680609,-73.043555,-4.267545,23.313108,8.443438,-77.283999,-16.886158,-66.208981
24.267894,34.888216,11.498292,21.422258,-105.326936,47.854876,-73.204140,-3.945188,22.312733,8.140257,-77.865375,-17.456700,-67.100179
24.474368,34.345088,12.235035,21.723465,-106.319321,48.055062,-71.974083,-2.035545,20.023652,3.423564,-79.276811,-22.731453,-68.314424
24.671209,33.192699,13.074094,21.549085,-107.126708,47.663521,-70.790276,17.718679,14.228813,-5.329398,-86.988552,-33.024772,-74.352377
24.845174,31.866509,13.385697,22.249020,-107.415104,48.079721,-70.019387,47.432520,14.762355,-18.002089,-97.091226,-46.234299,-81.192151
25.050062,32.139416,15.007720,23.585218,-110.262470,49.358580,-66.845591,47.085197,25.169600,-27.802737,-104.486251,-57.056493,-78.234910
25.256519,30.594235,14.768641,22.616723,-109.178450,48.385235,-67.654808,42.661239,25.999507,-27.886349,-101.559327,-57.002096,-74.450864
25.453081,29.479026,15.015681,21.746724,-108.833163,47.354952,-67.727194,35.804659,23.283856,-25.666375,-95.216610,-54.256114,-71.144902
25.649998,30.082793,13.626449,20.809210,-107.118279,47.044652,-70.045713,23.556131,18.715932,-16.005085,-87.902638,-43.998781,-69.887721
25.819968,32.290048,12.962372,21.219212,-106.864998,47.644379,-70.925237,12.111940,12.266660,1.718648,-86.213028,-26.191147,-76.535408
26.082858,37.038901,12.305006,21.691473,-106.826933,48.067987,-72.085249,-7.140034,7.080097,9.416248,-85.698044,-18.457069,-82.847789
26.308094,37.815224,11.754121,22.649731,-106.628931,49.358178,-72.426355,-3.971999,6.565286,10.853786,-86.328409,-17.305778,-83.354664
26.509935,35.674299,12.677068,21.831667,-107.154060,48.106001,-71.387862,4.654514,6.502097,11.117783,-87.299410,-16.858146,-83.250540
26.740666,35.507696,12.221747,22.035948,-106.665232,48.535502,-71.882390,4.568792,6.306613,12.589847,-87.377830,-15.505125,-83.521030
26.956097,37.692247,10.997354,20.855034,-105.081956,47.893361,-74.194919,8.595580,8.258828,11.777493,-87.088037,-16.440914,-81.402373
27.154667,37.034779,10.604803,20.563136,-104.139300,47.031775,-74.990327,-1.990942,8.383700,12.033148,-85.701467,-15.388061,-81.566074
27.354480,34.640185,10.888034,20.419361,-104.185655,46.893201,-74.454622,-13.308430,11.439568,9.811472,-82.154990,-17.251456,-78.992049
27.532709,34.500065,10.646674,20.349021,-103.795938,46.751895,-74.839494,20.774148,4.298143,-1.052580,-89.415184,-28.681562,-85.454110
27.742638,34.716833,10.888882,20.641611,-104.285298,47.180955,-74.356894,12.816124,7.989813,-7.558144,-87.468538,-35.252789,-80.821241
27.957927,34.190943,12.206306,21.275447,-105.995430,47.367216,-72.282081,12.269492,8.450913,-1.459839,-87.427344,-29.036608,-80.604940
28.157669,36.006496,12.281061,21.352201,-106.272733,47.182720,-72.371947,4.522760,9.680491,0.928678,-85.798996,-26.242604,-79.218660
28.328200,35.791969,11.584615,21.404198,-105.278805,47.187687,-73.364631,-0.196073,11.536393,1.076461,-84.125847,-25.615974,-77.191871
28.558040,35.889044,10.638014,20.722993,-104.108092,47.239892,-74.782045,-1.988578,12.157685,15.844051,-83.877840,-11.320551,-78.204762
28.762170,29.673082,13.274007,18.593223,-105.863972,44.774305,-71.489973,-5.730613,14.187685,14.000222,-81.969807,-13.056435,-76.303366
28.931813,65.604001,24.078146,22.284521,-125.614232,45.691327,-64.851626,4.164676,10.802290,9.545974,-85.254937,-18.862037,-78.630369
29.134973,53.360718,25.479899,7.354017,-119.929717,31.367569,-69.514197,-6.360459,10.044331,7.089622,-83.852521,-21.003017,-79.534165
29.310918,35.943782,22.517005,-1.132265,-112.277528,24.074740,-70.447157,-14.471380,9.316545,2.120407,-82.919665,-26.030871,-80.060327
29.510408,35.380801,21.753149,-10.372127,-110.248555,15.627853,-74.422336,-12.786475,7.842661,-4.434399,-83.838380,-32.690750,-80.772054
29.753213,12.377773,59.473301,-48.694830,-130.815601,-29.803214,-61.306377,-16.578937,10.269199,-1.451326,-81.616758,-29.520161,-78.596618
29.949124,11.115593,63.364558,-49.822787,-132.565535,-32.091618,-59.171567,-17.246247,10.023081,-1.161209,-81.753707,-29.218400,-78.956363
30.127716,12.442732,62.192309,-49.391959,-133.031677,-31.087846,-60.824476,-5.421310,10.213298,0.137612,-83.487494,-28.185538,-78.453030
30.323485,13.830642,61.529157,-48.966957,-133.875878,-30.132340,-62.315884,-1.680708,10.499095,1.363335,-83.970511,-27.238242,-78.193412
30.503361,14.750141,60.706374,-48.443665,-133.933341,-29.349853,-63.180306,-5.722863,12.108535,0.356876,-82.197121,-27.965106,-76.342966
30.710317,14.934820,59.941978,-46.801498,-132.836679,-28.066785,-62.326345,-6.744815,12.764180,-0.635851,-81.556718,-28.635602,-75.507773
30.901350,7.311316,48.015315,-41.482188,-118.057049,-20.073927,-58.577924,-3.259584,13.273558,-1.750403,-81.836810,-29.945090,-74.643027
31.104536,26.002230,27.190975,-6.230171,-112.850302,17.351258,-66.109519,16.303109,16.203559,-4.786615,-86.092438,-32.460147,-72.029226
31.281879,69.485823,30.457097,21.577057,-132.715806,42.224349,-62.686385,15.021187,15.887688,-3.679782,-85.805614,-31.336115,-72.329371
31.503652,53.478543,20.430073,14.816494,-116.552377,39.387922,-69.347163,6.113054,15.636006,-3.825568,-83.175714,-31.173943,-71.926193
31.690949,52.490555,11.228664,18.366173,-105.725297,44.901891,-76.842390,-0.391493,15.373636,-1.793945,-81.803877,-28.497208,-72.450857
31.870080,46.534315,12.450807,19.367738,-107.195806,45.413171,-74.139265,-3.609438,14.993599,-0.798369,-81.290258,-27.363820,-73.087742
32.080513,41.648215,12.353285,20.018545,-107.268589,47.181761,-72.982860,2.583082,12.883683,0.150197,-83.570625,-28.024252,-75.385485
32.286530,42.655131,15.772487,14.266476,-108.951546,38.508483,-72.203618,-10.536492,11.783440,0.677437,-82.187343,-25.076210,-77.225852
32.490341,30.723633,13.619270,10.432985,-103.548116,33.871741,-74.570891,-8.431080,10.774203,0.067650,-83.521040,-24.281195,-78.300466
32.702232,26.621161,16.157257,17.491346,-106.434306,39.853307,-69.026146,-15.222957,11.262647,2.467224,-82.264395,-21.477268,-78.468629
32.910098,29.031304,15.268871,16.811403,-106.705171,41.016084,-70.051919,-14.693376,10.358086,0.704054,-82.506238,-25.038143,-78.972878
33.122491,27.743384,15.264572,15.846873,-106.083260,39.855664,-70.388345,-17.851172,10.772413,0.229218,-81.757976,-25.153104,-78.682890
33.345868,16.121143,21.258170,17.379326,-108.914904,40.499341,-61.526894,-11.196996,10.945825,0.798637,-82.593928,-25.207761,-78.156903
33.561270,6.562096,16.674328,8.307547,-100.587065,32.760238,-70.056438,-13.579175,11.901025,-0.552249,-81.614322,-25.706761,-77.118730
33.777505,-0.193502,13.758687,-4.433606,-96.210934,20.263162,-75.352457,-7.504344,12.014205,-1.826870,-82.732777,-26.507371,-76.619579
33.974213,0.134463,11.426246,-9.821462,-95.108582,15.230928,-78.330491,-5.762633,12.738017,-1.978659,-82.629343,-26.710273,-75.744549
34.179169,11.651128,8.612386,-16.456850,-95.169442,8.095466,-82.330869,-6.646596,12.343757,-1.726807,-82.862477,-25.850096,-76.312773
34.410673,4.193031,14.594111,-9.608523,-97.060686,13.614134,-75.415587,-6.735761,13.284010,-1.460200,-82.552243,-24.693694,-75.416819
34.614696,8.081888,19.253459,1.222007,-100.956188,23.258742,-69.121418,-7.430701,12.715129,-0.907334,-82.807639,-23.992083,-76.154181
34.838048,7.475595,19.864825,0.710052,-101.726590,24.236148,-68.278608,-3.540274,11.930082,0.860356,-83.678840,-24.046253,-76.959056
35.029278,5.043842,18.831391,5.825061,-101.340587,30.534510,-67.990064,-3.380078,11.945497,1.524624,-83.480978,-24.389470,-76.915840
35.243266,12.612847,19.763596,11.450737,-102.813117,30.855479,-66.805300,-10.548036,12.829164,-3.992823,-82.512928,-24.798285,-75.939295
35.432248,19.597324,21.967506,16.443214,-105.094885,30.679289,-64.256266,-10.462818,14.615388,-6.828106,-82.691766,-23.063244,-74.118512
35.676287,19.633653,25.712594,18.251580,-105.555540,28.089702,-60.548507,-12.355926,15.431688,-7.164246,-82.947988,-19.615338,-73.663760
35.860536,19.544391,26.309965,17.326334,-105.069457,26.045315,-60.462039,-11.620089,16.618432,-8.809158,-82.923301,-20.027107,-72.302620
36.075666,15.714298,23.556737,17.404781,-102.815570,28.264632,-63.024637,-10.347835,14.328513,-8.383758,-83.830668,-21.149296,-74.624013
36.334399,9.885445,22.843696,10.081573,-100.797518,24.130625,-64.821942,-15.407728,13.346278,-5.080838,-82.573411,-20.460456,-75.975448
36.542380,8.576399,25.670335,4.281325,-101.378588,18.670538,-62.870022,-11.920636,14.197081,-5.640709,-82.670970,-21.708808,-74.790566
36.753102,14.504871,25.675589,10.468886,-105.209298,25.588398,-61.364062,-5.880256,13.932410,-4.337419,-83.818105,-22.168306,-74.938522
36.936464,12.786853,24.120841,21.326592,-104.774563,35.791506,-60.114202,-21.241062,13.866392,-1.213526,-80.914846,-17.790776,-76.324612
37.125519,14.122422,25.896375,15.368563,-104.828888,28.731546,-60.132668,-26.102723,13.533072,-2.642303,-80.338180,-18.382052,-76.929513
37.360511,12.220817,24.127355,-4.308066,-102.702100,12.542371,-66.328807,-31.539273,13.055662,-2.912214,-79.144621,-21.267610,-77.718466
37.571928,14.961012,22.786711,-19.523252,-102.948666,-1.284699,-71.376535,-36.514302,12.134737,-4.341728,-78.913564,-23.714912,-78.797109
37.804032,8.642541,25.184840,-28.478500,-101.890834,-10.826349,-69.789303,-25.360358,13.753206,-3.610615,-79.520869,-22.184061,-76.207157
38.013965,8.483726,25.403523,-5.425705,-100.877625,9.428262,-65.029869,-21.804222,14.468436,0.856803,-80.613471,-15.271724,-76.175784
38.225334,-0.901546,25.644475,2.398805,-96.645895,16.627394,-63.194299,-41.522275,18.807872,-0.038744,-73.786343,-13.784263,-75.604367
38.411586,-5.825968,26.371740,4.597401,-94.200529,18.446412,-62.575895,-53.396695,22.179033,-1.099001,-68.876461,-13.427203,-76.274239
38.634844,-11.299200,26.758729,6.353823,-91.461759,20.359701,-62.762788,-56.673792,23.956007,-1.193714,-66.814318,-12.801538,-76.356451
38.853952,-12.254787,29.018420,12.364582,-91.539892,27.077358,-60.307765,-55.473967,24.303679,-1.023351,-66.507200,-13.219616,-75.775471
39.073696,-11.930373,29.255954,13.620112,-91.936014,28.568145,-59.860693,-43.668929,17.819348,-2.641268,-74.137548,-16.182820,-76.094958
39.306211,11.524824,21.604569,9.361642,-101.321534,24.650908,-66.116682,-25.173053,15.867214,-3.637176,-78.664045,-19.621262,-74.339166
39.516399,14.273148,22.292657,8.500958,-102.349805,23.048809,-65.782683,-19.283572,15.188327,-5.407801,-80.437916,-21.140935,-74.178131
39.735426,15.778736,22.202387,4.129229,-102.516550,18.818152,-66.981151,-13.389390,15.705135,-5.397428,-81.523433,-21.329956,-73.278542
39.947188,6.528351,25.285434,8.565216,-100.412435,22.670509,-62.442091,-13.507594,16.895264,-2.928529,-81.219032,-18.091750,-72.512889
40.165287,4.489504,26.219550,18.901190,-100.351350,32.185210,-59.624803,-12.392597,18.898783,1.697472,-81.030999,-12.491438,-71.233141
40.377429,8.379142,24.943588,26.849917,-103.134884,40.039219,-58.498186,-14.062015,19.222285,2.683704,-80.309113,-11.724408,-71.219876
40.568235,9.843355,23.294971,16.094236,-102.123460,30.865053,-62.740372,-15.997805,17.804616,1.479940,-80.032333,-14.300898,-72.486574
40.760631,11.371225,23.833234,14.467346,-102.938059,29.256917,-62.449551,-16.618848,16.639902,0.558840,-80.391571,-15.628855,-73.498942
40.951799,16.146544,24.901142,13.968715,-105.139081,27.752582,-61.609037,-17.905160,15.600581,-1.571565,-80.683092,-17.484538,-74.304531
41.187032,14.187955,25.020973,16.256142,-103.290829,27.829120,-61.445194,-32.471068,19.766607,0.491065,-75.356378,-11.916065,-73.145762
41.401024,7.837058,24.610940,13.923998,-100.886053,27.439510,-62.183007,-30.743497,20.865183,-1.683054,-74.445540,-15.081649,-71.193402
41.622393,8.118751,27.074767,11.284548,-100.685544,22.662058,-60.493263,-41.344613,37.574797,-18.530725,-57.181180,-22.326242,-52.585613
41.817463,9.275644,27.410276,7.122512,-102.083593,20.157776,-60.653348,-31.852345,33.357635,-7.474907,-64.818365,-16.671428,-58.483027
42.050630,6.061428,25.688247,17.982498,-101.539467,32.283347,-59.885483,-31.575907,29.632934,-6.806212,-67.061328,-18.242864,-61.793772
42.272497,6.260256,25.357188,39.679991,-105.339849,52.536448,-54.002768,-32.604331,20.564918,-3.457276,-74.077080,-16.750175,-71.317805
42.483877,18.082227,20.735339,30.556737,-107.501094,45.690479,-60.333830,-20.315460,18.044576,-3.756984,-78.108345,-20.250074,-71.553619
42.684432,20.075872,21.049854,20.250436,-105.754431,35.309708,-63.883502,-19.398150,18.536738,-5.702044,-77.996175,-21.801913,-70.572506
42.883621,20.862344,20.855748,19.893893,-106.010330,35.286404,-64.142531,-17.395788,18.293059,-4.482207,-78.666954,-21.057985,-70.865910
43.096957,24.785856,20.329226,17.990454,-106.533487,33.392126,-65.592409,-17.569060,18.249870,-4.798602,-78.620700,-21.370291,-70.857915
43.292636,22.036191,21.798776,9.784178,-105.278278,24.920362,-66.410218,-19.390704,18.536724,-5.694606,-77.996175,-21.801913,-70.572506
43.514856,20.923667,19.752621,-6.893561,-102.399859,9.128809,-72.375930,-20.410796,18.663732,-5.798598,-77.660524,-21.757694,-70.527077
43.704760,30.493683,18.936870,-15.399928,-104.080705,1.030766,-76.942526,-21.432943,19.384900,-5.583640,-76.891828,-21.479111,-69.936021
43.899435,30.695685,18.219343,-18.185656,-103.436817,-2.339593,-78.123467,-23.198787,20.292366,-5.309025,-76.128952,-20.198158,-69.414038
44.095222,29.579180,18.737607,-17.698414,-103.339667,-2.932694,-77.393764,-24.169183,20.606736,-4.654935,-76.076383,-18.517502,-69.525449
44.294549,17.091999,23.144160,-2.018911,-102.975469,12.307626,-67.656883,-24.413989,20.376319,-4.010516,-75.994052,-18.483964,-69.877177
44.482094,18.097222,21.457712,8.604170,-103.426023,23.565251,-66.816848,-23.701486,20.238883,-4.036622,-76.048061,-19.167346,-69.829106
44.702243,18.317534,21.509246,9.275403,-103.758116,24.530699,-66.542950,-22.792063,19.928612,-3.801178,-76.391409,-19.381940,-70.025413
44.902242,20.111922,21.730719,11.327352,-104.879235,26.676975,-65.824513,-21.975991,19.443004,-4.580294,-76.744789,-20.591050,-70.167793
45.148912,19.452907,24.198390,8.157759,-105.335693,22.167305,-64.273383,-19.988642,19.756930,-4.426408,-77.467269,-19.557854,-69.786301
45.370638,26.776930,28.046749,16.417716,-108.669803,23.631801,-59.675146,-34.663471,24.926445,-5.636698,-71.650503,-13.925384,-67.690424
45.585294,25.355705,25.286789,8.261239,-103.843216,13.017733,-65.223438,-39.748315,25.226714,-5.303041,-71.425545,-9.628680,-69.118973
45.795733,25.007263,28.005112,9.585499,-105.142676,13.667346,-62.233668,-41.456032,24.832814,-4.175910,-71.251812,-8.642175,-70.248988
46.019276,26.974664,28.098177,19.096039,-107.948572,24.272913,-59.214960,-40.564769,24.872768,-4.999193,-70.764341,-11.224877,-69.589449
46.272026,28.636448,28.997274,18.431442,-110.160058,24.832016,-58.281913,-35.880319,22.646236,-7.114682,-72.874798,-15.667461,-69.482984
46.489814,28.441177,26.060471,17.001081,-108.499601,25.172185,-61.587824,-33.148296,21.172719,-8.010881,-74.302542,-17.736108,-69.926223
46.730339,25.164922,23.912306,13.724262,-105.956382,23.648457,-64.294688,-27.103830,20.091524,-8.257907,-76.379336,-19.214104,-69.865372
46.948252,25.155560,21.180788,13.946553,-104.390639,24.788009,-67.018909,-26.209995,18.948355,-7.503964,-77.331222,-18.985101,-71.022248
47.152839,21.085705,20.835040,8.513174,-103.133580,21.526136,-68.085816,-22.557972,17.916632,-5.837964,-78.431302,-19.460043,-71.794658
47.370217,22.494718,20.574836,6.337814,-103.418739,19.886942,-68.961605,-20.773167,17.030597,-6.394331,-79.225380,-20.715198,-72.346238
47.560341,24.282782,20.692024,7.244191,-104.196247,20.901010,-68.797303,-20.351260,17.072471,-5.832442,-79.266898,-20.402102,-72.351628
47.777635,24.136708,21.219551,7.730437,-104.674398,21.564295,-68.076143,-20.512729,17.616785,-5.709964,-78.792970,-20.496699,-71.800456
47.967335,23.739585,21.454677,8.439860,-104.764483,22.178647,-67.602575,-20.653585,17.491573,-5.570910,-78.853894,-20.348000,-71.972531
48.177534,25.564838,21.152667,8.261493,-105.183077,22.205768,-68.151101,-19.345524,17.493135,-5.516623,-79.126849,-20.537086,-71.842231
48.367583,25.168419,20.906626,7.955469,-104.916790,22.097168,-68.412403,-19.327258,17.366858,-5.224651,-79.187816,-20.387932,-72.013879
48.592744,25.347708,20.906643,8.134774,-104.916790,22.097168,-68.412403,-19.858671,17.449530,-5.053948,-79.071143,-20.018230,-72.031191
48.828323,23.132294,21.454448,7.679532,-104.678994,21.873871,-67.670884,-19.397696,17.491371,-4.452625,-79.113481,-19.704960,-72.036855
49.036245,26.729505,21.503834,8.585941,-105.712651,22.184600,-67.900102,-18.186545,16.450855,-4.594212,-80.165471,-19.638856,-73.009681
49.226877,27.694873,21.039181,9.484569,-105.627358,22.798326,-68.286628,-17.883411,16.541985,-5.162364,-80.268131,-19.845493,-72.829712
49.487413,29.824795,20.588323,8.887721,-105.743935,22.050054,-69.244074,-15.536832,16.125504,-5.156248,-81.165400,-19.748341,-73.129017
49.699201,28.212974,20.956614,9.003529,-105.521763,22.003385,-68.634412,-17.630341,15.873483,-4.741678,-80.842123,-19.199584,-73.603992
49.898586,30.062082,20.013174,9.370071,-105.452582,22.675063,-69.695079,-17.485638,15.873490,-4.596895,-80.842123,-19.199584,-73.603992
50.085425,31.257171,18.907174,9.876779,-105.114183,23.723184,-70.754045,-17.010642,15.499029,-4.188757,-81.088690,-19.188624,-73.988229
50.279074,32.534631,18.582305,11.618832,-105.232327,25.068322,-70.812386,-15.129319,15.419374,-5.139865,-81.655541,-19.797402,-73.844250
50.472241,33.602511,19.015198,11.829388,-105.842829,25.110352,-70.476459,-16.041699,15.406821,-5.852374,-81.412146,-20.445696,-73.798914
50.682110,36.824274,18.889730,11.671883,-106.595168,25.267926,-71.089380,-14.835190,15.772656,-6.054307,-81.397703,-20.960352,-73.284454
50.867030,34.637719,19.267147,10.926376,-106.440981,24.843311,-70.551185,-12.518922,14.968091,-6.744715,-82.232260,-22.190496,-73.890339
51.075628,34.647332,18.242027,11.083974,-105.646046,25.295563,-71.494270,-13.741649,15.333470,-5.906749,-81.778955,-21.315475,-73.670918
51.265270,35.260416,19.014708,11.109293,-106.457147,25.210774,-70.814367,-12.712743,15.204057,-6.505903,-82.035190,-22.054567,-73.664907
51.458333,34.224980,18.190101,10.352189,-105.424405,24.626283,-71.695653,-16.212740,15.832096,-7.459104,-80.796234,-22.717006,-73.006288
51.680701,34.831569,18.441384,11.096789,-105.774311,25.047387,-71.356643,-16.715548,15.440256,-7.183624,-80.985008,-22.263759,-73.521446
51.895822,36.032943,18.762758,11.110455,-106.312713,24.970063,-71.227427,-15.080720,15.142747,-6.941316,-81.557676,-22.123230,-73.793839
52.112554,34.774741,18.312456,10.493882,-105.625681,24.620508,-71.634044,-15.967991,15.281006,-6.520547,-81.257283,-21.776481,-73.745432
52.330897,34.532028,17.864073,10.594342,-105.300690,25.055943,-71.968540,-15.822746,15.656427,-5.960339,-81.046635,-21.398559,-73.410418
52.599247,35.859959,17.738025,11.173334,-105.588893,25.722700,-72.102907,-15.035001,15.757665,-6.066691,-81.148936,-21.607337,-73.233445
52.797941,35.330515,17.486191,10.492989,-105.238783,25.298490,-72.443423,-16.566799,15.041678,-4.399547,-81.223162,-20.190932,-74.320809
53.050886,35.506496,17.561054,10.099096,-105.299934,24.928939,-72.507655,-15.436117,15.438384,-4.600362,-81.248716,-20.390923,-73.806429
53.289873,37.201975,17.443355,11.017982,-105.584429,25.596341,-72.643750,-15.773889,15.436144,-5.237836,-81.203881,-20.780347,-73.749756
53.482608,36.808892,17.567128,11.046209,-105.656114,25.718511,-72.437356,-15.462912,15.697760,-5.454314,-81.084455,-21.085614,-73.410343
53.706629,37.541582,16.669124,11.511907,-105.116737,26.458211,-73.265161,-14.569346,15.294804,-5.326220,-81.503021,-21.128161,-73.795064
53.926052,36.784845,17.940441,11.285534,-105.927209,25.653484,-72.033413,-18.265669,14.227653,-5.495776,-81.334103,-21.068805,-75.118744
54.125231,35.614401,16.924378,9.863497,-104.206374,23.157474,-73.428371,-15.183358,14.772518,-3.786055,-82.209206,-17.985701,-74.766912
54.325432,35.733354,17.042666,8.944062,-103.406054,19.596806,-73.874127,-18.390608,14.459425,-2.612082,-82.417373,-14.124322,-75.656983
54.510890,32.832957,17.421305,7.511074,-102.718752,17.461231,-73.516604,-17.059805,14.407048,-1.178774,-82.968116,-12.027986,-75.839763
54.705985,35.290522,17.922650,7.981506,-103.627914,17.639207,-73.324013,-15.809592,14.846063,-0.853604,-83.095004,-11.542215,-75.368406
54.926385,37.486122,18.008110,9.594151,-104.162912,18.691229,-73.232669,-15.651527,14.815386,-1.362408,-83.259082,-11.583495,-75.351023
55.183551,39.869217,17.034797,10.400031,-104.684299,21.977624,-74.033606,-11.353337,15.394551,-2.508478,-83.367601,-15.104709,-74.237752
55.361741,41.512469,16.993809,11.850933,-105.295242,23.935562,-73.864884,-13.326019,15.887068,-3.499409,-82.452451,-16.521586,-73.662636
55.567095,40.137623,16.702207,12.187069,-105.031798,24.982316,-73.732898,-11.226968,16.427014,-2.096322,-82.607817,-15.778288,-73.136413
55.764211,43.734097,16.053509,11.990940,-104.970885,24.601532,-75.007915,-9.209777,17.265912,-2.535577,-82.901693,-15.861102,-72.156633
55.974197,43.451118,15.006515,11.989164,-103.896052,24.522017,-75.948297,-10.972455,17.392968,-2.511146,-82.451193,-15.455181,-72.138652
56.149626,44.094522,15.148479,12.512281,-104.223340,25.140374,-75.762001,-10.665864,17.843594,-2.956085,-82.287502,-15.987195,-71.589771
56.408886,44.227230,15.652897,12.959608,-104.826917,25.702822,-75.168231,-10.484426,16.852171,-3.745355,-82.643925,-17.139153,-72.468380
56.659901,39.254229,19.340320,13.960031,-106.995979,25.130582,-70.684486,-14.093432,15.675440,-4.634036,-82.394196,-17.378308,-73.786815
56.877557,35.021559,21.058107,11.997446,-106.980326,22.665671,-68.997768,-14.245921,15.808951,-5.024456,-82.340558,-17.534507,-73.622527
57.056652,33.501784,21.065764,10.704509,-106.600732,21.885030,-69.075917,-14.741057,15.805457,-3.703714,-82.139228,-16.646233,-73.800824
57.272954,33.584167,20.487645,8.114398,-105.868679,19.408035,-70.423735,-14.434504,17.118816,-1.683377,-81.717056,-14.336772,-72.766124
57.460614,31.720730,18.766626,13.575973,-104.690380,25.093923,-70.268164,9.713644,18.781285,4.305742,-88.660452,-9.293071,-71.049677
57.670525,15.608466,20.859100,15.563524,-101.117407,26.800672,-66.486284,43.861410,22.054596,14.956391,-101.009727,-0.197899,-70.810405
57.904066,1.811842,27.623047,32.181362,-100.671780,44.591638,-55.818850,-3.841326,17.772039,4.408338,-84.351556,-9.422465,-72.172217
58.082866,3.835121,27.121838,38.823592,-103.183673,50.769289,-53.798194,-28.828892,17.569633,-7.207250,-77.242472,-19.981054,-72.630049
58.287119,17.778164,23.694145,47.628613,-112.700166,57.054930,-50.135588,-33.967497,17.949614,-6.412425,-76.126578,-18.174536,-73.291209
58.499745,34.390361,20.808570,64.146244,-137.688426,69.152322,-29.923974,-31.538958,17.490749,-5.117052,-77.189673,-16.759803,-73.677875
58.671401,38.656013,21.575506,67.445763,-148.017968,69.938557,-20.017393,-31.563530,18.381065,-3.833061,-76.569729,-15.553612,-73.161935
58.883701,34.407818,27.285010,49.181892,-124.036928,53.280750,-42.146494,-29.808486,20.388354,-2.730380,-76.081462,-12.985654,-71.441362
59.059591,36.637435,27.192076,51.081065,-126.695898,54.606744,-40.171202,-29.560063,20.503541,-2.790910,-76.032733,-13.134260,-71.272530
59.275992,38.812217,26.847991,51.637712,-128.612218,55.262025,-39.389028,-27.548228,19.480818,-3.825752,-77.002464,-14.909891,-71.585324
59.460765,39.973515,26.676108,49.142098,-128.433639,54.062219,-40.955237,-19.343276,17.942387,-3.112736,-79.756703,-15.932546,-72.088622
59.658141,43.410185,24.605716,49.252464,-129.107318,55.661347,-42.746492,-18.943240,17.930840,-0.510848,-79.705443,-14.262051,-72.463822
59.838482,45.973199,22.376339,52.247357,-129.654848,58.688200,-43.264415,-21.582464,19.120496,0.871694,-78.595111,-11.970674,-71.977230
