0.000000,24.507860,10.644919,41.084371,-102.151143,55.576790,-71.744455,-29.118353,10.820672,71.470758,-76.463942,55.654611,-93.508671
0.730028,26.192210,11.008648,42.190550,-102.563516,55.274375,-71.197588,-25.698258,10.379266,69.111133,-78.430942,54.770349,-91.503355
1.156984,35.341399,9.524495,39.642346,-100.719305,49.848715,-75.169855,-23.836984,10.552235,70.143293,-78.261594,58.971073,-91.416192
1.414270,24.494806,11.994353,43.394749,-101.839806,53.585362,-70.653940,-22.112427,11.592609,71.032158,-77.348025,59.588951,-91.251029
1.606672,43.482007,7.600101,38.082265,-100.371431,51.606953,-77.756099,-21.813859,11.102154,71.854395,-77.808982,57.569655,-91.319321
1.805925,37.199558,9.319225,41.494072,-103.329827,55.985200,-73.218109,-19.981908,10.313453,69.543513,-79.803884,53.973438,-89.858376
2.024386,40.242051,9.856581,40.929154,-105.201402,56.669383,-71.845119,-17.942914,10.664715,69.744070,-79.906306,52.725598,-89.296179
2.240024,28.986158,9.205087,45.127834,-104.109132,61.558885,-71.172047,-25.870766,10.253201,69.783800,-78.502550,52.154553,-91.640645
2.461125,27.878102,9.686052,44.410336,-101.544959,56.549754,-72.981262,-27.821389,10.254891,71.423346,-77.234791,58.160281,-93.110734
2.635840,25.235158,9.835051,44.652853,-102.620007,59.236995,-71.637371,-30.956102,10.038095,70.956743,-77.214479,55.113142,-93.609418
2.825876,31.436740,10.904512,44.422226,-104.478543,57.253295,-70.071700,-22.450660,9.533456,69.748175,-79.943195,55.530149,-90.646135
3.084924,27.172847,10.899475,42.263922,-98.642903,47.062267,-74.451047,-34.906105,10.662695,74.411668,-71.088768,68.236111,-99.505541
3.316232,23.068936,10.381563,44.229495,-98.362800,50.980532,-74.514904,-38.826510,10.958638,74.541092,-69.990514,66.323803,-100.825674
3.557614,25.829314,10.046214,44.792754,-103.597393,60.068808,-70.687821,-29.332202,10.203067,72.846562,-76.821800,56.186737,-93.853076
3.780918,-7.880430,23.295968,18.292729,-96.151239,37.444033,-63.441568,-22.602871,10.722591,71.335681,-78.399521,50.967732,-91.165310
3.966084,41.557490,23.700721,25.704473,-117.539237,40.130215,-59.617416,-19.951196,26.609805,62.261364,-66.847861,42.969911,-85.247139
4.166201,38.347888,19.816759,26.891173,-111.791875,40.789113,-63.966757,9.108156,13.489696,59.318955,-87.333835,41.874909,-78.437346
4.377183,32.546048,16.487411,25.784557,-106.814428,41.041844,-68.054886,8.692252,11.641033,63.371819,-87.404972,45.839520,-80.363011
4.581313,28.762224,16.283420,27.770203,-106.627200,43.919826,-67.091697,2.226555,10.100856,66.029028,-85.806046,47.651081,-83.402647
4.793697,27.533620,15.887377,26.277408,-104.924660,41.469230,-68.574102,1.209291,9.941295,66.242366,-85.812540,49.113533,-83.610765
4.997624,27.639926,16.609658,26.096771,-105.466035,40.963983,-67.761429,3.017227,9.628422,65.725994,-86.454455,48.728857,-83.326021
5.231037,26.383433,16.292534,26.271522,-104.923493,41.318002,-68.063306,3.052453,10.599066,66.756994,-86.013972,49.728340,-82.761048
5.426177,32.449605,16.567043,26.675259,-106.907261,41.531279,-67.727334,4.914989,9.945495,66.598062,-86.731784,49.417949,-82.767832
5.619836,32.725019,15.699010,26.820993,-106.349598,42.223581,-68.684298,5.252730,9.945509,66.935905,-86.731784,49.417949,-82.767832
5.813462,31.249124,15.227150,28.405238,-105.949976,43.916128,-68.640926,1.967007,9.487518,66.635158,-86.096195,49.124061,-83.815920
6.013139,27.530984,15.418705,25.066637,-104.266650,40.447906,-69.567639,5.171800,9.871631,67.488401,-86.762891,50.301333,-82.839414
6.246670,25.144343,15.379169,23.395115,-103.337275,38.980210,-70.058930,2.465777,10.266420,67.872991,-85.849664,50.638068,-83.286611
6.477057,27.638411,15.992902,24.742583,-104.791859,40.126788,-68.904453,3.792939,10.057003,67.643303,-86.292980,50.320332,-83.079669
6.689775,26.576487,16.050769,20.364126,-103.800149,36.060459,-70.119402,5.944998,9.755927,67.441722,-86.942726,49.932288,-82.785728
6.907100,22.243353,16.646481,18.927164,-102.946913,34.760305,-69.625422,4.282421,9.678694,67.041402,-86.552877,49.447082,-83.204779
7.099574,11.829138,19.464281,8.685907,-100.382750,24.540571,-68.543061,6.342733,9.881977,67.275330,-87.017942,49.766923,-82.585556
7.296579,6.623905,21.211634,2.636368,-99.306811,19.228802,-67.523414,1.747303,9.491121,67.845703,-85.831290,49.655323,-84.079069
7.509243,5.797096,19.657534,-2.258578,-98.174196,14.670254,-69.858364,2.114729,9.036523,67.869190,-86.114931,49.666636,-84.283332
7.762461,4.496520,18.568395,-5.200828,-97.250360,11.942530,-71.284516,3.984046,9.433673,67.954674,-86.399675,49.776175,-83.607593
7.956071,13.532664,18.034009,-1.850028,-99.882723,15.407967,-71.961447,3.752745,9.294189,68.276118,-86.296113,49.639657,-83.844297
8.175171,12.714809,18.292220,1.992087,-99.988618,19.158600,-70.943205,6.000995,9.487777,68.582227,-86.759948,49.961990,-83.226073
8.407009,13.077768,17.863061,4.314689,-99.897492,21.189931,-71.023029,5.633695,9.728972,68.446728,-86.655257,50.165956,-83.079660
8.625338,10.811580,16.443247,14.054536,-99.337051,31.231647,-70.697249,5.321419,9.605363,68.727442,-86.577020,50.330596,-83.282626
8.845180,7.500616,16.411763,19.672476,-98.832275,36.733013,-69.838227,5.751129,9.747141,68.645931,-86.684894,50.466038,-83.042142
9.064959,8.550722,18.727325,24.513065,-101.093836,41.051965,-65.833254,5.751129,9.747141,68.645931,-86.684894,50.466038,-83.042142
9.261480,9.008301,18.727327,24.970583,-101.093836,41.051965,-65.833254,6.416721,9.681446,68.546938,-86.975267,50.815561,-82.855059
9.465042,14.286686,20.092213,13.928946,-102.191246,29.730661,-66.693746,8.157436,9.505657,68.657300,-87.448811,50.794994,-82.610691
9.661916,5.736761,20.947687,-0.025466,-98.665115,16.472206,-68.224388,7.206941,9.326869,68.224133,-87.257675,50.242716,-82.949308
9.853273,8.792892,20.276436,-5.711052,-99.131080,10.656568,-70.036051,7.093575,9.233053,68.664460,-87.259428,50.826242,-83.056936
10.069169,10.347326,19.259774,-8.964614,-99.266619,8.102919,-71.671547,8.624915,9.247058,68.736918,-87.516505,50.291644,-82.802348
10.279388,10.798450,18.535915,-10.672864,-99.096192,6.739164,-72.666809,6.543160,9.278526,68.848467,-86.939447,50.176633,-83.282931
10.472785,10.673110,18.535907,-10.798178,-99.096192,6.739164,-72.666809,6.668413,9.278531,68.973784,-86.939447,50.176633,-83.282931
10.696079,12.527654,18.223323,-10.914410,-99.251301,5.945365,-73.232168,7.655362,9.693513,68.380875,-87.232359,50.281082,-82.599572
10.892762,15.259277,18.995805,6.725932,-101.514478,23.711708,-69.413742,6.146974,9.487751,68.728235,-86.759948,49.961990,-83.226073
11.084209,16.382288,19.265405,7.489447,-102.084227,24.377134,-69.027131,5.495257,9.437417,68.030005,-86.658784,49.243776,-83.350416
11.291264,17.575892,18.946869,7.135807,-102.283828,24.229109,-69.500301,6.182815,9.228071,68.446786,-86.836758,49.457824,-83.409220
11.480119,16.897861,19.202628,7.294697,-102.208212,24.242115,-69.163322,7.139187,9.496579,68.291263,-87.015702,49.428193,-82.972212
11.721230,16.256709,18.968295,6.844542,-101.939488,24.123612,-69.427286,7.402125,9.496571,68.554404,-87.015702,49.428193,-82.972212
11.940699,19.085136,18.982313,8.059977,-102.933538,25.309481,-69.315946,8.106995,9.142313,68.119578,-87.296567,48.856994,-83.069858
12.160614,19.030589,19.127847,8.136339,-102.925165,25.129494,-69.178817,7.866884,9.142325,67.879395,-87.296567,48.856994,-83.069858
12.390768,19.427794,18.982289,8.402631,-102.933538,25.309481,-69.315946,8.180936,9.269227,67.610479,-87.368259,48.691024,-82.873510
12.607809,20.397382,19.119022,8.483725,-103.270507,25.234453,-69.247797,9.064597,9.191537,67.573737,-87.620431,48.737863,-82.733873
12.804736,19.481314,19.510809,8.698764,-103.274406,25.370299,-68.706317,9.041372,9.191545,67.550433,-87.620431,48.737863,-82.733873
13.033359,19.943280,19.364995,9.182105,-103.368422,25.854640,-68.775134,9.793536,9.101693,67.490263,-87.824522,48.670333,-82.647840
13.243381,19.872041,19.365189,8.962230,-103.283497,25.550632,-68.842710,9.482443,9.081649,67.087748,-87.792525,48.368855,-82.689262
13.440877,19.736035,19.128054,8.990244,-103.008459,25.434177,-69.112962,8.861460,8.952478,67.037874,-87.722750,48.535664,-82.883700
13.660239,19.860878,18.982295,8.835702,-102.933538,25.309481,-69.315946,7.857782,9.029816,66.981388,-87.471572,48.488980,-83.022084
13.907993,18.686022,18.996580,8.688121,-102.588118,25.204523,-69.246834,10.087400,8.897907,67.389400,-88.007303,48.883530,-82.702280
14.110785,18.972387,19.086072,8.672724,-102.870335,25.502158,-69.115187,9.371275,8.713964,67.203115,-87.825290,48.333969,-83.033232
14.315073,20.038113,18.837004,8.878765,-102.941444,25.489425,-69.453204,9.129446,8.713976,66.961212,-87.825290,48.333969,-83.033232
14.499451,19.521995,18.982276,8.496851,-102.933538,25.309481,-69.315946,10.160938,8.973266,66.845921,-87.962827,48.000040,-82.646660
14.682558,19.635837,18.982291,8.610649,-102.933538,25.309481,-69.315946,10.465834,9.362178,67.064359,-87.962563,48.336310,-82.260224
14.869314,20.316904,19.074640,8.994312,-103.216316,25.606839,-69.183141,2.172561,9.108019,65.000019,-86.240227,46.348115,-83.991105
15.083532,19.926798,19.273813,9.308747,-102.999855,25.254233,-68.976088,-0.586065,12.776474,56.527411,-84.784924,38.729376,-81.148508
15.288192,19.170649,19.712637,8.917678,-102.971260,24.714174,-68.566224,-12.885846,13.584731,33.176351,-82.800107,15.755825,-80.253502
15.497638,19.975197,19.273623,9.208656,-102.916326,24.949467,-69.041816,-12.341421,12.591004,33.628923,-83.434880,16.236512,-80.923593
15.684211,20.520106,19.365167,9.461331,-103.199070,25.246126,-68.909707,-12.478408,13.050928,39.977901,-82.880734,22.478269,-81.438786
15.881904,21.514834,18.929747,10.055392,-103.224238,25.787130,-69.320054,-12.057580,11.136234,34.716039,-84.206647,17.210777,-82.042968
16.120506,19.232893,18.996601,9.234934,-102.588118,25.204523,-69.246834,-9.445097,12.855742,22.201906,-84.085209,4.725170,-79.046829
16.330128,20.040135,18.939927,9.759885,-102.961962,25.986755,-69.186356,-8.914099,11.432461,20.343182,-84.784962,2.444471,-80.035618
16.541296,19.378471,19.525184,10.037673,-103.184916,26.178597,-68.436817,-6.683335,11.301451,27.102315,-85.176946,9.118927,-80.507823
16.734934,19.446850,19.191321,10.310224,-103.063315,26.608133,-68.712963,-7.039536,11.415413,27.525796,-85.041251,9.454792,-80.492311
16.943335,19.191701,18.809599,9.965114,-102.706967,26.366337,-69.191459,-2.391879,10.480315,18.416147,-86.284488,0.256081,-80.212811
17.134675,19.629439,19.085991,9.625847,-103.038602,26.111006,-68.982229,0.902723,9.311785,9.490169,-87.139469,-8.922697,-80.682354
17.382515,18.603920,18.956783,9.500937,-102.699885,26.186830,-69.053514,6.501166,10.178790,9.543050,-87.819221,-9.042218,-79.708933
17.598612,18.915352,19.191744,9.631335,-102.977592,26.304399,-68.780544,5.907445,10.628047,12.352181,-87.620418,-6.266079,-79.378227
17.787041,19.400082,19.279792,9.966808,-103.351356,26.904679,-68.574333,7.330520,10.946475,12.645931,-87.752518,-6.314735,-79.036323
17.996597,19.301716,18.897818,9.768448,-102.992275,26.664150,-69.055596,8.047946,9.414417,8.898324,-88.187284,-9.980230,-80.443126
18.260319,20.856855,18.740067,10.004377,-103.261014,26.644598,-69.325395,13.309461,10.357881,1.749916,-88.971624,-16.947154,-79.391017
18.482208,21.672541,18.686403,9.032872,-103.130192,25.165481,-69.790738,9.199770,11.422369,4.915632,-88.168977,-13.140066,-78.301893
18.701403,21.819130,18.687486,9.477870,-103.294048,25.775125,-69.657867,12.489013,11.626135,7.073409,-88.780741,-11.235210,-78.199485
18.894883,21.721925,19.213837,9.667403,-103.638098,25.835258,-69.045996,12.833341,11.552559,7.881752,-88.863119,-10.427368,-78.297522
19.101196,21.089420,19.263674,9.460574,-103.345325,25.358574,-69.044580,13.509271,11.255217,7.952630,-89.087769,-10.072622,-78.623008
19.319317,21.879882,18.879619,9.825907,-102.834224,24.506899,-69.646098,15.092691,11.055688,7.635665,-89.674919,-9.098780,-78.899825
19.504761,19.210189,19.003237,8.901345,-101.838425,23.138914,-69.608538,16.932525,10.931031,9.066922,-90.142577,-7.131764,-79.089856
19.699592,21.109498,18.549385,9.529450,-102.288102,24.089928,-70.036618,16.112262,11.009391,8.561349,-89.920326,-7.955239,-78.982162
19.889201,21.956960,18.880344,10.052008,-102.915503,24.812384,-69.581437,15.390666,10.737029,7.758685,-89.722694,-9.075124,-79.225002
20.075743,21.873035,18.735277,9.679219,-102.842538,24.686943,-69.783372,17.426816,10.808324,8.307445,-90.066293,-8.775105,-79.204270
20.267905,21.569170,18.879621,9.515187,-102.834224,24.506899,-69.646098,18.211751,10.810381,8.334645,-90.215250,-8.761777,-79.226748
20.499974,21.453528,18.880924,9.697477,-102.997258,25.117388,-69.516222,17.779739,10.775428,8.443433,-90.046372,-9.094744,-79.234277
20.694882,20.900716,18.836646,9.592676,-102.859109,25.184422,-69.518741,17.852228,10.950590,8.737538,-90.032591,-8.947306,-79.056789
20.892792,21.142483,18.836627,9.834404,-102.859109,25.184422,-69.518741,17.610487,10.950613,8.495809,-90.032591,-8.947306,-79.056789
21.132431,21.610487,18.736624,9.714594,-103.005093,25.297266,-69.653253,17.821978,10.742492,8.268641,-90.026617,-9.414160,-79.264177
21.383260,22.281776,18.543057,9.492932,-103.137575,25.345789,-69.927931,19.688799,10.757983,8.220034,-90.330677,-9.752538,-79.305161
21.615415,21.286066,18.258217,9.407799,-102.886989,25.904085,-70.069587,17.909939,10.357540,8.467391,-89.888381,-10.043730,-79.625859
21.832077,21.216353,18.402909,9.634372,-102.962343,26.028981,-69.865783,17.838886,10.357517,8.396402,-89.888381,-10.043730,-79.625859
22.099104,20.967950,18.402906,9.386003,-102.962343,26.028981,-69.865783,18.087199,10.357513,8.644773,-89.888381,-10.043730,-79.625859
22.306916,20.427070,18.458872,10.495894,-103.010730,27.203390,-69.469250,16.128484,10.430637,8.229119,-89.510150,-10.516143,-79.493264
22.530956,19.636028,18.515891,10.153124,-102.719706,26.725202,-69.467776,16.172938,10.497657,8.698346,-89.548139,-9.877168,-79.436485
22.747932,20.456226,18.458962,10.377544,-102.926690,26.899611,-69.536848,16.037036,10.464198,8.350039,-89.529066,-10.196777,-79.464925
22.939451,20.793987,19.030826,10.213814,-103.246903,26.284207,-69.050965,17.907282,10.039491,8.227494,-89.938901,-10.019475,-79.952345
23.159046,20.765947,19.176320,10.465316,-103.324445,26.407836,-68.845894,18.871579,9.693235,7.869149,-90.122391,-10.297529,-80.331659
23.380988,20.218695,18.897436,10.832766,-103.077533,26.967701,-68.987764,17.018472,9.824743,8.129814,-89.780987,-10.133697,-80.141370
23.605969,21.231108,18.695157,11.127729,-103.292273,27.321896,-69.192478,16.446901,10.603789,7.963200,-89.644371,-10.352112,-79.340351
23.846353,22.081047,18.595082,11.087307,-103.267357,26.824714,-69.462823,16.601872,11.135769,7.582113,-89.751219,-10.262572,-78.824910
24.065231,22.215782,18.450391,10.929198,-103.189589,26.700837,-69.668483,16.665248,10.960115,7.438752,-89.766729,-10.410403,-79.002439
24.262456,23.257988,18.448756,10.762474,-103.452667,26.502509,-69.800972,19.134027,11.016633,7.109731,-90.245464,-10.784667,-79.034195
24.479152,23.325048,18.640647,10.534544,-103.584354,26.253353,-69.659812,19.260392,10.842294,6.983531,-90.262204,-10.931781,-79.212738
24.689364,23.689651,18.497830,10.594353,-103.508190,26.129652,-69.864793,18.938329,11.016626,6.914099,-90.245464,-10.784667,-79.034195
24.907178,23.669770,18.497815,10.574525,-103.508190,26.129652,-69.864793,18.856919,11.191057,7.079935,-90.229197,-10.637496,-78.855774
25.130456,24.042559,18.454058,10.337898,-103.715925,26.304638,-69.934308,19.291435,10.983505,7.046829,-90.225560,-11.103395,-79.064423
25.326071,22.828684,18.448918,10.482409,-103.535893,26.806603,-69.732393,18.473632,11.261757,7.007327,-90.000575,-11.462773,-78.740665
25.546588,22.754152,18.448930,10.407813,-103.535893,26.806603,-69.732393,17.849676,11.076184,7.276720,-89.863730,-11.254925,-78.900339
25.781810,22.513521,18.448935,10.167232,-103.535893,26.806603,-69.732393,18.168758,10.900915,7.371505,-89.880960,-11.402554,-79.078476
25.996750,22.778334,18.066439,10.277208,-103.180034,26.563639,-70.211926,17.635432,11.076168,7.062369,-89.863730,-11.254925,-78.900339
26.205359,22.680589,18.065821,10.030652,-103.098723,26.258951,-70.278864,19.318030,11.157853,7.321813,-90.208751,-10.956265,-78.885953
26.402137,22.515956,18.066429,10.014936,-103.180034,26.563639,-70.211926,18.768038,11.111698,7.675774,-90.034304,-10.920064,-78.897129
26.629430,22.731147,18.066440,10.230117,-103.180034,26.563639,-70.211926,18.744034,10.970274,7.635177,-90.070889,-10.748882,-79.045434
26.826655,22.108960,17.970893,9.924003,-102.898089,26.263611,-70.345835,18.818903,11.211453,8.376609,-90.096053,-9.964025,-78.807838
27.047613,22.599452,18.161701,10.864670,-103.117708,26.756727,-70.012034,17.761657,11.234887,8.648845,-89.963868,-9.291074,-78.761626
27.238114,21.506816,18.121390,10.851714,-102.710369,26.586190,-70.010207,17.096352,10.943450,9.119361,-89.879009,-8.594532,-79.041406
27.493364,21.010482,17.506094,11.348084,-102.240753,27.264744,-70.509768,14.784229,10.769571,9.670350,-89.435864,-8.050544,-79.168058
27.716928,20.507014,17.228410,11.537441,-101.820343,27.209863,-70.791488,13.902467,10.491800,9.661885,-89.350109,-7.719073,-79.442809
27.944268,20.482208,17.609848,11.595305,-102.177299,27.459805,-70.312054,14.967581,10.835980,10.267394,-89.476748,-7.410797,-79.111157
28.173129,22.801007,17.541263,12.457693,-102.893981,28.351081,-70.308955,15.642874,10.944558,9.554952,-89.576493,-8.254522,-79.004889
28.369905,22.065883,18.022564,11.705509,-103.024863,27.742106,-69.884252,18.039650,11.476452,9.562570,-89.994053,-8.504748,-78.524961
28.589667,22.284859,17.733052,11.473512,-102.949019,27.797657,-70.229847,18.514394,11.158821,9.831210,-90.040273,-8.480137,-78.849461
28.800621,22.370986,17.780219,10.792216,-102.925055,27.120438,-70.357559,17.844981,10.800957,9.876675,-89.912210,-8.422560,-79.188814
29.005431,21.505415,18.123097,11.759406,-102.880753,27.633040,-69.752043,10.790773,10.825109,4.963494,-88.634352,-12.805690,-78.955787
29.226296,21.028080,18.415148,11.852890,-103.041029,27.880583,-69.338035,12.603433,10.330546,-13.466001,-88.842614,-31.486700,-79.114001
29.417078,23.077561,18.114704,12.250551,-103.227894,27.738463,-69.813372,5.115347,11.622030,-16.782828,-86.996413,-34.057195,-76.963201
29.633905,21.392555,18.076931,11.205691,-102.570502,26.654841,-70.015801,25.494732,11.182883,-9.040583,-91.746395,-26.597670,-79.709556
29.854616,22.297881,17.640188,11.522462,-102.502285,26.888185,-70.499054,17.513994,10.876688,-34.250921,-90.073578,-51.525532,-79.183314
30.074583,23.455547,17.443357,11.882710,-102.710589,27.244121,-70.709685,29.959910,11.875936,-37.983206,-94.569326,-55.431384,-82.173388
30.331191,22.742783,17.587998,11.479016,-102.788384,27.369180,-70.503654,30.160864,12.051504,-33.952955,-94.150497,-51.972903,-81.492326
30.541355,23.775713,17.731674,11.711882,-103.212896,27.600737,-70.359153,30.343112,13.381039,-31.071502,-94.376755,-49.219308,-80.241120
30.796806,24.975875,17.401939,11.923506,-103.424983,28.138014,-70.704696,29.349059,13.766382,-30.652025,-94.024805,-49.108485,-79.529882
31.028484,26.283310,18.048974,11.140230,-104.160379,27.258310,-70.337857,32.935336,14.518317,-30.586847,-95.565799,-49.187593,-80.154675
31.254073,25.413766,17.702475,10.397669,-103.436797,26.230667,-70.886065,31.938934,14.664622,-32.059326,-95.525843,-50.220539,-80.012228
31.489358,25.608541,17.150312,8.312720,-102.994792,24.684818,-71.946718,32.281577,14.627262,-31.957974,-95.527664,-50.503689,-80.064676
31.707200,20.187417,18.977409,-5.685892,-101.875419,10.776809,-72.669453,32.281577,14.627262,-31.957974,-95.527664,-50.503689,-80.064676
31.937341,11.304697,20.053100,-20.040654,-99.791159,-3.139225,-72.943749,27.369049,13.136041,-34.300861,-93.374645,-52.854042,-79.713234
32.177590,9.057563,21.137535,-14.324298,-99.531290,2.296323,-70.652923,26.787805,13.067758,-33.347618,-93.111061,-51.768669,-79.519098
32.367942,6.323047,17.818599,-7.933515,-97.459429,9.351266,-72.505727,19.500443,11.950504,-33.140894,-90.361610,-51.578187,-78.337096
32.559946,14.713534,17.409628,-12.392953,-99.484723,4.878911,-74.494145,22.485375,13.114094,-33.494753,-91.450893,-52.145412,-78.063462
32.785455,11.635569,18.151114,-27.195915,-99.225276,-9.476393,-75.755780,25.423663,12.519633,-33.630233,-92.339570,-52.620089,-79.421467
33.011270,3.568878,19.704134,-49.453554,-98.543998,-31.961465,-76.169580,23.908653,12.549070,-33.914225,-91.967894,-52.403758,-79.069163
33.200148,-7.366338,21.314870,-48.204657,-94.379357,-31.103296,-71.265297,22.251101,13.821233,-34.274851,-91.760488,-52.112094,-77.612065
33.433272,4.721597,21.355179,-23.006307,-98.188843,-6.211795,-71.079164,22.202734,13.731383,-33.046097,-91.536090,-51.303795,-77.502800
33.699636,7.334014,21.620487,-20.826085,-99.350041,-3.625406,-71.002881,22.156209,13.647424,-33.251002,-91.301778,-52.103396,-77.405098
33.896821,7.659888,21.412276,-19.900411,-99.334865,-2.778522,-71.091608,22.819237,13.326538,-33.156061,-91.547098,-51.933296,-77.927328
34.115660,8.965137,21.330624,-19.150047,-99.908093,-1.538431,-71.278437,22.726866,13.241283,-33.402186,-91.315428,-52.733458,-77.831363
34.319782,9.647243,21.469590,-19.393010,-100.163893,-1.915137,-71.325148,24.175422,13.266445,-33.606836,-91.907967,-52.875536,-78.306352
34.516010,10.497876,21.480331,-19.593437,-100.456820,-2.114428,-71.514082,26.269049,13.440719,-34.198586,-92.765461,-53.541261,-78.885156
34.736251,11.535181,21.510467,-19.447124,-100.809596,-1.996695,-71.664967,26.690808,13.295137,-34.313005,-92.901623,-53.673718,-79.154898
34.948338,11.346654,22.011772,-19.603951,-100.875926,-2.566153,-71.229557,28.317633,13.244599,-34.629015,-93.650542,-53.658685,-79.873959
35.154676,12.430834,21.895094,-18.498923,-100.973695,-2.072620,-71.330148,27.283989,13.386384,-35.104558,-93.512254,-53.527776,-79.602055
35.375454,10.412652,23.232624,-18.296491,-101.110040,-1.475150,-69.750290,27.138626,11.971550,-35.083719,-92.932897,-54.035665,-80.527725
35.565591,13.253421,22.921978,-18.135619,-101.941315,-1.367612,-70.573570,28.044740,12.778203,-35.373087,-93.489855,-54.364310,-80.221380
35.775194,10.211011,22.948262,-19.866302,-101.006648,-2.721890,-70.256815,22.495997,12.218258,-36.684241,-91.292697,-55.817258,-78.874621
36.003643,14.771351,21.663785,-18.843352,-101.517652,-2.742731,-72.072978,24.206428,13.902052,-36.433377,-92.596810,-54.508208,-78.295255
36.233541,16.407313,20.292141,-19.785420,-101.165396,-3.950618,-73.705377,26.278410,15.259873,-36.320835,-93.947015,-53.996603,-78.110131
36.447069,14.158483,21.790478,-19.301927,-101.480646,-2.921138,-71.933662,30.140433,13.327470,-36.011877,-94.700663,-54.441457,-80.779474
36.645911,15.995908,23.582577,-17.454799,-103.190871,-0.963139,-70.495977,36.583811,11.564678,-36.026026,-96.135976,-54.977199,-84.009167
36.856729,16.148376,23.444825,-17.606506,-103.165642,-1.097534,-70.677926,36.881355,12.373286,-35.887341,-96.649702,-54.857394,-83.670522
37.042737,16.804374,23.332670,-16.933987,-103.264686,-0.602341,-70.767302,34.530731,12.834280,-35.824445,-96.052103,-54.638751,-82.587605
37.256044,16.181371,22.757570,-17.151654,-102.718690,-0.773879,-71.140525,33.424096,12.819224,-35.714053,-95.639199,-54.434908,-82.193912
37.495662,15.871125,22.467426,-16.761957,-102.500155,-0.217618,-71.224702,33.027192,12.229632,-35.519982,-95.188074,-54.338873,-82.365104
37.755409,15.683097,22.618643,-16.480512,-102.588083,0.232960,-70.998103,32.206467,12.726765,-35.276919,-95.013901,-54.315834,-81.685865
37.978117,15.392228,21.793952,-16.621178,-102.108269,0.416708,-71.648696,29.334859,12.983228,-35.171195,-93.967146,-54.362726,-80.448456
38.194233,16.529742,21.443762,-17.168384,-102.438236,0.445462,-72.290361,35.751328,14.717643,-38.300083,-97.711587,-58.127929,-82.404191
38.391340,15.314365,20.704071,-15.469160,-101.518091,1.781270,-72.307783,26.781561,13.125119,-36.489604,-93.109051,-55.694569,-79.561349
38.619275,12.931403,18.886898,-13.780735,-99.808798,3.516894,-73.158166,19.640690,13.986504,-37.037384,-90.384025,-55.809929,-76.335050
38.827226,11.047774,19.558135,-12.715521,-99.479769,4.126476,-72.108908,24.795046,13.726023,-38.047676,-92.776398,-56.529457,-78.676645
39.019082,9.279000,18.693648,-8.918990,-98.489245,7.632013,-72.107442,18.563977,13.376308,-39.208989,-90.293744,-57.100600,-76.873525
39.243555,0.437645,17.572881,7.322293,-96.210950,24.890634,-70.701800,20.122318,13.294503,-39.039028,-90.686922,-57.600922,-77.292722
39.475613,1.322017,17.576479,8.871222,-96.134772,25.264720,-70.665936,23.345003,13.458372,-37.018277,-92.404861,-54.491493,-78.573123
39.662170,1.266729,17.576480,8.816019,-96.134772,25.264720,-70.665936,21.575284,13.142746,-38.082759,-91.682168,-55.568901,-78.280882
39.877803,-0.238992,17.875203,9.250209,-95.863853,25.980052,-70.316240,23.734040,12.828367,-37.118687,-92.348713,-54.886042,-79.165512
40.060634,10.565723,19.975289,9.879830,-100.376040,25.810101,-67.697931,23.986362,12.874304,-35.548072,-92.325069,-53.440351,-79.069193
40.291597,10.316807,19.821896,9.297312,-100.213078,25.377097,-67.957198,22.001179,12.181028,-33.937750,-91.412478,-51.887718,-78.963344
40.489295,7.572150,19.743139,10.390393,-99.386969,26.722392,-67.803292,23.953028,12.438149,-34.169981,-92.103044,-52.256600,-79.293018
40.703545,10.852431,21.624963,25.649488,-103.558899,40.968438,-61.839286,27.220609,11.726561,-34.854921,-93.142370,-52.852008,-80.933482
40.923890,8.530208,19.053437,20.070745,-100.227513,35.961466,-66.720377,25.647787,12.333842,-34.795277,-92.824144,-52.524938,-80.028611
41.140721,9.237144,19.481777,11.674894,-99.683622,27.373061,-67.959265,29.386656,12.871102,-34.516158,-94.331690,-52.091852,-80.824372
41.349863,10.080137,21.798698,3.392150,-100.473063,18.890355,-67.054463,28.860170,12.544071,-34.971198,-94.044917,-52.666649,-80.914303
41.583980,7.593994,23.285715,-2.267352,-100.108369,13.640920,-66.370696,28.429243,11.679177,-35.225706,-93.533246,-53.342275,-81.347910
41.771989,7.041847,23.622903,-6.855050,-100.039648,9.473632,-66.771553,28.832876,11.679143,-34.822003,-93.533246,-53.342275,-81.347910
41.979980,9.119572,23.155077,-1.167147,-100.769725,14.877597,-66.399455,30.229821,11.087577,-35.297020,-93.875006,-53.664234,-82.274819
42.208119,8.724119,21.998941,3.805984,-100.221804,19.599435,-66.658811,25.746257,11.297693,-34.726417,-92.565823,-52.623922,-80.850350
42.425860,12.409499,20.918013,4.022405,-101.110688,20.043231,-67.912247,28.147265,12.069086,-34.502878,-93.470105,-52.719322,-80.876905
42.613881,15.904737,21.648354,3.351269,-102.645055,19.170847,-67.587626,32.599979,12.948730,-35.906198,-95.489932,-54.308965,-81.911668
42.803920,15.151214,20.991624,3.223666,-102.019912,19.188315,-68.213169,30.986539,12.589564,-35.890671,-94.756169,-54.235907,-81.580194
42.997834,17.086996,21.028747,4.535876,-102.580213,19.952191,-68.119863,29.661821,13.307195,-36.083459,-94.657770,-53.997527,-80.745136
43.186342,19.082902,21.577827,4.547562,-103.707912,20.153720,-67.712749,34.953734,13.326475,-36.930096,-96.730115,-55.302737,-82.768238
43.374272,17.493638,20.535764,4.323213,-102.412237,19.831805,-68.706920,28.994197,12.744389,-36.452210,-94.252362,-54.342911,-80.954109
43.587197,16.810845,20.111305,3.957110,-101.958254,19.648956,-69.145539,30.166552,12.739171,-35.420992,-94.557435,-53.386093,-81.211995
43.808128,19.086076,20.659234,3.849844,-102.923453,19.247316,-68.862936,31.588531,13.314869,-36.511744,-95.464230,-54.413376,-81.513215
44.017609,20.326828,20.802486,3.046170,-103.434940,18.663731,-69.024027,34.821134,13.761152,-35.925110,-96.764447,-54.158072,-82.303026
44.251106,18.028822,22.005238,3.516093,-103.486480,18.996936,-67.438981,37.403610,11.930598,-36.385227,-96.803656,-54.596386,-84.284445
44.511753,17.708980,21.198649,3.946594,-103.042114,19.814916,-68.076837,37.555117,12.173953,-35.663346,-96.834838,-54.107070,-84.040670
44.734843,17.604830,19.965990,4.637518,-101.973037,19.828577,-69.282193,32.759827,12.737488,-36.092022,-95.699775,-53.561709,-82.305180
44.971121,19.006132,20.048113,4.639186,-102.507193,19.921681,-69.312887,33.876506,13.167994,-36.396971,-96.312612,-54.061376,-82.473703
45.181269,17.552737,20.386876,3.967774,-102.270238,19.395552,-68.959792,31.231773,12.741259,-32.745253,-94.702223,-50.542949,-81.243832
45.393419,18.022435,20.386865,4.437423,-102.270238,19.395552,-68.959792,30.535654,12.029917,-34.440846,-94.485756,-51.738646,-81.817088
45.603562,17.585390,19.432636,4.250461,-101.595483,19.453318,-69.917832,32.230381,12.603603,-27.344772,-94.589113,-44.731600,-81.053453
45.789611,19.123385,19.424506,4.937926,-102.012832,19.870702,-69.947839,21.015091,9.820049,-15.172793,-90.824122,-32.151891,-80.645293
45.992528,21.430484,17.600571,4.867586,-101.452030,19.867650,-72.048281,2.503842,3.194619,-4.786782,-89.159823,-21.458421,-86.597672
46.179792,18.580127,17.478187,5.660278,-100.650916,20.638300,-71.768591,8.521979,7.606246,0.671737,-88.896665,-15.826300,-82.169260
46.395928,18.415926,19.349465,5.700718,-102.044228,21.223946,-69.710642,-1.528989,6.988967,11.239414,-87.711034,-6.147212,-83.147652
46.599568,18.892652,17.780412,11.683146,-102.074833,28.087651,-69.913156,5.075888,9.197199,0.006428,-87.799335,-18.095978,-80.360518
46.809595,25.057480,16.773264,13.205075,-103.104614,29.426364,-71.076067,5.444318,10.027698,-1.927310,-87.673939,-19.836002,-79.424392
47.032426,28.161862,16.653707,10.318828,-103.216856,26.079579,-72.315936,9.828716,11.142333,-5.928048,-88.369139,-23.373008,-78.312757
47.282369,28.254794,15.919141,8.036429,-102.590861,24.460652,-73.572573,12.333903,11.473424,-6.129870,-88.751828,-24.082339,-78.075609
47.468819,29.248795,16.614247,8.774229,-103.333527,24.776635,-72.838724,14.289641,11.720843,-6.572504,-89.213102,-24.317982,-77.979143
47.702353,34.367925,16.715100,10.623131,-104.642849,26.284932,-72.922392,14.092597,11.720838,-6.769483,-89.213102,-24.317982,-77.979143
47.919084,37.649536,16.867400,11.162741,-105.106068,25.599690,-73.261111,16.278761,11.049693,-7.670876,-89.967496,-24.100995,-78.939440
48.128392,36.250913,15.476135,8.478453,-103.362835,23.311480,-75.100440,21.861602,12.577212,-8.964728,-91.307922,-25.520815,-78.043257
48.385659,37.652635,14.150411,8.525746,-102.262621,22.770202,-76.606083,4.586992,16.677765,-15.728285,-86.350587,-30.793538,-71.743616
48.574845,39.126434,13.873212,7.936651,-102.226639,22.321664,-77.186853,10.304653,16.748381,-10.592442,-88.287164,-26.007891,-72.571740
48.768974,38.397019,13.993871,7.742772,-102.285410,22.452981,-76.989466,10.598570,16.530799,-10.698031,-88.284438,-26.466616,-72.776428
48.996416,39.003683,14.503476,8.738417,-102.915081,23.337836,-76.371926,10.391910,15.647685,-11.454048,-88.296772,-27.248609,-73.646398
49.212835,34.535964,14.189252,8.119060,-101.793345,22.595775,-76.241919,10.801349,16.084556,-10.716124,-88.460605,-26.299441,-73.293474
49.429238,35.681605,14.898829,8.538571,-102.766138,23.421907,-75.559010,11.446857,15.908542,-10.282192,-88.496116,-26.449245,-73.479557
49.721667,35.470077,14.703458,8.796831,-102.749879,24.279174,-75.590354,14.625369,15.515699,-14.059989,-89.275844,-30.919677,-74.126707
49.962254,33.721088,14.419682,8.534072,-102.267972,24.395691,-75.671538,12.135716,16.408192,-19.842557,-88.191406,-36.881781,-72.570698
50.183516,33.511812,14.435514,9.474394,-102.199221,24.832956,-75.468665,14.366589,16.876285,-19.490192,-89.137195,-36.148362,-72.631105
50.391849,32.803882,14.688710,9.379208,-102.202791,24.474267,-75.186113,13.123648,16.978534,-18.872394,-88.780453,-35.251105,-72.348300
50.582025,33.200146,14.553176,9.161176,-102.074143,24.034835,-75.444901,14.839671,15.441447,-14.193224,-89.555632,-30.417065,-74.340582
50.792246,35.173125,14.608089,11.226284,-102.714024,26.132778,-75.120717,13.119062,14.418272,-9.086194,-89.098256,-25.371258,-75.220281
51.008541,36.019671,14.807928,11.078373,-103.056872,26.073108,-75.046132,7.376108,12.174709,9.554688,-88.064098,-6.766602,-77.750101
51.251999,39.675638,14.738541,11.174158,-103.597533,26.060714,-75.586398,7.673435,13.202023,10.009835,-87.996548,-6.183810,-76.733072
51.447780,37.251581,15.036583,9.137308,-103.286868,24.222278,-75.465983,13.002570,14.523466,-3.202350,-89.035202,-19.709032,-75.181337
51.645072,36.872443,14.782630,8.587906,-102.961741,23.783300,-75.783862,14.671052,14.732650,-3.664299,-89.457843,-20.267236,-75.090475
51.846790,36.172195,14.128726,9.330514,-102.341044,24.566196,-76.141831,12.370986,15.127108,-3.997659,-88.824155,-20.442525,-74.503790
52.062223,36.768212,13.558804,9.894056,-101.988200,25.159380,-76.639077,11.124486,14.904445,-4.218668,-88.516216,-20.562862,-74.640123
52.310962,35.476421,13.353057,9.667521,-101.646148,25.213835,-76.711711,9.578898,14.861226,-3.646288,-88.039818,-20.166168,-74.577016
52.543324,35.966053,13.077746,11.339276,-101.530479,26.440421,-76.716872,7.307441,14.478647,-4.070726,-87.615446,-20.071867,-74.875637
52.768823,33.146728,13.332932,9.994769,-101.289703,25.590425,-76.400056,8.659361,14.721300,-2.742452,-87.813613,-19.270198,-74.701496
52.993385,33.923906,14.493976,10.647662,-102.580107,26.437339,-75.119703,12.406732,14.299889,-2.730319,-88.728098,-19.830617,-75.320022
53.190674,33.541641,14.218850,11.282472,-102.421742,27.357745,-75.167738,11.467051,13.727918,-2.925841,-88.474987,-20.252706,-75.819755
53.391070,33.974806,14.293212,11.046281,-102.498977,26.986800,-75.214349,11.304372,13.904972,-2.907196,-88.447701,-20.102882,-75.638857
53.593608,34.524755,14.163600,11.120382,-102.428059,26.858553,-75.418645,11.621090,14.088399,-3.339711,-88.566373,-20.318977,-75.479062
53.807171,38.494105,13.129183,10.396847,-102.138503,26.558623,-77.052506,12.197303,15.759201,-3.304727,-88.495990,-20.493016,-73.778033
54.004054,38.965596,13.210175,10.036515,-102.163520,25.880539,-77.153191,11.288836,15.534489,-3.734480,-88.347668,-20.588135,-73.962034
54.230157,40.165996,12.716358,9.898212,-101.712394,25.171845,-77.871400,10.824386,15.789472,-3.632127,-88.390380,-19.811569,-73.738199
54.460319,40.864424,13.592453,9.136372,-102.499522,24.162640,-77.342289,14.033069,15.916462,-4.411764,-89.339110,-20.611156,-73.864912
54.669668,36.682274,14.629588,10.807488,-102.735429,24.956620,-75.481433,14.082144,14.283434,-4.519292,-89.597148,-20.085775,-75.585431
54.907353,35.253582,13.846980,10.110353,-101.918171,24.990904,-76.168123,12.298916,14.460758,-4.667201,-88.962576,-20.727027,-75.206296
55.104370,35.750899,14.227644,10.518549,-102.572277,26.055468,-75.669336,10.420448,14.155176,-4.389035,-88.290891,-21.134846,-75.319051
55.319595,30.640032,13.925348,10.403634,-101.483607,26.305536,-75.408231,11.613918,13.873564,-3.736382,-88.565630,-20.782049,-75.683490
55.568719,31.444514,14.042756,10.954912,-101.813858,26.926120,-75.227904,11.188177,13.522538,-3.954071,-88.462992,-21.108480,-76.001014
55.789820,34.470770,13.457048,11.062586,-101.611384,26.214265,-76.226203,8.262267,13.662910,-4.400881,-87.951981,-20.565936,-75.752503
56.008439,35.744652,12.578594,9.114374,-100.530983,22.936231,-77.793846,11.025596,15.227466,-4.394115,-88.935692,-19.111928,-74.458868
56.201094,36.367314,13.291046,9.794451,-101.300715,23.600352,-77.031191,10.386721,14.977677,-5.093170,-88.738517,-19.911929,-74.640985
56.413949,36.625374,13.986897,10.866454,-102.627169,26.722868,-75.891733,14.092246,14.177172,-6.106947,-89.159286,-23.255126,-75.513820
56.629377,46.979934,13.985774,7.522182,-103.577956,22.810835,-78.318531,11.956624,16.104447,-7.037992,-88.607404,-23.417695,-73.393833
56.847245,41.868284,13.044493,5.775349,-101.969148,21.523465,-78.691234,12.468235,15.791862,-6.728910,-88.701966,-23.406368,-73.738636
57.037756,39.680360,13.972179,11.488259,-103.220891,27.516943,-76.113825,13.097717,14.974365,-5.863613,-88.777321,-23.162349,-74.588292
57.274002,41.754323,14.124692,12.530499,-103.752522,28.322506,-75.996817,11.954698,14.595141,-5.629075,-88.548719,-22.724499,-74.906701
57.469348,37.114436,13.291235,10.786678,-102.192326,27.187741,-76.603397,12.297296,14.771736,-5.088670,-88.518218,-22.574755,-74.723813
57.690457,38.381117,14.003914,11.202002,-103.149067,27.707812,-75.924946,13.584150,14.974391,-5.377480,-88.777321,-23.162349,-74.588292
57.887075,39.321042,13.769333,11.397424,-103.134848,28.067244,-76.209457,8.563076,15.401703,-3.097144,-87.311114,-20.806334,-73.846614
58.144435,39.299459,13.397291,10.630305,-102.725043,27.497271,-76.748305,-0.798760,18.265335,20.272164,-84.143268,2.975933,-72.973905
58.339215,40.521061,13.299722,10.532322,-102.910880,27.863584,-76.972458,1.993847,15.589212,78.375515,-81.140035,60.029324,-82.726634
58.540163,40.109379,14.105005,11.584709,-103.489289,27.829681,-75.985732,-4.114603,17.453221,83.255000,-74.306494,65.658621,-88.090433
58.756796,37.380484,13.567341,9.765772,-102.241916,25.652372,-76.665550,3.132885,14.778351,78.910178,-82.431059,61.978004,-82.337427
58.952335,37.099343,13.083690,6.609719,-101.488137,22.651538,-77.794614,0.350115,15.154767,77.759970,-81.065367,60.845251,-83.286111
59.148683,41.524532,14.858210,13.463957,-104.463611,28.834588,-75.027600,2.816435,14.486693,80.123904,-82.139490,63.313649,-82.973595
59.368551,33.667356,13.075580,9.663019,-101.217668,25.637132,-76.745236,1.335578,12.409318,80.439671,-82.474076,63.449138,-84.788929
59.598327,37.776834,14.372209,12.133310,-103.367998,28.088138,-75.304151,2.402379,13.596293,78.841920,-82.623280,61.577937,-83.352976
59.831026,42.668443,12.285236,26.934533,-104.903371,43.668789,-73.549175,2.012845,13.809473,79.370152,-81.996356,61.302504,-83.757072
60.050843,33.773156,9.544658,41.374743,-104.240987,58.075849,-71.887071,0.561595,13.847670,80.031116,-81.168312,62.340857,-84.596360
60.288869,52.071047,4.162258,56.325493,-104.286346,73.929616,-74.835893,6.646561,11.337691,79.039210,-85.364346,61.055750,-82.944476
60.487496,-38.619252,8.459550,83.327124,74.927487,78.360458,112.688672,4.128822,9.493396,79.566615,-85.274733,61.953214,-84.942424
60.680264,-57.009891,7.974330,86.228078,72.504569,73.574655,113.141018,9.053220,9.852321,79.819617,-86.465665,60.715827,-83.384956
60.873377,-30.787717,14.415696,110.967449,85.392714,49.811064,107.637317,1.916242,9.698113,77.999915,-84.505505,59.351982,-85.443863
61.088085,-16.872059,23.037891,124.851765,91.253680,35.886688,112.284048,14.493599,12.204559,72.619312,-88.246733,53.258756,-79.247379
61.347358,-13.452228,24.574458,131.890155,93.245542,28.363514,112.877441,17.832201,9.000208,74.514619,-89.334089,54.219949,-81.550630
61.540508,-10.954220,22.187568,117.226469,94.787406,43.119423,108.650713,27.523971,9.212515,76.735584,-92.105488,56.396186,-79.109005
61.736594,-11.691751,12.861518,102.178029,92.887170,59.718044,100.288904,18.191103,10.563238,75.805142,-89.985708,57.573153,-79.451087
61.955324,16.602146,11.666664,117.166412,99.328769,45.290132,93.021026,18.758286,13.205180,74.406934,-90.433267,56.664159,-76.437234
62.169477,18.078987,14.808453,117.584032,102.142088,45.622518,93.459777,13.706111,11.665856,73.694484,-88.768856,56.708593,-79.384966
62.399687,19.567936,15.006822,119.552669,102.402988,42.847824,93.510772,17.802298,11.909844,75.938324,-89.970488,58.062761,-78.117511
62.635401,19.405474,13.092765,119.484087,100.822376,42.419724,93.078457,17.064960,11.599622,77.220104,-89.514982,58.935457,-78.820829
62.858300,17.395771,12.265599,121.450885,99.442597,39.820716,93.852016,19.162423,9.518812,78.236460,-90.062394,59.263245,-80.429864
63.068424,18.289786,13.191265,122.389756,100.196106,39.314237,94.120848,18.520188,8.810439,79.146516,-89.982316,60.568781,-81.207203
63.290406,18.852226,13.135194,122.011409,100.296612,40.181789,93.883099,20.146705,9.674904,79.512094,-90.728623,61.408673,-79.693753
63.484933,20.274245,12.811375,122.731965,100.233933,39.812224,93.570593,14.704287,10.369902,79.371663,-88.862723,61.716592,-80.647819
63.711666,21.993415,12.152746,121.519713,100.257775,40.965417,92.644941,14.602338,10.960537,79.471767,-88.756145,61.830731,-80.153921
63.919974,21.560489,12.902526,120.530954,100.955537,41.985572,92.684995,16.013368,11.149616,79.343961,-89.323146,61.701151,-79.453226
64.122667,19.901376,13.659911,120.252515,101.251787,42.061133,93.276655,16.902783,10.458247,79.121302,-89.615105,61.213952,-79.882988
64.322237,17.820647,13.496389,119.130138,100.801923,42.946854,93.584974,18.023027,9.919040,79.983740,-89.946869,61.816954,-80.130072
64.517802,16.684191,13.610707,118.229285,100.753940,43.825523,93.743064,14.850575,10.238838,80.028570,-88.738555,61.878700,-80.893128
64.737749,13.384374,15.870587,115.112990,102.183029,46.599990,94.640291,13.621561,10.747379,80.076982,-88.044794,61.524526,-81.013796
64.930928,12.989566,15.658079,114.344145,102.085668,47.105847,94.477208,15.441859,10.338073,80.106422,-88.719872,61.284890,-80.805070
65.197714,16.177644,14.086714,115.806748,101.487032,45.921325,93.354959,14.629614,10.445647,80.106420,-88.521120,61.657964,-80.881690
65.392869,16.867065,14.128572,115.794204,101.763851,45.399916,93.092260,14.592288,10.300430,80.500088,-88.337727,61.533840,-81.193443
65.599778,16.814861,13.767430,115.789646,101.437398,45.550149,93.038812,14.518288,10.061973,80.136164,-88.416698,61.322605,-81.357933
65.816349,15.876216,14.146599,116.415107,101.350222,45.056140,93.628019,15.935650,9.994456,79.443294,-88.991262,60.701247,-80.899617
66.052461,14.823592,13.579170,117.247688,100.470991,44.045615,94.029899,12.360304,9.599515,79.410364,-87.765256,60.513331,-82.410980
66.309857,16.539283,13.257255,116.203705,100.866709,45.045191,93.123444,14.085986,10.269630,79.994852,-88.204331,61.101912,-81.341235
66.510471,19.155323,13.655948,116.355880,101.875123,44.714363,92.386573,15.371517,10.809161,75.964916,-88.718424,56.920689,-80.289436
66.759619,19.483809,13.445990,116.077762,101.804099,45.520504,92.183976,10.633077,9.223718,79.475703,-87.388287,60.994211,-83.149739
67.003605,20.488254,13.342513,116.674567,101.847738,44.938691,92.013265,10.262954,10.214899,77.996378,-87.114364,59.561840,-82.379990
67.198883,19.305409,13.085982,116.023390,101.463488,45.375057,92.160796,11.596604,8.978347,78.648454,-87.774870,59.965098,-83.019405
67.425734,3.856333,12.600601,107.660052,98.133914,54.021091,95.082408,10.471633,10.230322,78.283812,-87.159059,59.850493,-82.328091
67.650819,-11.237374,10.753671,96.813264,93.212620,64.669750,97.764646,12.896773,10.798672,78.737704,-87.849201,60.212917,-81.122865
67.905065,-10.948667,11.295154,85.796292,96.061091,75.663295,95.325341,12.949970,10.109703,79.225390,-87.974357,60.689532,-81.707369
68.099477,-1.552276,9.693599,81.759212,106.230612,80.302932,83.305807,7.783622,10.387979,80.345093,-86.091969,62.675716,-83.241798
68.295849,-8.796807,8.169761,71.561905,-127.476991,88.087079,-44.448984,9.341669,11.062159,80.601003,-86.691234,63.704223,-82.003548
68.495526,-3.228283,10.480126,67.519631,-111.810611,83.476747,-58.114764,7.112884,11.364058,80.325645,-85.764376,63.813148,-82.593202
68.686988,-0.133842,8.854306,52.140039,-97.166491,68.891871,-74.832756,8.181061,10.549478,80.227011,-86.389566,63.238918,-82.802049
68.916369,8.644798,12.173778,45.395285,-100.866782,61.261789,-69.420407,11.478325,14.058641,73.895684,-87.613248,57.230591,-78.009242
69.148265,19.025296,15.806354,34.639101,-104.181595,49.463530,-66.190223,17.367708,16.997630,67.853093,-90.292690,51.088690,-72.777820
69.350123,12.804185,16.552920,23.532603,-100.274286,38.556370,-69.021725,14.704239,18.189770,66.506647,-89.126347,50.095769,-72.491076
69.564970,21.803371,17.336418,16.348386,-102.603079,31.334405,-69.675807,18.877115,18.852482,66.330713,-90.978214,49.319987,-70.418252
69.777422,23.936900,18.018925,11.140792,-102.956916,25.891467,-70.406321,20.627044,17.191834,68.021693,-91.821027,51.083059,-71.430243
69.974439,22.617428,16.158733,11.818066,-101.386083,26.862727,-72.152685,16.563018,13.106050,73.125910,-89.971600,56.496949,-76.919904
70.174280,20.559718,16.502319,10.340340,-100.960680,25.408540,-71.969268,14.010602,12.223074,74.999207,-88.940503,58.423427,-78.694302
70.406086,20.003751,16.417412,10.308764,-100.763750,25.410529,-72.032401,14.010602,12.223074,74.999207,-88.940503,58.423427,-78.694302
70.629378,18.505889,14.819503,10.298943,-99.406619,25.720576,-73.677663,14.010602,12.223074,74.999207,-88.940503,58.423427,-78.694302
70.855870,22.489584,16.012162,10.270970,-101.108952,25.376880,-72.636831,14.010602,12.223074,74.999207,-88.940503,58.423427,-78.694302
71.067102,20.828296,15.937912,11.478006,-100.769619,26.622558,-72.354631,14.010602,12.223074,74.999207,-88.940503,58.423427,-78.694302
71.267289,22.927846,16.207486,17.795562,-102.466104,33.336496,-70.561391,20.475824,9.194456,75.837161,-90.967278,58.482193,-79.996882
71.456416,28.879837,16.231294,20.558533,-104.697598,36.470946,-69.880689,25.170268,10.126088,76.257871,-92.386061,58.135465,-77.926967
71.685292,30.452053,14.287847,21.930839,-104.154209,39.538303,-71.546693,21.974388,9.603958,75.364044,-90.778114,55.960850,-79.763176
71.906263,33.366539,13.690849,22.794029,-104.201621,40.143613,-72.277018,23.083074,9.713789,75.223320,-91.227511,56.132353,-79.292927
72.106397,28.854954,12.774933,14.605461,-100.931174,31.524276,-75.435422,19.653936,10.055571,75.625078,-90.504232,57.497473,-79.524985
72.320860,21.527039,11.301264,6.153824,-97.970620,24.091944,-78.051599,20.191748,16.755574,66.617236,-90.641848,47.856150,-72.776082
72.546675,28.067361,12.580601,13.180357,-100.026006,28.601639,-76.124951,2.098340,4.990100,78.148367,-87.389088,61.688996,-87.467033
72.772985,25.441075,13.017473,16.451999,-100.667184,33.224461,-74.573214,10.993398,11.009679,75.010660,-87.548591,57.140528,-81.131893
73.028549,24.995503,12.734543,17.203333,-100.361929,33.763764,-74.766228,5.904936,7.574588,77.149435,-86.955434,59.509150,-85.210274
73.224527,26.355951,13.489007,17.159003,-101.418733,34.106384,-73.850649,9.687544,9.222634,76.339143,-87.400272,58.142397,-83.090055
73.414053,25.285152,14.130784,20.702007,-102.150093,37.241387,-72.197369,8.301825,8.048015,76.702944,-87.385399,58.728623,-84.304072
73.611225,27.375833,13.544982,17.427062,-101.493218,33.729473,-73.893305,9.785794,9.029386,76.224684,-87.635931,58.653277,-83.075749
73.800897,25.262894,11.814462,8.092634,-98.980838,25.441987,-77.486468,11.213627,9.379051,75.897879,-87.861844,57.738515,-82.500683
73.987362,23.204353,11.560454,2.909766,-98.205527,20.693215,-78.406588,12.298253,9.188339,76.742474,-88.104049,58.248828,-82.480241
74.194337,25.666133,13.106721,11.583394,-100.516941,29.310814,-75.386999,9.628227,9.081040,76.825194,-87.249903,58.012721,-83.370999
74.390795,26.588317,12.823180,11.643828,-100.365695,29.049505,-75.798095,8.304862,9.075052,76.983953,-86.925254,58.543891,-83.692674
74.620267,25.920978,12.964758,11.411507,-100.441036,29.180337,-75.592683,9.646068,9.081055,76.843174,-87.249903,58.012721,-83.370999
74.810793,26.572815,12.681890,11.185429,-100.290919,28.918320,-76.003234,8.377895,8.817875,76.791119,-86.987983,58.043486,-83.884880
75.028073,15.904073,9.628424,0.322810,-95.818533,18.919509,-80.191497,6.375193,8.654285,76.987873,-86.423099,58.011533,-84.591361
75.230976,12.854866,9.419758,-3.417460,-95.116556,15.058566,-80.634119,3.371796,7.369391,77.270428,-86.242491,58.459500,-86.102160
75.462421,22.804307,11.506564,3.481181,-98.157255,21.371791,-78.335174,8.058133,7.573642,77.581578,-87.303160,58.980892,-84.868260
75.680081,25.061311,12.068082,6.464900,-99.119683,24.217403,-77.448138,8.058133,7.573642,77.581578,-87.303160,58.980892,-84.868260
75.878989,28.776656,12.393117,6.635597,-99.990566,24.297564,-77.399308,8.058133,7.573642,77.581578,-87.303160,58.980892,-84.868260
76.076162,28.772617,12.398815,6.783967,-100.046995,24.608775,-77.347947,10.751664,7.445298,75.901435,-88.078020,57.120792,-84.244461
76.292756,28.003033,12.323287,6.621282,-99.899225,24.665981,-77.365210,10.150279,7.300936,75.973014,-87.936029,56.990568,-84.519157
76.510599,27.841405,12.465225,7.109419,-100.020009,25.111314,-77.115563,8.312777,7.745932,76.462554,-87.328638,57.507902,-84.643449
76.702289,26.167552,12.426647,7.173925,-99.741150,25.297698,-76.991198,7.584852,7.606601,76.432577,-87.185827,57.376651,-84.918527
76.920567,26.352208,12.293286,7.028158,-99.734132,25.474098,-77.138091,8.738189,7.506795,76.668676,-87.429041,57.300016,-84.788431
77.107996,26.651763,12.402675,6.832846,-99.987980,25.791153,-77.028965,9.667788,7.370328,76.554253,-87.608588,56.638644,-84.747446
77.324980,28.221558,12.004061,7.195699,-99.906142,26.010516,-77.522480,9.155331,7.602264,76.428987,-87.452948,56.710639,-84.658577
77.510419,28.028563,11.761218,7.141274,-99.644804,25.868408,-77.778607,9.929459,7.493154,76.068208,-87.715558,56.476695,-84.520402
77.734636,28.693754,11.625625,7.277601,-99.580126,25.733825,-77.977175,8.729302,8.175717,75.821358,-87.273554,56.536247,-84.240229
77.924179,29.374819,11.490666,7.418977,-99.515988,25.598936,-78.175504,18.638945,8.121388,77.117638,-89.887116,58.057211,-81.976890
78.180035,28.362201,11.176299,7.358499,-99.160859,25.823562,-78.400527,-1.908702,11.100776,36.239764,-85.817698,17.260117,-80.879758
78.372456,31.586824,11.024390,8.246994,-99.627761,26.992474,-78.633243,-2.715317,11.268649,28.476918,-85.689800,9.244867,-80.252084
78.610765,29.919766,10.777303,7.370616,-99.023136,25.727271,-78.945391,19.457586,9.587380,-4.300527,-90.057990,-23.444498,-80.438092
78.845648,30.186827,10.400358,7.175908,-98.703956,25.443888,-79.394066,22.524368,8.320931,0.090628,-90.540192,-18.939612,-81.872188
79.067953,33.187007,10.715869,7.202629,-99.530387,26.218250,-79.259854,25.421901,8.893392,0.380648,-90.918366,-19.499643,-81.457201
79.283824,35.224709,10.529632,8.857915,-99.758895,27.883217,-79.322347,25.433928,8.893383,0.392596,-90.918366,-19.499643,-81.457201
79.467034,34.194670,10.076451,9.256049,-99.142855,27.781092,-79.667365,24.859269,8.893391,-0.182246,-90.918366,-19.499643,-81.457201
79.654702,35.057656,9.744363,9.779736,-98.957134,28.189627,-79.997706,26.176637,9.427462,0.910424,-91.218444,-18.277542,-81.027461
79.866922,38.712210,10.224203,11.229367,-99.917599,29.412896,-79.582730,26.536474,9.573700,-0.053361,-91.328861,-19.120020,-80.945675
80.059970,38.303175,9.979001,10.809327,-99.646384,29.263690,-79.848664,26.708616,9.541828,-0.138224,-91.316778,-19.434281,-80.978868
80.249714,37.960155,10.095190,11.011308,-99.663871,29.088768,-79.697303,25.972503,9.675999,-0.672944,-91.270454,-19.603989,-80.826056
80.472775,38.848603,10.586123,11.899302,-100.207224,29.385432,-79.164506,25.524189,9.708069,-0.866874,-91.282947,-19.289984,-80.793067
80.693247,40.983126,11.154359,12.361967,-101.044481,29.728367,-78.720475,25.144930,9.842490,-1.055038,-91.236548,-19.459672,-80.640302
80.887641,42.835009,10.762323,11.874000,-100.669426,28.640177,-79.484792,24.721577,10.763556,-1.712481,-91.402308,-19.454705,-79.786336
81.083073,41.006353,10.645416,11.808264,-100.332944,28.511032,-79.422929,25.464386,10.828180,-1.437851,-91.570800,-19.109901,-79.789339
81.278448,40.459499,11.016615,12.136670,-100.728859,29.098725,-78.897736,27.049082,10.199884,-1.368363,-91.716144,-19.371975,-80.499597
81.527641,38.917429,11.170603,12.652758,-100.778823,29.733275,-78.456289,29.575264,9.665343,-1.505566,-92.046611,-19.675758,-81.218329
81.747594,38.237773,10.833176,12.603100,-100.351296,29.650982,-78.753694,29.808804,9.490503,-1.352985,-92.062768,-19.428706,-81.397653
81.972405,37.447726,10.963363,12.606247,-100.481738,30.090968,-78.491615,30.236450,9.124540,-1.219098,-91.981742,-19.748016,-81.738395
82.177270,36.633045,11.329042,12.222611,-100.775194,30.060082,-78.069433,32.429772,9.233449,-1.108127,-92.306182,-20.070446,-81.815820
82.391302,37.793211,10.919591,11.373685,-100.447019,29.279858,-78.782133,30.186488,9.254829,-0.988026,-91.936125,-19.918848,-81.586256
82.579332,37.153015,11.203473,12.128914,-100.700862,29.928692,-78.276425,30.976676,8.934235,-1.324839,-92.009145,-20.204711,-81.961527
82.776190,34.925366,11.123651,11.796281,-100.419660,30.111204,-78.162185,32.415940,8.646186,-0.799562,-92.091796,-20.176509,-82.301716
82.966092,34.910511,11.582634,11.691529,-100.925606,30.321819,-77.654567,32.844378,8.250166,-1.045623,-92.009183,-20.811083,-82.680967
83.170670,34.856318,11.377963,11.976616,-100.819482,30.870454,-77.771901,34.512495,8.525410,-0.965010,-92.298704,-20.988020,-82.572757
83.364372,35.551198,11.250555,12.073339,-100.742763,30.739714,-77.980406,32.331735,8.728386,-1.602771,-92.053098,-21.366260,-82.232187
83.588512,34.885684,11.123614,11.756728,-100.419660,30.111204,-78.162185,32.928596,8.838321,-1.277519,-92.220948,-20.703664,-82.194831
83.813133,33.450126,11.605882,13.698826,-100.812611,31.701689,-77.138525,37.342694,8.189635,-3.250773,-92.775399,-22.435707,-83.281588
84.011093,33.352255,11.729629,13.404009,-101.214903,32.631450,-76.881865,31.474497,8.002027,-2.046340,-91.672129,-22.451251,-82.788313
84.223783,33.639833,11.482448,13.634601,-100.859806,32.183094,-77.228595,33.224837,8.384260,-2.264902,-92.127232,-21.963354,-82.647354
84.443807,34.846851,12.299486,14.137949,-101.953357,32.844240,-76.277693,34.344422,7.818040,-3.426539,-92.118924,-23.448898,-83.271398
84.635315,35.851364,11.666749,13.360995,-101.347231,32.013814,-77.267733,36.518309,8.248685,-2.782429,-92.575377,-22.646697,-83.092876
84.827336,35.817978,11.255337,12.494911,-100.803191,31.046426,-77.921836,33.581060,9.002090,-1.867972,-92.341776,-21.543787,-82.125478
85.036579,37.128004,11.253398,12.704864,-100.992131,31.236804,-78.003181,32.152728,8.668689,-2.349513,-92.038501,-21.991318,-82.303872
85.227045,36.708553,11.588249,12.734917,-101.238233,31.123962,-77.616313,34.935561,8.946128,-2.142188,-92.565701,-21.729746,-82.326952
85.449505,37.129069,11.829262,12.974462,-101.459812,30.960663,-77.398365,36.187373,8.488964,-2.933256,-92.689919,-22.153876,-82.899046
85.676916,37.752252,11.463315,13.176483,-101.160645,30.994209,-77.825675,32.997743,8.636873,-2.893656,-92.269782,-21.865346,-82.469640
85.888414,37.296941,11.463305,12.721258,-101.160645,30.994209,-77.825675,33.452868,8.636860,-2.438429,-92.269782,-21.865346,-82.469640
86.112076,36.810049,11.373982,12.843211,-101.008776,31.060533,-77.853218,35.263072,8.821504,-2.183078,-92.612959,-21.558642,-82.479790
86.332732,37.778229,11.129027,12.730884,-100.914706,31.106285,-78.212669,31.071270,8.619121,-2.575735,-91.884874,-22.029213,-82.267634
86.549827,40.192244,11.903424,12.050382,-102.003318,30.772583,-77.776409,34.891956,8.720693,-1.544680,-92.429082,-21.514958,-82.468114
86.763118,39.393444,11.233158,12.789085,-101.316388,31.537424,-78.205267,32.407230,8.698528,-1.810729,-92.045697,-21.678997,-82.268036
86.951273,40.848590,11.496290,13.355374,-101.855421,32.178810,-77.940491,30.009446,9.945309,-1.815847,-91.875701,-21.832559,-80.906536
87.142780,43.910127,11.029590,12.634695,-101.672083,31.772148,-78.908274,29.132816,10.400618,-1.481991,-91.749107,-21.715344,-80.375061
87.366582,41.345706,10.855879,11.306793,-101.103685,30.643664,-79.073438,28.960390,10.563997,-1.188860,-91.711717,-21.571905,-80.186777
87.552952,43.770526,10.376485,10.856098,-100.758380,30.038125,-79.938432,28.658623,10.249430,-0.747756,-91.643387,-20.874175,-80.452748
87.770454,44.048979,10.382012,11.300774,-100.812058,30.345953,-79.882105,26.471737,10.267112,-1.063212,-91.258650,-21.030776,-80.253429
87.981987,39.175754,9.294006,10.597657,-99.164822,29.696752,-80.600725,25.926581,10.122439,-0.347316,-91.154625,-20.189030,-80.335752
88.172082,35.913045,8.322610,11.708854,-97.940855,30.539503,-81.179857,23.223442,9.849798,-0.237675,-90.702375,-19.647945,-80.410559
88.432218,20.362202,15.702705,23.665920,-103.218170,41.046718,-69.002715,15.982609,9.727478,1.920849,-89.429906,-17.239783,-80.120982
88.631490,60.747356,9.018442,72.670334,169.909586,80.983476,11.826506,18.939410,9.447725,1.136592,-89.982100,-17.906458,-80.549026
88.832888,11.458260,12.040478,90.804778,107.743754,69.420034,83.698269,17.250452,9.561980,1.652945,-89.620348,-17.745621,-80.331355
89.068561,16.757460,9.581910,91.032109,106.116009,69.347811,82.648172,18.349773,8.985487,0.066288,-89.850992,-19.175477,-80.968894
89.265026,34.315362,9.228485,89.331135,112.508860,70.271595,74.190456,21.474454,9.796012,0.063328,-90.382643,-19.320073,-80.339343
89.498196,44.376939,9.688703,89.895034,115.131064,69.164400,70.635712,21.914210,8.976683,0.409517,-90.408467,-19.061354,-81.167116
89.715228,42.539829,9.660944,88.860008,115.461958,69.749915,70.433535,21.753744,9.253591,0.521311,-90.316831,-19.399333,-80.858596
89.929842,45.490942,9.748999,89.001060,116.087945,69.508721,69.460057,23.647845,9.339620,0.504956,-90.650322,-19.411210,-80.898637
90.144167,44.767236,10.549225,89.244136,117.459704,68.950562,68.669307,24.485886,6.679175,14.440413,-90.525808,-5.576578,-83.394481
90.365113,44.405650,10.542546,88.557360,118.758882,70.026343,67.395878,-57.081421,7.119710,61.728071,-80.672717,41.948978,-94.608252
90.560482,44.687133,11.210449,88.916856,119.188542,68.840824,67.295568,-24.749378,11.670802,96.507876,-57.455944,74.600418,-113.284452
90.776442,50.715661,10.176126,87.976834,118.679695,69.617313,66.186169,-11.112965,13.371212,87.635756,-72.031171,66.963111,-95.159991
91.006152,51.567873,10.391488,88.366827,118.714033,69.074610,66.143940,-11.528358,12.189095,85.912964,-74.508944,65.250991,-93.747694
91.196872,52.308488,9.922768,88.017347,118.630457,69.961697,65.895650,-12.229851,13.489888,85.056769,-73.005298,64.821067,-93.990712
91.387876,52.310435,9.764304,87.747103,118.146930,69.925980,66.257773,-12.324021,12.325518,85.454602,-74.250994,64.876947,-93.904640
91.579450,55.845946,10.662512,88.447604,120.019210,68.962614,64.262654,-8.566129,12.519564,84.485228,-76.129872,64.201116,-91.522051
91.812712,44.613260,10.199129,90.061534,115.077152,67.692918,70.894325,-14.015940,11.590264,85.457140,-74.580933,64.532108,-94.412786
92.015939,43.123434,10.008429,88.950530,115.829654,69.079178,70.172184,-16.903591,11.129798,83.304209,-75.246091,62.664296,-94.274618
92.227915,49.153259,10.569824,89.184471,118.042859,68.575756,67.383590,-14.865016,11.854352,83.473416,-74.913403,63.008222,-93.766051
92.443967,49.536145,10.757889,88.688711,119.675995,69.342413,65.773408,-4.004930,14.947353,85.428919,-75.375648,65.663694,-89.649055
92.636973,50.766119,10.687314,87.771487,120.820420,70.028984,64.300618,-3.485449,12.405516,83.680941,-78.849641,63.866858,-88.621130
92.903511,51.217383,10.848622,88.711396,120.148118,69.248406,65.070213,-13.108032,14.556152,76.938250,-75.425669,57.188831,-90.024703
93.139672,51.326792,10.848573,88.686646,120.718753,69.654481,64.512005,-23.163121,18.810169,68.776104,-70.471284,49.350920,-90.963629
93.348315,51.519971,10.538585,88.229869,120.613888,70.165470,64.394406,-40.549014,25.036257,53.615673,-63.838216,33.889392,-92.126376
93.569976,51.497207,10.700204,88.834323,119.392060,68.974708,65.701057,-55.256457,22.511867,44.318622,-66.176621,23.566614,-93.988548
93.773527,53.018925,10.288913,88.609589,118.876849,69.284361,65.754106,-50.001359,14.117876,40.198216,-75.865074,20.220139,-90.055302
93.993567,53.676651,10.335582,88.251189,119.819987,69.767299,64.709865,-54.356706,15.438007,37.194690,-74.438802,17.400929,-90.436356
94.181455,55.927839,10.098368,89.295832,118.135655,68.882181,66.016308,-58.632905,16.267310,33.422261,-73.604142,13.613388,-90.595993
94.405830,55.413808,9.926751,88.156977,119.032560,69.910320,65.028374,-32.458866,13.659860,57.256695,-76.392268,37.475953,-89.918496
94.600140,60.575809,10.027102,87.176802,121.014856,70.535347,62.144429,-17.650162,11.455973,51.179399,-81.840260,31.655473,-85.169030
94.792945,60.320157,9.820588,87.319924,120.395941,70.605919,62.760743,-9.031672,13.614397,26.276995,-83.448248,7.199803,-78.839210
95.059164,61.851873,9.523484,88.044944,119.390370,70.544908,63.526565,12.113254,13.760448,1.939095,-88.245310,-17.035018,-75.828467
95.264645,54.939969,9.727840,88.216269,118.421535,69.970718,65.638583,22.388249,10.039241,4.172843,-90.474077,-15.636519,-80.100996
95.512967,63.560762,9.766018,87.243944,119.981324,70.280708,62.585346,20.966347,10.787945,1.741221,-90.172254,-18.367970,-79.269784
95.729548,58.864731,9.313131,87.743424,118.470617,70.566410,64.788998,19.363334,9.727623,-1.493550,-89.951225,-21.124059,-80.257177
95.967427,61.267864,9.459528,88.488744,118.399889,70.064536,64.616279,19.486039,9.410810,-1.377101,-90.027462,-20.709997,-80.601223
96.191339,53.549120,10.129258,88.743896,118.948598,69.660643,65.573157,23.255083,8.534684,3.557862,-90.582991,-15.961253,-81.646110
96.424803,46.865678,11.591477,89.811488,120.319415,68.650051,66.168655,23.257219,7.180957,3.134628,-90.518902,-16.167242,-82.982930
96.621531,45.578592,12.058759,88.115495,125.200544,71.045617,61.707368,19.916945,7.151042,4.757144,-90.236721,-13.326939,-82.909472
96.810550,43.578011,12.983080,87.305715,128.746835,71.622402,59.002721,23.309142,6.802628,5.064918,-90.663185,-12.817959,-83.377345
97.035621,47.388769,15.810606,87.254944,136.644892,70.161149,51.956919,34.220197,8.033575,4.016786,-92.369697,-13.639993,-82.862577
97.274121,46.443394,21.642205,86.380801,148.951253,67.243501,43.020491,32.321973,9.006032,4.602959,-92.354279,-13.074134,-81.823360
97.498661,45.376385,18.794259,85.222445,145.311890,69.479665,45.114217,27.701245,8.320543,4.840444,-91.425248,-13.330481,-82.125799
97.735032,45.655121,15.501627,84.764514,138.785251,71.329064,49.619052,31.218752,8.163922,5.748624,-91.821355,-12.993117,-82.441677
97.950742,45.521000,15.139063,85.075721,137.235128,71.322237,51.035919,32.523695,7.723837,6.351420,-91.891227,-12.414285,-82.907633
98.172033,42.889550,15.010733,84.878149,136.353630,71.615923,52.377265,33.752441,7.430241,6.604478,-91.948467,-12.383671,-83.236247
98.390012,39.247973,15.353944,85.448639,134.398647,71.190266,55.357244,30.540324,6.355873,6.429668,-91.283775,-12.798779,-84.054563
98.582098,39.092088,16.007805,85.067975,138.461365,71.944615,51.799340,25.202392,6.361083,7.731238,-90.791283,-10.477184,-83.832521
98.790027,37.784236,16.313799,83.913577,142.258993,72.953480,48.382982,27.603762,6.424884,7.074639,-91.109798,-10.802562,-83.878002
98.987663,38.504786,16.657733,84.384765,141.767403,72.294551,48.985683,26.970757,7.270781,7.253784,-91.160331,-10.744873,-83.037122
99.177665,40.669961,14.900797,85.637042,135.900653,72.222602,53.419689,33.984333,7.995183,7.127752,-92.259967,-10.831622,-82.744062
99.417781,42.957594,14.234096,82.775331,141.228009,73.962390,46.867258,36.380407,7.755080,7.556079,-92.458355,-10.777829,-83.090208
99.658955,34.858373,13.735214,63.907726,-141.094236,75.930285,-31.355153,45.217317,8.831974,8.796342,-94.089327,-9.405751,-82.807764
99.875070,29.511248,16.161518,40.972193,-111.581793,56.014860,-60.784258,43.339811,8.391209,8.117225,-93.626020,-10.194971,-83.044841
100.090328,26.148894,16.170375,30.875365,-106.368921,46.516122,-66.209979,41.930699,8.019772,7.200386,-93.308313,-10.965309,-83.295047
100.340675,27.743811,15.495989,17.818814,-103.474070,34.328001,-71.413944,40.273786,7.826229,7.210031,-92.976638,-11.276194,-83.319699
100.532782,21.462081,13.737877,4.764130,-99.496491,22.222597,-75.773204,37.274641,7.923573,7.085910,-92.589811,-11.620015,-83.014793
100.787444,3.500152,17.037691,-10.459370,-96.257723,6.802201,-73.357502,38.058023,7.694183,7.371042,-92.659672,-10.950443,-83.267335
101.002158,18.928637,15.420232,5.239506,-100.179667,22.762827,-73.727434,37.150637,7.389416,7.906140,-92.357888,-11.086105,-83.435742
101.262846,21.731697,16.775692,12.370642,-102.491565,29.514189,-70.895384,37.837770,7.206528,7.541980,-92.374712,-11.547768,-83.654954
101.464134,26.757760,17.240868,11.874785,-104.062599,28.908100,-70.897275,41.198153,7.447836,8.034193,-92.851069,-11.212496,-83.650959
101.708105,28.259191,17.132462,11.883440,-104.328242,28.894615,-71.163844,38.949571,7.641023,7.642622,-92.644786,-11.587166,-83.342538
101.905490,28.235208,16.751333,11.442111,-103.881854,28.346690,-71.725787,37.071636,8.106860,7.858157,-92.575422,-11.159108,-82.795036
102.102143,31.094009,17.149708,11.164503,-104.836584,28.013678,-71.696974,35.639553,8.524522,7.744418,-92.489466,-11.366827,-82.322668
102.370446,18.407551,16.235935,-10.456075,-99.729174,6.798244,-75.722029,36.724371,8.161535,8.103323,-92.593702,-10.521914,-82.720326
102.564778,26.466318,17.290117,-8.807256,-102.273789,8.261634,-75.805211,38.471337,7.694188,7.784513,-92.659672,-10.950443,-83.267335
102.755559,28.988379,17.360090,-8.884412,-102.914018,8.388189,-76.225090,37.008471,7.755041,8.184450,-92.458355,-10.777829,-83.090208
102.973858,27.149549,17.363991,-9.535109,-102.507878,7.758911,-76.020654,34.878037,7.672231,8.811371,-92.151165,-10.132006,-83.004606
103.200305,23.584427,17.040277,-13.208350,-101.486342,4.473876,-76.383723,35.113831,7.672231,9.047334,-92.151165,-10.132006,-83.004606
103.392493,21.242817,15.915440,-25.020017,-100.268504,-7.084486,-78.985128,35.490620,7.512320,8.770718,-92.172329,-10.275573,-83.186084
103.585800,19.589176,16.692808,-23.715182,-100.354532,-5.919654,-77.867338,37.120397,7.809385,8.899609,-92.475221,-10.140546,-83.016124
103.784251,22.362053,16.599836,-21.776101,-100.930644,-3.810798,-78.140894,34.154191,7.937830,8.747827,-92.090987,-10.482609,-82.713961
103.996366,24.381904,14.927462,-12.978068,-100.376670,5.647930,-78.124994,34.785155,7.966052,9.667711,-92.100514,-10.163739,-82.677994
104.216359,18.266942,17.446076,12.509490,-102.277870,30.175396,-69.812003,34.596466,7.937822,9.190056,-92.090987,-10.482609,-82.713961
104.414752,16.057535,18.411177,23.717480,-103.963620,40.755031,-65.589170,36.512105,8.125644,9.594620,-92.434152,-9.854274,-82.652784
104.669338,24.679059,19.503527,12.263143,-105.413041,29.073432,-68.092604,34.211648,8.477802,9.143660,-92.196775,-10.400858,-82.198939
104.925901,23.303914,19.765652,15.806710,-105.734731,32.389725,-66.602856,34.950604,8.198948,9.769943,-92.236188,-9.681571,-82.479158
105.141646,21.747213,20.945096,26.101353,-108.448997,42.026776,-61.321267,34.939924,7.832910,9.503190,-92.130470,-9.988354,-82.823238
105.332623,24.865951,22.596284,36.467842,-115.046919,50.758207,-53.483660,35.888683,7.878441,9.483245,-92.276140,-9.968212,-82.841361
105.597727,26.115405,19.969820,30.032662,-110.470708,45.810462,-60.732779,35.480349,7.672205,9.413941,-92.151165,-10.132006,-83.004606
105.794275,25.203788,19.349748,28.969779,-109.091245,44.869236,-62.188783,33.143320,7.913033,9.487525,-91.932378,-9.815285,-82.649517
106.003452,25.669086,19.538375,29.070153,-109.228790,44.586066,-62.042445,32.817663,7.913038,9.161740,-91.932378,-9.815285,-82.649517
106.232502,25.249724,15.846433,-4.030544,-101.334033,13.704673,-75.807085,34.027937,7.644638,9.760071,-91.990933,-9.464824,-82.939873
106.426843,29.024249,16.715432,-1.298280,-102.908804,16.254544,-75.010398,34.076922,7.616504,9.516406,-91.981924,-9.783970,-82.975569
106.646270,29.866461,16.920577,-1.308608,-103.234715,16.197704,-74.968870,33.585801,7.750369,9.341863,-91.952513,-9.959120,-82.830315
106.896204,22.222451,19.156757,14.466848,-104.828558,31.455116,-67.591310,33.469840,7.941531,10.098862,-91.942299,-9.496249,-82.613999
107.162049,27.165593,19.704181,11.638630,-106.271089,28.596644,-68.282153,32.183251,8.009517,9.781672,-91.756094,-10.009926,-82.485478
107.406198,28.226244,19.729436,9.818190,-106.355761,26.934383,-68.941682,32.762779,8.723085,9.865655,-91.979176,-10.082369,-81.844226
107.633450,28.226244,19.729436,9.818190,-106.355761,26.934383,-68.941682,32.762779,8.723085,9.865655,-91.979176,-10.082369,-81.844226
107.893203,28.226244,19.729436,9.818190,-106.355761,26.934383,-68.941682,32.762779,8.723085,9.865655,-91.979176,-10.082369,-81.844226
108.089004,28.226244,19.729436,9.818190,-106.355761,26.934383,-68.941682,32.762779,8.723085,9.865655,-91.979176,-10.082369,-81.844226
108.305632,28.226244,19.729436,9.818190,-106.355761,26.934383,-68.941682,32.762779,8.723085,9.865655,-91.979176,-10.082369,-81.844226
108.546236,28.226244,19.729436,9.818190,-106.355761,26.934383,-68.941682,32.762779,8.723085,9.865655,-91.979176,-10.082369,-81.844226
108.801158,28.226244,19.729436,9.818190,-106.355761,26.934383,-68.941682,32.762779,8.723085,9.865655,-91.979176,-10.082369,-81.844226
108.991819,28.226244,19.729436,9.818190,-106.355761,26.934383,-68.941682,32.762779,8.723085,9.865655,-91.979176,-10.082369,-81.844226
109.179265,28.226244,19.729436,9.818190,-106.355761,26.934383,-68.941682,32.762779,8.723085,9.865655,-91.979176,-10.082369,-81.844226
109.394188,28.226244,19.729436,9.818190,-106.355761,26.934383,-68.941682,32.762779,8.723085,9.865655,-91.979176,-10.082369,-81.844226
109.606106,28.226244,19.729436,9.818190,-106.355761,26.934383,-68.941682,32.762779,8.723085,9.865655,-91.979176,-10.082369,-81.844226
109.843984,20.926018,20.422124,-11.062522,-103.241562,6.685141,-72.662218,35.787267,7.771748,11.400390,-92.164562,-8.488133,-82.848701
110.062643,17.829049,18.883007,-18.906565,-101.342577,-0.826736,-74.964560,38.849500,8.294231,10.209973,-92.767655,-9.544926,-82.625767
110.277324,15.555024,19.343214,-19.489101,-101.238170,-0.570133,-74.263297,37.218473,8.284847,10.920038,-92.414319,-9.711017,-82.471278
110.472398,23.516829,21.595504,-7.824182,-105.109854,10.368794,-71.361551,40.769214,8.609451,9.276155,-93.015497,-11.550763,-82.515778
110.694034,20.185744,22.239990,-1.035587,-105.011243,16.926046,-68.356449,31.361996,7.084179,8.898788,-91.336796,-11.876873,-83.314136
110.886196,14.494687,23.319886,4.993976,-104.823956,23.742637,-64.749566,33.177821,7.206664,8.812930,-91.460546,-13.037056,-83.265904
111.102014,12.002433,22.988260,8.244475,-103.544718,26.071205,-64.285180,20.974469,7.278280,7.060289,-90.051945,-13.523572,-82.736226
111.294534,19.466616,21.558291,1.431492,-104.785006,20.019151,-68.167194,29.829010,7.746022,7.892576,-91.184308,-13.437522,-82.616804
111.536017,43.550051,22.467420,6.640124,-111.892190,23.295053,-70.566174,34.716298,8.334853,8.238606,-92.144763,-11.992739,-82.379430
111.760526,43.717514,21.959236,6.029259,-111.107451,22.185700,-71.360404,35.512729,8.332764,8.670394,-92.353068,-10.842356,-82.436709
111.974441,41.926434,23.012650,4.729346,-111.298104,20.119566,-70.629781,36.581823,9.388144,8.172540,-92.907420,-10.838729,-81.601989
112.163835,39.412714,22.511165,2.706220,-110.098840,18.468351,-71.116735,36.620091,7.939680,8.765543,-92.445355,-10.316290,-82.871388
112.359748,39.557779,23.028320,3.561959,-110.845333,19.582883,-70.369461,35.236023,8.577391,9.833178,-92.364713,-9.743371,-82.145310
112.605273,41.156527,22.908507,3.735220,-111.314201,20.309297,-70.751287,35.492265,9.089227,10.156889,-92.461809,-9.981731,-81.666334
112.824516,41.527344,22.460220,4.353217,-111.097831,21.065110,-70.959089,35.752517,8.520929,9.786602,-92.342653,-10.380840,-82.218588
113.021475,42.262708,22.509592,4.919551,-111.472916,21.847732,-70.855849,35.458830,8.259425,9.245513,-92.197081,-11.181924,-82.453026
113.221535,42.795828,22.254038,5.318336,-111.204115,21.746992,-71.118915,34.873437,8.259455,8.660060,-92.197081,-11.181924,-82.453026
113.413746,42.771656,22.254142,5.127371,-111.126178,21.443713,-71.203542,34.342342,8.449212,8.993946,-92.185968,-10.719752,-82.235138
113.606381,44.147444,21.850216,5.360955,-111.101053,21.897105,-71.778029,32.913986,8.501236,8.944063,-91.976212,-10.863328,-82.096242
113.829340,43.994573,21.950082,5.623575,-111.165541,22.011333,-71.570738,34.303579,8.420638,8.673767,-92.175364,-11.038392,-82.271285
114.026254,43.651495,21.449231,5.682101,-110.570046,21.978892,-71.886334,31.996836,8.346478,9.437586,-91.852192,-10.021046,-82.178267
114.239401,44.229219,21.347603,5.671718,-110.430984,21.559142,-72.175238,30.256082,8.506319,9.406011,-91.698186,-9.576563,-81.943573
114.458513,42.987804,21.410993,6.079703,-110.218648,21.672540,-71.691426,31.056777,8.598780,9.827684,-91.868642,-8.919919,-81.892118
114.685620,44.225259,21.805491,6.309187,-110.672600,21.285581,-71.667412,29.787677,8.900831,9.263797,-91.821360,-8.950720,-81.566972
114.875438,44.466297,21.640808,5.970277,-110.456511,20.818864,-72.011633,32.360465,8.741917,9.415577,-92.204120,-8.612696,-81.864229
115.085599,43.182785,21.346817,5.610699,-109.842531,20.406507,-72.069603,34.067328,8.543261,9.967392,-92.418700,-7.925016,-82.132707
115.305565,43.769741,21.500096,6.245804,-110.192297,21.004747,-71.856750,34.986724,8.222397,9.713776,-92.452138,-8.211463,-82.493934
115.523100,43.184408,21.306308,5.694108,-110.079831,21.251532,-71.978562,35.809770,8.277532,11.112156,-92.473980,-7.572402,-82.419797
115.734669,42.728661,21.113863,5.937879,-110.269891,22.717404,-71.773719,33.354498,8.105052,10.546875,-91.923187,-9.352274,-82.433372
115.951753,44.836367,21.716157,7.072668,-111.542124,24.014964,-71.321422,34.770802,8.173054,11.293466,-92.079510,-9.014849,-82.415430
116.187180,44.387623,22.214202,7.005451,-111.457146,22.590509,-71.009439,40.371816,9.881842,11.221025,-93.637812,-7.946983,-81.297712
116.383862,43.931721,22.061132,6.652800,-111.173067,22.299658,-71.152572,41.490235,9.299167,12.259743,-93.585884,-6.888145,-81.836118
116.634722,43.229977,21.818164,6.501982,-110.845301,22.372423,-71.206415,39.897227,8.794007,12.776754,-93.138543,-6.493307,-82.130491
116.854333,42.360938,21.426732,6.483074,-110.313016,22.456191,-71.317776,39.845186,8.387655,12.498023,-92.988918,-6.751935,-82.505115
117.075618,44.730395,21.757187,6.547716,-111.131907,22.564119,-71.605970,43.609903,9.078449,12.591111,-93.769956,-6.837041,-82.174386
117.304147,46.913266,21.517956,7.609670,-111.459403,23.613628,-71.953221,41.777420,8.918614,12.531395,-93.448278,-6.825101,-82.171922
117.550459,44.994614,21.214226,7.627333,-110.935390,23.984232,-71.651268,39.237909,8.609674,11.528152,-92.936115,-8.107191,-82.308659
117.783979,44.362941,20.620478,7.871301,-110.281461,24.316319,-71.897003,36.074738,8.087293,12.483819,-92.333896,-7.049671,-82.537888
118.000109,42.659099,20.331254,7.320587,-109.734267,24.207854,-71.893126,34.227256,7.909576,12.196954,-91.990023,-7.678351,-82.606668
118.221623,44.595279,20.763888,7.597689,-110.780812,25.036938,-71.787805,33.566595,8.856615,12.474968,-92.022979,-8.120611,-81.658848
118.418709,45.275668,21.070880,7.889269,-111.277490,25.322676,-71.575111,33.787918,9.146159,11.562353,-92.113957,-9.138883,-81.431049
118.652636,43.613530,21.219211,7.448983,-111.122715,25.066467,-71.178766,35.448854,9.091486,11.955421,-92.322143,-8.993635,-81.565343
118.852033,44.058370,21.017017,7.210940,-111.060155,25.142166,-71.514106,35.980889,8.871739,11.413418,-92.314946,-9.775428,-81.819468
119.082369,45.317961,20.915539,6.995189,-110.885155,24.247631,-72.109306,35.689597,8.766986,11.127678,-92.357616,-9.280797,-81.927401
119.278994,45.685459,21.114696,7.724520,-110.788522,23.567374,-71.946812,36.723988,8.833871,11.260576,-92.724995,-7.793945,-81.957373
119.512070,46.117707,20.960675,8.435259,-110.582746,23.576334,-72.005446,36.022980,8.861463,10.839823,-92.737439,-7.474601,-81.919574
119.718650,45.702356,20.807533,8.135670,-110.300635,23.281943,-72.147656,35.752741,7.821025,11.522096,-92.385637,-6.696562,-82.824635
119.929138,44.383066,20.182178,9.018096,-109.374792,23.608559,-72.116640,27.420810,7.728671,10.127336,-91.355428,-7.337234,-82.563688
120.128364,44.845724,19.758163,8.293100,-108.024096,20.163829,-73.182527,32.578850,9.092635,10.341011,-92.838568,-4.236866,-81.567634
120.338182,46.674555,21.256531,7.069832,-109.268981,17.738699,-72.944367,35.847230,10.054361,10.829042,-93.823542,-2.897647,-80.887669
120.569147,48.987426,22.375366,7.384467,-111.129293,18.915347,-72.486407,39.191073,10.558399,10.365061,-94.385189,-4.602170,-80.733967
120.805617,48.964688,22.251803,7.538024,-111.525910,20.557933,-72.345576,38.836093,10.627701,9.917540,-94.105746,-6.567274,-80.650084
121.006191,47.064232,21.686940,7.187767,-110.659996,20.517826,-72.372284,37.069728,10.245660,9.594128,-93.638769,-7.024820,-80.853061
121.204126,49.345086,21.551659,6.374066,-110.742703,19.507638,-73.430363,37.997165,10.988530,10.687544,-94.117180,-5.647087,-80.202855
121.426801,47.347251,21.588846,7.216052,-110.672276,20.706875,-72.495704,36.390578,10.177052,10.067822,-93.475537,-6.676603,-80.826923
121.660812,47.910498,21.844589,8.271795,-111.084934,21.419741,-72.071430,38.803771,9.273114,9.286905,-93.573030,-7.207751,-81.876384
121.883651,46.736683,21.438351,7.401635,-110.334001,20.586263,-72.421551,37.856255,9.252460,10.150625,-93.433090,-6.221880,-81.769258
122.075777,44.776276,20.553974,7.609175,-109.224329,21.106851,-72.546745,34.210523,8.619443,10.616266,-92.663169,-5.814996,-82.066889
122.294053,47.156210,20.800159,8.373534,-110.135022,22.193679,-72.602488,33.210539,8.724560,11.519033,-92.486046,-5.326527,-81.864243
122.510898,45.517660,21.205251,8.275336,-110.318235,22.353120,-71.857658,33.684865,9.019294,10.915693,-92.584666,-6.345711,-81.639211
122.743209,46.234330,21.603022,7.988827,-110.773585,21.967966,-71.831043,37.027578,9.134342,11.392654,-93.124822,-5.888499,-81.729385
122.942377,45.330402,21.459870,8.056897,-110.510325,22.154045,-71.677596,36.530325,8.858134,11.037483,-92.946233,-6.324738,-81.963009
123.174946,45.084697,21.459862,7.811216,-110.510325,22.154045,-71.677596,38.244474,8.794072,11.123389,-93.138543,-6.493307,-82.130491
123.400462,45.583604,21.449394,7.613894,-110.570046,21.978892,-71.886334,38.211000,8.767551,10.801523,-93.126376,-6.813140,-82.169524
123.618373,46.008285,21.757493,7.658079,-111.054450,22.260715,-71.691083,40.906068,8.766223,11.002188,-93.463187,-6.966802,-82.353449
123.825060,45.851334,21.850355,7.064582,-111.101053,21.897105,-71.778029,41.530249,8.969110,10.721184,-93.603857,-7.490938,-82.240232
124.046749,46.194756,21.657514,7.592853,-111.066194,22.449959,-71.814140,41.084844,8.714811,10.589943,-93.440678,-7.605352,-82.433177
124.263165,44.585767,21.806000,7.170402,-110.903278,22.197312,-71.416641,40.814780,8.892716,11.276852,-93.436353,-7.144515,-82.211778
124.508804,45.352003,22.113153,7.560898,-111.390711,22.477175,-71.218072,39.763068,9.147034,10.918157,-93.381376,-7.499422,-81.928271
124.733009,44.779964,21.959364,7.091432,-111.107451,22.185700,-71.360404,40.395449,9.019662,11.210193,-93.409083,-7.322056,-82.070053
124.963054,41.402165,23.178506,7.550994,-111.682062,22.569936,-69.266645,51.238269,7.623863,10.469577,-94.140084,-8.411559,-84.172296
125.173469,44.000256,22.868874,7.019657,-111.727955,21.757579,-70.470634,45.518616,8.365685,11.216327,-93.858671,-7.223021,-83.043551
125.407478,43.644617,22.716401,6.763926,-111.443883,21.468629,-70.612712,44.810800,7.897251,10.817237,-93.570459,-7.496492,-83.404195
125.616506,43.887850,22.521949,7.546588,-111.577570,22.626807,-70.470262,48.200887,7.584891,11.438308,-93.780420,-7.263979,-83.882560
125.822523,41.867319,22.149365,7.030413,-110.989837,22.889984,-70.370550,49.943182,7.680973,11.797870,-93.953391,-7.607738,-83.914348
126.031931,42.572954,22.385550,7.341381,-111.399796,23.116441,-70.228695,48.739912,7.348444,11.641760,-93.649593,-7.742103,-84.092584
126.274059,41.891724,22.854670,7.226238,-111.644974,22.836908,-69.717377,46.543286,7.752201,11.732062,-93.588004,-7.637818,-83.586278
126.478780,41.228752,23.068022,7.328707,-111.782956,23.060261,-69.298854,47.796112,7.865849,11.928874,-93.767868,-7.663192,-83.576893
126.694623,42.085064,23.001875,7.478446,-112.019994,23.425032,-69.479378,46.664010,8.105649,11.790334,-93.715690,-8.019807,-83.293308
126.927092,41.475491,22.854633,6.809992,-111.644974,22.836908,-69.717377,48.508547,8.313220,12.114214,-94.046624,-7.708963,-83.257218
127.126758,42.408527,23.074593,6.376981,-111.941759,22.284276,-69.966835,49.082249,8.195411,12.189938,-94.072620,-7.530257,-83.398389
127.326436,43.386970,23.109450,6.214392,-112.215929,22.286506,-70.243607,47.911540,8.431754,11.998945,-94.020188,-7.887500,-83.115989
127.547348,42.084708,22.732648,5.868962,-111.386835,21.642497,-70.400127,49.636595,8.313889,12.572770,-94.231343,-6.874720,-83.327985
127.744591,42.188742,22.475920,6.017754,-111.197633,21.845707,-70.578244,49.186822,7.842635,12.258014,-93.942980,-7.147691,-83.690513
127.964484,40.823156,22.236944,5.538468,-111.031619,22.525374,-70.460184,47.693526,7.775978,13.208175,-93.595898,-7.318373,-83.545966
128.160289,43.541491,21.916395,6.443620,-111.600447,23.938103,-70.988420,42.787640,7.663443,12.984468,-92.891249,-7.976768,-83.291862
128.362178,41.046460,21.954169,6.427995,-110.961594,23.444270,-70.403724,42.343532,7.715033,13.162676,-92.908729,-7.337388,-83.215141
128.577018,40.400619,21.912594,6.465724,-110.825295,23.569425,-70.254635,43.506578,7.469844,14.281584,-92.940750,-6.302313,-83.447619
128.771042,40.883449,22.059675,6.827187,-111.114268,23.859061,-70.106993,43.498357,7.469849,14.273473,-92.940750,-6.302313,-83.447619
128.990758,40.764652,21.804608,6.597018,-110.838012,23.757827,-70.377668,44.830287,7.167328,14.022809,-92.972382,-6.586731,-83.809189
129.190600,39.468342,21.678722,6.282182,-110.578471,23.946752,-70.226626,45.644487,6.829813,14.510934,-92.869115,-6.567804,-84.120869
129.427941,39.924139,21.678733,6.737934,-110.578471,23.946752,-70.226626,44.626147,6.602125,14.244160,-92.713417,-6.367300,-84.274299
129.622989,40.205541,21.657576,6.162667,-110.550664,23.467485,-70.523691,46.993643,6.818300,14.951661,-93.048385,-5.733440,-84.197083
129.850671,40.293175,21.207612,6.199022,-110.163836,23.615334,-70.914199,43.262697,6.931336,14.895377,-92.688857,-5.761667,-83.875303
130.084300,40.089418,21.461817,6.268811,-110.520142,24.021220,-70.559811,43.033878,7.412986,14.795456,-92.797390,-6.317591,-83.435306
130.307111,41.870405,21.740166,6.943279,-111.068685,24.123747,-70.562719,42.362795,7.750879,14.300600,-92.901308,-6.337387,-83.124739
130.524939,41.761100,21.889344,6.718253,-111.358756,24.414207,-70.412955,42.503331,7.895179,14.345164,-92.901823,-6.874769,-82.995527
130.733124,42.189607,21.368223,5.864021,-110.697858,23.428321,-71.339516,40.510048,7.983947,14.461560,-92.718171,-6.386787,-82.788552
130.978092,41.869927,21.471581,5.958172,-110.766188,23.542278,-71.130619,44.358478,7.721856,14.738500,-93.104312,-6.184016,-83.254718
131.211563,42.686986,21.622073,6.659679,-111.052394,23.833810,-70.984705,42.461591,7.361676,13.590552,-92.780475,-6.957742,-83.511482
131.405045,40.765136,21.188835,5.801133,-110.141071,23.135004,-71.207415,44.112432,7.368110,14.753664,-92.972918,-5.804814,-83.551238
131.604129,42.139874,21.830983,6.597627,-111.028655,23.456424,-70.738794,45.665007,7.320296,14.327382,-93.166801,-5.970119,-83.720007
131.831606,41.424477,22.041748,6.520582,-111.084928,23.380825,-70.406843,44.768236,7.781481,14.214639,-93.247134,-6.169144,-83.267102
132.030889,41.858643,22.100191,7.453066,-111.417902,24.337272,-70.079425,42.327371,7.740920,13.456233,-92.917792,-7.017388,-83.176709
132.230431,42.236118,21.993715,7.595967,-111.430400,24.526218,-70.201656,43.315003,7.797888,13.501966,-93.061229,-7.001319,-83.190308
132.454981,42.236118,21.993715,7.595967,-111.430400,24.526218,-70.201656,43.315003,7.797888,13.501966,-93.061229,-7.001319,-83.190308
132.653357,42.157818,22.190688,7.139774,-111.373411,23.670416,-70.259350,42.920345,7.797867,13.107447,-93.061229,-7.001319,-83.190308
132.851220,42.686089,22.084967,7.433685,-111.386303,23.859421,-70.381489,47.473313,7.422738,13.046369,-93.465825,-6.937530,-83.839544
133.072062,40.798404,21.912595,6.863409,-110.825295,23.569425,-70.254635,48.011167,7.069867,13.630771,-93.334066,-6.557850,-84.133375
133.294075,41.515911,22.313516,7.735471,-111.476488,24.260066,-69.746361,46.269983,7.123869,13.423784,-93.167828,-6.752418,-83.979661
133.523189,41.376618,22.421974,7.821867,-111.462846,24.071083,-69.624563,46.306442,7.336598,13.342552,-93.294029,-6.594193,-83.810364
133.744189,40.860163,22.421982,7.305545,-111.462846,24.071083,-69.624563,47.254275,7.001288,13.864493,-93.191388,-6.574417,-84.121879
133.940878,41.929367,22.547598,7.754547,-111.891553,24.482254,-69.597548,51.390572,7.115403,13.096428,-93.698517,-7.385301,-84.376165
134.137337,41.289548,22.658403,7.010165,-111.706673,23.692499,-69.656266,51.048871,6.857753,12.902477,-93.537214,-7.502711,-84.566995
134.332849,41.405726,23.003513,6.633991,-111.935069,23.124190,-69.568974,54.022551,7.205168,13.096824,-94.044568,-7.211924,-84.520599
134.538975,41.405726,23.003513,6.633991,-111.935069,23.124190,-69.568974,54.022551,7.205168,13.096824,-94.044568,-7.211924,-84.520599
134.743835,41.405726,23.003513,6.633991,-111.935069,23.124190,-69.568974,54.022551,7.205168,13.096824,-94.044568,-7.211924,-84.520599
134.949851,41.405726,23.003513,6.633991,-111.935069,23.124190,-69.568974,54.022551,7.205168,13.096824,-94.044568,-7.211924,-84.520599
135.152556,41.405726,23.003513,6.633991,-111.935069,23.124190,-69.568974,54.022551,7.205168,13.096824,-94.044568,-7.211924,-84.520599
135.349226,40.900117,21.174477,8.093984,-110.614741,25.545314,-70.334586,54.568479,7.205114,13.642972,-94.044568,-7.211924,-84.520599
135.581751,41.399642,22.026761,8.458755,-111.502507,25.482662,-69.592318,59.125651,6.589202,13.075177,-94.144361,-7.594305,-85.393511
