0.000000,63.900973,14.237344,25.857316,13.226750,13.141355,26.165349,84.570983,13.808577,37.342712,18.173427,6.685899,14.249370
0.342917,64.853175,13.583511,28.063322,2.130381,7.966143,24.847521,1.305420,14.511801,17.335279,5.581789,-0.484829,37.079309
0.565715,70.708359,15.122441,25.123969,7.942468,16.725617,29.632276,83.566232,12.636026,35.685070,13.603948,4.063663,10.398535
0.810665,52.677263,13.861481,25.859670,4.960939,15.255780,31.215941,98.026035,45.426003,39.718480,110.233647,14.881816,-71.682578
1.005758,55.443174,14.106814,22.910644,11.531178,15.207963,27.897298,102.258328,47.402837,41.216182,108.017951,12.898973,-69.995975
1.240443,45.824010,13.305452,16.502973,7.414186,13.952733,26.514673,106.580992,11.425163,22.341089,-9.165644,-3.445139,-21.459089
1.491292,59.562380,18.014714,20.628883,3.979054,13.498900,25.035424,102.172220,46.927282,44.982105,109.210045,12.280763,-72.136291
1.714338,36.267066,12.343307,18.345736,-2.131748,10.689876,34.923751,95.131621,30.398425,33.209642,48.473292,19.501922,-69.807837
1.947966,47.880969,11.524900,20.008422,5.778894,10.758456,26.972079,90.921960,18.502283,26.637576,16.212148,14.824806,-46.045467
2.131653,92.515237,36.822957,26.020543,112.060129,9.566698,-67.499257,55.276823,9.895108,18.908997,13.565487,1.866621,-19.696826
2.373537,34.954498,11.095890,8.966033,11.401578,12.300951,26.127486,63.906549,5.128468,24.248531,5.204137,2.138515,3.216765
2.559452,31.414265,8.743750,2.957982,9.729288,9.177973,5.585733,72.473348,3.691490,23.854779,3.182158,2.950277,-14.469750
2.751428,56.681399,16.267532,5.799375,8.896796,6.327636,-5.383195,86.080841,9.705029,28.549336,4.575470,-0.529528,-20.134160
2.934828,71.011203,35.024654,8.533275,11.091757,7.622951,-7.099746,93.033432,32.751575,37.182100,4.989259,-3.566506,-29.597519
3.150590,74.738290,46.753852,9.238275,11.087165,8.216963,-5.365600,93.604692,47.903950,37.278107,3.407275,-2.487369,-27.371874
3.363862,77.108913,57.774073,9.941053,11.832751,7.366180,-5.335312,93.505299,56.217800,37.636274,4.331856,-2.303986,-25.934386
3.564650,78.755497,72.103527,11.366279,9.484027,7.996735,-5.127293,93.604639,72.281955,38.716471,3.338418,-2.840290,-25.008239
3.780624,79.058443,83.174065,12.940075,9.286978,8.003004,-5.840539,94.043324,83.500374,40.751485,0.585494,-3.566069,-25.842799
4.001981,78.074557,94.361127,14.208240,10.016023,7.164989,-6.760892,94.392461,93.834805,43.140450,0.642980,-3.573613,-25.682957
4.220169,76.503641,105.127657,13.064887,10.077592,6.583220,-7.423529,95.048542,101.187594,45.671009,3.147132,-5.205774,-25.183897
4.463266,76.124037,116.279018,14.550201,10.161589,5.298945,-8.339395,95.617862,107.734432,48.119343,3.683269,-4.977610,-25.482644
4.672587,76.023782,124.646097,15.737053,10.002023,3.109016,-6.447022,96.460275,118.300628,52.969502,6.198229,-3.741234,-26.528737
4.903396,73.636187,134.588846,13.928999,11.330734,1.190093,-6.086633,96.459889,125.849548,56.438734,8.084350,-4.300145,-26.544045
5.129870,68.440069,144.695484,6.111502,9.521329,1.798520,-5.594976,97.503632,134.012220,59.516354,7.610395,-5.927517,-27.077335
5.321241,65.927650,149.735700,2.190139,10.595376,1.433655,-6.075191,99.105776,139.291438,62.599887,7.651403,-6.525314,-27.929797
5.510805,64.068433,153.213533,-1.291587,12.529082,0.848860,-6.410727,100.474208,143.673082,64.377190,7.815448,-7.549626,-27.372880
5.707301,61.896966,155.502707,-5.218819,13.124283,1.177148,-7.170558,102.592791,147.449624,68.106930,9.251319,-8.556555,-27.238912
5.963487,58.273631,158.358103,-11.574387,13.003690,1.621590,-7.569688,104.567400,151.259445,72.436877,9.405229,-8.721049,-27.063472
6.151951,57.345233,159.328720,-12.646292,13.500370,0.791055,-7.990312,105.103803,152.309788,73.573003,9.526079,-8.916011,-27.313083
6.404482,56.983589,159.441591,-13.234134,13.255118,0.807296,-8.335055,105.455917,151.675638,73.413027,10.083189,-9.174956,-27.294999
6.613424,61.239611,154.105786,-6.341152,13.559912,-0.069099,-7.376715,105.229396,145.765620,70.366366,8.307430,-8.472061,-25.760505
6.827828,62.430929,150.453945,-4.134188,11.307461,1.676024,-7.369278,103.345066,139.471075,64.221598,7.882866,-7.591364,-24.919591
7.079047,67.239385,143.642062,4.585011,12.382917,0.332993,-6.949499,102.932350,132.859181,60.917647,5.122655,-7.200815,-23.602150
7.273445,69.316775,138.486494,7.162041,12.138841,0.773420,-5.932824,102.483830,127.497374,59.300964,5.484931,-6.898219,-21.549003
7.493272,71.040698,132.673150,9.004657,10.864390,0.830786,-5.616577,101.157758,121.988397,55.028040,5.253040,-6.173498,-20.189865
7.690054,71.078712,125.762669,8.137408,10.312774,1.186745,-5.564199,100.734813,116.204661,52.160931,4.856424,-5.804688,-18.877211
7.904387,71.305236,120.633395,8.296378,10.334026,1.790112,-5.384723,101.027481,111.255578,51.035555,4.555332,-5.703246,-18.290994
8.127129,72.251574,113.455296,9.115368,9.612968,2.377025,-5.340214,101.688528,106.176710,50.548751,4.394908,-5.633446,-17.730112
8.320145,72.443187,108.618406,9.487542,7.754975,4.110959,-4.852790,101.734759,101.087644,50.016546,4.137050,-5.348261,-17.344791
8.548410,71.185768,98.779268,8.031257,10.571191,3.954416,-4.556099,100.988442,93.729845,47.302509,6.368755,-5.864184,-16.791830
8.765188,70.390870,91.790087,7.284016,10.341533,4.741510,-5.139206,99.976034,88.230439,44.895817,3.882212,-3.342391,-17.910394
8.961314,69.691515,81.791840,7.279539,11.676682,5.701437,-5.564403,99.518498,78.946905,43.121941,5.667156,-3.646447,-18.761766
9.195457,67.986156,72.619346,4.933951,9.458783,7.799042,-6.152829,97.868251,69.631257,40.177219,5.276692,-3.180812,-19.442267
9.405664,67.866602,65.053673,4.515135,8.936527,8.686249,-5.548495,96.919404,63.818667,38.563119,4.808825,-2.203854,-20.782302
9.589121,65.754190,57.417514,3.762075,11.374437,8.828848,-5.136826,96.932620,53.455613,34.864809,5.793122,-3.134859,-18.412025
9.801161,62.421406,48.631066,2.341315,12.121584,10.246217,-4.726715,93.722773,44.914335,32.529819,8.361108,-1.798490,-16.220083
9.994249,58.451299,41.153586,-0.710385,9.833191,12.177295,-2.242023,91.761725,35.968823,30.135972,9.226715,-1.370889,-16.178422
10.203661,55.237762,33.884710,-2.072541,11.125641,13.287999,-0.480218,90.655056,29.144835,28.457848,8.544371,-0.687719,-15.315263
10.403164,50.729650,27.701524,-3.189404,13.849023,12.990348,1.219058,87.840413,22.999024,26.420153,8.442402,0.775871,-13.893681
10.608256,40.323548,22.018382,-4.782134,13.694876,15.673965,3.034269,76.126018,17.129137,26.252502,10.034008,2.155032,-13.356756
10.821016,26.638151,18.270898,-7.994127,16.079031,15.809318,3.083623,61.828242,13.781214,24.112146,10.743042,3.181732,-12.947207
11.023782,8.824493,16.008834,-10.859645,17.011545,16.364037,5.164277,44.677194,11.721084,23.916953,10.384171,4.273826,-12.207218
11.257650,1.824191,15.179662,-10.821605,16.061743,14.991032,5.056988,36.574409,9.639159,23.088965,11.552064,2.854829,-10.920539
11.468884,1.297790,14.889631,-10.808171,15.617784,15.148401,4.510592,36.266307,8.873850,22.933316,11.764665,2.167618,-10.623627
11.654296,1.297790,14.889631,-10.808171,15.622972,15.028304,3.885897,36.266307,8.873850,22.933316,11.587830,2.173559,-10.762699
11.864036,5.753534,13.211552,-10.172093,15.671931,13.104727,3.557067,50.032964,8.844640,24.389526,9.470684,1.967623,-13.222107
12.062634,16.951155,13.280216,-8.440307,15.714443,12.023427,2.251708,68.065581,10.873574,26.103615,9.156689,0.901853,-15.772740
12.291294,28.102565,14.529696,-7.277907,16.577842,11.073090,0.018236,74.127689,12.829065,27.544032,9.380157,0.228009,-17.547231
12.543401,42.993999,19.465281,-4.051617,15.847627,10.660843,-2.221796,84.282735,20.661392,33.546644,6.309421,0.038503,-21.750127
12.769180,54.589989,28.204229,-1.438144,16.014390,10.490503,-3.526230,90.023487,30.269596,38.051863,1.671794,1.517930,-24.873628
12.952528,61.760920,38.401479,0.650930,13.968273,10.053890,-4.103404,93.576841,39.436424,39.949753,7.011765,-2.817918,-24.795615
13.141565,65.641454,45.816591,2.010310,11.925244,10.040813,-3.882773,93.803647,46.092202,41.325130,4.924407,-1.344225,-25.162999
13.376496,66.769432,54.773210,1.376836,12.653980,10.147291,-4.288604,93.430724,56.377444,42.098282,7.137809,-2.273146,-24.034470
13.596177,67.385959,63.096968,-0.019999,12.103969,9.578211,-5.312760,92.715050,64.527068,41.619628,7.423784,-2.205507,-23.433823
13.821697,67.982280,72.012107,-0.289633,13.235428,9.673075,-6.358117,92.271794,73.093443,41.474893,6.974592,-2.510500,-23.270711
14.014955,68.253209,80.863678,-0.033599,14.212947,8.717255,-6.934418,92.816228,81.254492,41.452792,6.527303,-2.965672,-23.075051
14.238683,68.610308,90.985496,0.883872,12.239038,9.292306,-8.195877,93.361796,90.163747,43.043655,5.434711,-2.157909,-22.929353
14.462798,68.212329,98.228890,0.681309,12.888111,8.676942,-9.105706,92.722527,96.012756,43.838714,6.787906,-4.024668,-22.165522
14.645401,67.980485,104.397395,0.983832,12.901266,7.614618,-9.884376,93.073585,101.333904,45.504183,4.996048,-3.152400,-22.680399
14.857800,68.008610,109.487921,2.156350,13.082166,7.216326,-10.819307,93.277856,105.952741,46.637435,6.239358,-4.873975,-22.572622
15.075756,67.886193,115.126517,2.736041,13.541481,6.020270,-11.933419,92.964729,110.577380,46.941597,6.554373,-4.799659,-22.909595
15.264985,67.150990,121.511673,2.807854,12.570050,5.394783,-12.244906,92.784241,115.046589,47.326907,7.521820,-5.931951,-23.324317
15.460985,67.043588,127.987747,4.075023,12.342004,3.062132,-11.520640,92.978059,120.005622,48.422983,8.306081,-6.422233,-23.622612
15.649129,67.123615,132.932345,5.753710,11.820361,3.006261,-11.768614,92.881046,123.944402,48.956424,7.665478,-5.784253,-24.509529
15.866211,65.206040,139.060946,4.251358,12.212949,1.590723,-11.412540,92.677225,129.641007,48.002146,9.729974,-7.056145,-25.816779
16.101398,64.300487,145.204509,3.734636,13.014512,0.155458,-9.920801,93.126241,130.496097,48.653008,14.267209,-10.301129,-25.489088
16.326073,63.025523,149.629310,2.337295,13.514038,0.605164,-9.441348,92.970197,138.247058,50.325725,10.649459,-7.035842,-28.683285
16.543056,62.596279,151.727055,1.878805,14.922961,-0.781295,-9.574076,92.970197,138.247058,50.325725,10.649459,-7.035842,-28.683285
16.759257,62.252680,151.727050,1.535223,17.337312,-2.282446,-9.284219,93.313805,138.247050,50.669326,10.649459,-7.035842,-28.683285
16.983880,62.401862,151.727056,1.684411,17.836448,-2.321273,-8.778932,93.164624,138.247055,50.520135,10.649459,-7.035842,-28.683285
17.213156,62.401862,151.727056,1.684411,13.081254,-0.113416,-9.973411,93.164624,138.247055,50.520135,10.649459,-7.035842,-28.683285
17.442648,62.401862,151.727056,1.684411,3.440315,4.816126,-8.993299,93.164624,138.247055,50.520135,10.649459,-7.035842,-28.683285
17.667134,62.401862,151.727056,1.684411,-2.331956,8.926329,-8.714655,93.164624,138.247055,50.520135,10.649459,-7.035842,-28.683285
17.887070,62.401862,151.727056,1.684411,-9.253522,14.593780,-6.570815,93.164624,138.247055,50.520135,10.649459,-7.035842,-28.683285
18.106274,62.401862,151.727056,1.684411,-9.253522,14.593780,-6.570815,93.164624,138.247055,50.520135,10.649459,-7.035842,-28.683285
18.283536,63.376701,117.387880,3.938101,20.273035,-2.919637,-5.422499,93.164624,138.247055,50.520135,-6.655440,17.761022,-32.185387
18.504836,63.904872,110.975847,3.688366,10.679808,5.580809,-5.256419,92.993329,138.247064,50.348853,-9.834672,21.343252,-32.383306
18.711736,64.092773,104.763528,3.593209,10.936951,6.688250,-4.790062,95.275603,100.176847,44.422349,10.497002,-1.381166,-22.276770
18.957882,64.125056,96.622683,3.303301,12.903627,6.557732,-4.615248,94.624381,93.034183,42.716910,10.900813,-1.082673,-21.492062
19.171256,63.956154,90.608396,3.290980,13.262439,7.015767,-4.675185,94.341555,87.904816,41.198193,10.962111,-1.145167,-21.604978
19.392842,64.154437,84.470637,2.377387,10.759595,8.419883,-5.171186,94.430514,82.317506,40.728085,11.825552,-0.565353,-21.745678
19.582856,63.244404,78.291718,0.762163,12.422905,7.814945,-4.339920,94.751896,76.120585,40.220596,11.264817,-0.805029,-22.097516
19.766290,62.506305,74.287481,-0.182243,11.748083,8.385903,-4.443348,94.761665,71.725935,39.750058,12.191391,-1.746146,-21.887440
19.973535,62.346062,66.821305,0.313950,12.497576,8.678993,-4.071040,94.660487,65.106445,38.905030,9.764143,-0.997092,-22.934756
20.157427,62.038509,60.584132,0.836588,15.377544,7.971860,-3.937318,94.240404,58.959040,37.554984,11.531310,-2.340963,-22.659959
20.365379,60.871311,55.435340,-0.056875,20.130149,6.229366,-3.204709,93.257565,51.608877,36.346002,18.395602,-5.090225,-20.904055
20.583205,59.600488,50.075806,-0.510111,14.926525,11.076349,-2.695516,92.023525,46.417913,35.359649,10.855779,-1.225230,-22.187167
20.822126,58.069810,44.608239,-2.476032,14.917904,11.405655,-1.004613,92.050360,40.099353,34.258630,12.401638,-1.741956,-20.759023
21.008104,56.517441,41.244741,-3.614059,13.058429,12.781606,0.410583,92.147915,37.449544,33.445418,9.808546,-0.835359,-19.632327
21.200000,53.293788,35.579186,-5.615825,14.269734,12.833474,1.470358,89.841473,32.719198,31.946098,10.176528,-0.187994,-17.794928
21.413714,47.060240,29.723792,-8.699846,16.837124,13.747921,2.282119,86.932706,29.303187,31.967286,9.859950,1.111193,-16.815205
21.603426,39.058121,24.904335,-10.178813,18.031314,15.098253,2.778985,83.682531,24.503101,33.273565,9.876914,2.506382,-15.232870
21.804672,32.752128,22.665407,-11.409369,17.320491,16.257875,3.569984,79.621981,21.522749,33.411170,8.964954,3.563482,-14.770545
21.994772,21.104852,19.183544,-14.801770,17.455928,17.148765,6.480755,69.258811,17.041615,30.732942,11.201130,3.784840,-12.984810
22.222677,7.266939,17.407264,-15.927701,18.782334,16.908353,6.762107,61.250205,14.918781,30.240101,10.146938,4.201677,-12.143069
22.424576,4.492659,16.891998,-16.887970,18.974807,17.018400,6.413853,59.417680,14.137353,29.851638,10.259127,4.106584,-11.793300
22.635941,3.672490,16.623464,-16.770332,18.816084,16.893334,6.616518,60.556861,13.888734,29.777089,10.138528,4.061377,-11.983320
22.825587,5.489562,16.501582,-16.413938,19.130710,16.693642,5.857068,60.556861,13.888734,29.777089,10.326697,4.170965,-12.209358
23.050228,19.431461,16.933094,-14.107741,18.295320,14.604239,3.893144,72.591165,15.465242,32.788560,7.679090,3.138032,-15.141343
23.264320,31.053646,20.133465,-10.487555,18.843920,13.784537,1.410922,79.842199,18.042375,35.680578,11.791779,1.913574,-17.677241
23.450014,42.515959,26.173836,-7.438349,17.187119,12.998613,-0.379248,87.300426,23.278027,39.581263,12.876736,0.687255,-20.476715
23.645042,47.974763,31.882946,-6.268495,17.535181,12.774260,-2.130335,92.638407,29.845281,42.585113,12.261111,0.477926,-23.078303
23.834705,51.949229,38.418943,-5.767444,18.605051,12.254536,-3.947802,95.440383,36.457593,44.151486,10.102138,1.048959,-24.507019
24.021098,55.253649,46.769684,-6.252534,10.705790,14.497996,-3.226730,96.863013,41.029966,44.833965,11.652299,0.092890,-24.445182
24.212810,56.168561,52.949973,-7.035144,17.375690,11.544530,-5.686684,97.195223,44.785685,45.130976,14.127614,-2.014171,-23.904225
24.398605,57.373139,57.258383,-7.180839,18.835273,10.665760,-6.302735,97.676571,54.958887,45.070439,11.156533,-0.147084,-24.651661
24.607495,58.981881,66.268792,-7.070023,15.900547,10.946685,-6.722946,97.973438,60.292063,44.694577,10.942037,-0.328432,-24.592005
24.825941,58.718295,67.264580,-7.428626,17.876311,10.204363,-6.391036,97.996297,62.490133,44.896132,13.132767,-2.020576,-24.007866
25.045662,58.718295,67.264580,-7.428626,17.876311,10.204363,-6.391036,97.996297,62.490133,44.896132,17.634769,-4.633708,-22.681166
25.258638,60.341991,85.266621,-6.126428,0.975689,15.875957,-7.427846,97.996297,62.490133,44.896132,25.272049,-9.726850,-20.359995
25.446759,60.318212,90.000151,-6.478471,16.739610,9.639615,-7.289180,98.578518,85.107003,47.580384,10.187073,0.260903,-24.935070
25.695269,60.689802,95.418915,-5.766539,18.449875,8.908316,-7.376014,98.830761,89.502694,48.828837,12.254330,-0.994744,-24.246952
25.884535,60.998456,100.673889,-4.809738,17.815660,8.897189,-8.230576,99.167374,94.268889,49.858959,12.428465,-0.990653,-24.072602
26.106574,61.060936,106.560329,-3.522368,19.863511,6.995330,-8.800179,99.709727,98.972326,50.890587,12.759514,-1.747166,-24.167220
26.332532,59.978794,115.263437,-4.751060,18.710737,7.054653,-10.767038,99.348259,106.579480,52.669167,11.219601,-0.829765,-25.360465
26.517152,59.598293,120.910043,-4.755264,19.202477,6.082673,-11.062446,99.203833,109.828661,52.985831,12.927107,-2.607490,-25.383622
26.726005,59.600326,125.874722,-3.921604,18.410942,6.384346,-11.996456,99.069392,114.337792,53.895006,13.211811,-2.632341,-26.219858
26.952863,60.175901,132.816422,-2.097377,18.571318,4.410785,-12.532538,98.417381,119.695328,52.160237,16.254444,-4.518555,-27.225703
27.136949,59.496572,139.527576,-2.396106,17.994853,3.947094,-10.566852,98.112284,124.745672,50.631749,19.431967,-5.291057,-27.428423
27.319690,57.349998,145.005644,-5.000488,18.714043,3.244749,-9.480035,97.951546,128.101884,50.605364,20.378488,-5.654105,-27.477007
27.521814,55.936297,148.718557,-7.901977,18.557818,2.719354,-9.049972,97.990232,134.540182,51.656559,19.853800,-5.338165,-29.498923
27.719778,53.193185,151.943013,-13.073596,18.911981,2.336771,-9.470274,97.565047,137.591112,51.119206,20.974321,-5.964618,-30.079620
27.918151,51.636255,153.003867,-15.660475,19.612989,2.023508,-8.822994,97.685371,138.372828,50.893466,22.058986,-7.184190,-31.107971
28.118530,51.513368,151.669069,-15.943174,19.928496,1.497585,-8.021247,97.705786,137.537962,51.090059,22.225180,-6.862389,-31.486246
28.314873,51.784697,149.503204,-15.280228,21.208049,1.247566,-7.832101,97.355752,134.426165,49.468641,23.697776,-7.577715,-30.133995
28.503077,52.038891,144.464108,-14.982125,19.346519,1.866405,-7.364332,97.551700,132.243598,49.181304,21.256788,-5.106348,-30.087813
28.700713,52.218046,140.539671,-14.474983,18.240501,3.217231,-7.314264,97.782069,127.302818,48.686142,21.369400,-4.499283,-28.928124
28.903434,53.169301,134.055715,-12.028352,19.594374,3.179939,-7.305840,98.138077,123.357096,48.301389,21.400187,-3.903372,-27.976416
29.108273,53.836271,129.843000,-11.604447,19.599772,4.075458,-6.865706,97.869401,120.840763,47.431610,21.258848,-2.997387,-27.463646
29.303593,53.989357,126.877984,-11.100295,18.740960,5.223064,-6.535306,97.905628,117.781287,47.310010,21.310965,-2.397182,-26.661653
29.504200,54.394265,121.894389,-10.564605,17.975421,5.278199,-6.044288,97.841688,114.462511,46.990214,20.287191,-1.764914,-25.823341
29.711860,56.388139,114.594131,-6.831445,17.902132,4.581937,-5.345232,98.617284,109.885553,48.511754,18.616705,-1.079058,-24.485583
29.912609,57.428783,108.873701,-5.572432,16.647675,5.076978,-4.387152,99.266080,104.471360,48.904055,17.528359,-0.426151,-23.294412
30.114756,59.014031,103.286725,-3.864016,16.171163,5.605654,-3.891884,101.341086,97.865039,49.560022,15.892123,-0.989357,-22.215846
30.345206,60.614817,95.929801,-1.713412,15.449707,5.290614,-3.330397,102.253939,91.010088,48.641851,13.886720,-0.296980,-22.274844
30.587412,60.735853,90.132880,-1.891774,13.967047,6.877156,-3.735856,102.392590,86.327828,46.017820,13.561407,-0.098484,-20.032535
30.806650,58.102442,80.300660,-4.487525,15.465666,7.215163,-3.283868,102.826664,80.287764,45.731475,12.985416,-0.216005,-19.832091
31.040762,56.123352,72.761914,-6.069018,17.304285,10.343949,-3.410797,101.536327,69.247799,44.087690,15.576050,-1.402051,-19.568281
31.256851,53.843557,63.752120,-7.681452,18.984996,12.717274,-3.531637,99.833707,59.350639,43.067151,12.096970,-0.247747,-20.484844
31.476465,50.911905,53.983307,-11.154606,19.265853,14.239158,-2.466821,97.166859,48.403604,40.962483,12.377144,-0.364860,-19.961496
31.668138,46.204230,44.759847,-11.770182,21.294677,14.947964,-1.298096,93.672496,39.747281,38.493720,11.547346,0.466285,-19.009394
31.854981,41.418424,35.547754,-11.633601,19.611826,16.836480,1.977461,90.870473,32.395096,35.674845,12.359045,0.678035,-17.208125
32.043474,34.241432,28.685272,-11.955398,20.379342,17.483686,4.112491,87.196814,26.033588,33.749605,11.865552,1.670143,-14.722538
32.229878,22.232292,22.517409,-12.718656,20.277541,18.255600,5.815779,78.110580,19.644245,32.369516,12.373118,3.094774,-12.988691
32.459092,11.294503,19.422452,-14.873995,19.018589,17.920949,9.487418,63.778723,15.273463,30.998364,12.622418,4.729192,-11.226652
32.670837,-0.220124,17.739124,-16.338770,18.777823,18.498871,10.825044,45.560367,11.839617,30.001728,10.699330,5.156364,-9.122339
32.858522,-13.997388,17.369751,-18.497973,19.140868,18.412817,11.123788,36.486148,10.996364,29.538458,11.848871,4.910486,-8.115196
33.083036,-22.157729,17.328111,-19.940861,18.131517,18.764334,11.424127,23.090714,10.644884,28.222842,10.366076,5.294609,-8.103061
33.335138,-25.578235,16.948284,-20.002157,19.265885,18.275709,11.276606,22.531906,10.565474,28.332195,10.522213,5.523875,-7.905974
33.565726,-19.526035,15.220573,-20.170924,20.316162,16.823935,8.845564,28.910690,9.636978,30.095930,11.065166,4.227000,-10.191970
33.788379,2.583059,14.783531,-17.446393,18.134067,14.955361,6.449907,51.143444,9.535337,31.976361,12.327486,2.539371,-11.190474
33.977694,15.181369,16.104576,-15.259432,20.388138,13.785160,5.298891,77.181929,13.948521,37.189895,10.992751,1.081290,-14.829780
34.214885,36.538295,23.576141,-10.254758,16.167633,13.005381,1.428288,87.362574,18.844307,40.619561,11.895988,-0.285916,-18.866020
34.439349,43.524842,30.737445,-9.000772,18.132548,12.010975,-0.798875,93.469601,27.763187,44.445028,12.186132,-0.778970,-22.030443
34.644100,48.568793,38.936093,-8.921412,17.179164,11.967439,-1.896522,96.418197,35.189868,45.496568,12.245478,-1.098986,-22.892432
34.871292,51.955620,45.653890,-7.706014,20.682373,11.162284,-3.244605,98.236757,42.559969,46.109141,11.560183,-1.448865,-23.439493
35.059499,54.625000,53.316089,-7.525915,17.568476,11.864775,-3.492443,98.738965,49.138283,46.707877,11.914614,-1.037535,-22.304493
35.266900,56.702598,60.103350,-7.111119,16.906123,11.342814,-4.415486,99.912845,57.842043,47.325405,10.422556,-0.928074,-22.526663
35.461409,58.016517,66.122458,-7.408611,17.273853,10.640254,-4.459646,100.747381,62.114356,47.968533,11.603152,-2.121258,-22.455413
35.672042,57.857366,70.014127,-7.904795,18.987174,9.622736,-4.664089,101.310411,69.380832,48.929307,9.132783,-0.221294,-23.116323
35.904927,57.837266,81.688567,-7.756423,16.192623,10.450698,-5.938578,101.416822,76.339206,50.199440,9.720637,-0.612627,-23.086827
36.113249,57.439907,87.910073,-7.471085,16.986862,9.906287,-6.377115,101.770030,84.117131,50.996510,8.720762,-0.565094,-24.062666
36.327234,57.266908,93.973972,-7.407597,16.689063,9.743496,-7.674811,101.729406,87.994005,51.479887,10.257458,-1.789907,-23.566787
36.558372,56.751875,101.086468,-7.048965,17.764832,8.286653,-8.714862,101.599899,95.508675,51.907218,10.981299,-2.803323,-23.341273
36.746018,56.222696,108.503851,-6.794318,17.864861,7.503151,-9.924314,101.464915,101.724950,52.684563,11.423813,-3.192755,-24.243464
36.932702,55.216214,115.062325,-7.072761,17.809281,6.858867,-10.512626,101.450924,106.295531,53.059872,11.064799,-3.518676,-24.233145
37.119710,54.793232,117.583249,-7.552490,20.211362,3.302247,-9.209109,101.301900,107.864226,52.500340,10.167640,-2.647577,-24.220855
37.331303,54.793232,117.583249,-7.552490,21.224580,2.362200,-8.532338,101.301900,107.864226,52.500340,10.167640,-2.647577,-24.220855
37.514616,52.059056,134.844441,-10.473873,7.384687,11.625688,-12.395855,101.301900,107.864226,52.500340,25.243128,-13.763722,-20.961056
37.712781,49.690563,140.577361,-15.949060,15.945275,2.311622,-10.429455,99.882515,128.149559,52.071563,15.128306,-5.098747,-26.194344
37.914771,46.711409,146.038557,-22.444667,15.022298,1.196122,-10.116566,99.774349,133.297870,51.366634,14.424101,-6.101244,-26.994515
38.120286,46.032491,149.426125,-23.935232,16.010945,-0.231726,-9.655486,98.621051,137.551751,50.289693,12.507814,-5.139595,-28.223916
38.324851,45.676411,154.564165,-25.693199,15.022164,-0.701728,-8.403523,98.150456,143.100822,50.130508,13.610786,-8.457355,-28.934800
38.521496,45.307506,158.229625,-26.071848,14.730531,-0.828409,-8.005396,99.029676,146.822077,54.131746,12.868354,-9.177176,-30.664312
38.718362,41.564187,160.377702,-32.399643,15.662832,-0.605684,-8.031856,100.586594,150.625355,58.528106,12.558096,-8.741549,-29.689903
38.918052,40.197668,160.047789,-34.615639,15.678756,-0.609224,-7.778201,100.795389,152.285000,59.334589,14.492884,-9.788342,-29.040636
39.127968,40.050107,158.777414,-34.465148,16.297238,-0.675614,-7.940672,101.279440,151.328575,59.457183,15.583145,-10.752273,-27.203745
39.330170,41.435655,155.747067,-32.005786,17.590873,-1.250101,-7.363673,100.965970,147.947283,58.861929,14.410165,-10.132141,-26.725859
39.537430,44.069035,151.665052,-27.547104,16.363210,-0.632699,-7.332927,100.241339,144.309009,57.706665,13.844026,-9.083337,-27.368351
39.739166,45.102122,148.655810,-25.482659,16.031829,0.059040,-6.487881,100.862331,139.058751,56.777338,13.508557,-8.590705,-27.360374
39.934446,46.604005,140.623518,-23.078778,17.266265,0.156330,-6.473043,101.656890,133.195368,55.380178,13.838791,-7.711869,-26.201256
40.137140,47.139676,135.227112,-21.658955,17.431001,1.421758,-6.631388,101.113444,128.870545,53.807501,14.172967,-6.819729,-25.565262
40.355542,47.886489,129.768915,-20.094756,19.062375,0.574825,-6.614354,100.715552,125.694823,52.116044,14.434075,-5.558512,-25.009928
40.553076,49.166260,125.756933,-17.946970,17.365900,2.453105,-6.131150,100.352759,120.486718,50.701415,15.800952,-5.140231,-24.441838
40.751533,50.552983,122.588151,-15.589594,17.546888,3.233727,-6.053154,100.132239,116.537671,49.792652,15.318524,-4.724035,-23.980550
40.960243,50.843789,118.391670,-15.506716,18.616838,3.081683,-6.027583,99.832310,112.241796,48.581788,14.079636,-3.899073,-23.267674
41.154471,51.419169,113.667450,-14.897589,18.081469,3.424961,-6.151717,99.481600,106.613123,48.128499,13.920184,-3.410070,-22.705102
41.375013,52.190156,107.801338,-13.242228,15.801707,5.830852,-5.518953,99.718888,101.411553,47.716775,13.259299,-2.876682,-21.961410
41.584406,52.945055,100.139534,-12.431978,18.642818,5.337317,-4.903381,100.323669,95.126623,49.412030,10.069457,-2.751843,-22.708780
41.799388,52.484685,91.041961,-12.412897,18.533117,6.250468,-4.639049,100.703747,86.674895,47.932994,11.756348,-3.690576,-21.448326
42.018200,51.985975,83.632818,-14.038845,17.083879,8.539717,-4.140800,100.622645,82.859455,47.733767,10.842001,-3.157316,-21.631627
42.247461,51.567976,79.391001,-13.830330,18.549030,10.123340,-4.342928,100.987236,78.445731,48.021104,10.960718,-2.112513,-21.450253
42.442957,51.029649,74.351890,-13.410282,19.598351,11.989350,-4.090159,100.648410,73.584845,47.277767,10.264723,-1.132358,-21.231669
42.634658,49.192238,67.313766,-14.628452,21.731720,14.524670,-4.009489,99.858293,67.814699,46.165237,10.871699,-0.726555,-21.857665
42.821485,47.250425,61.613469,-14.759931,22.760697,16.529451,-3.770545,99.441798,61.911875,44.660343,11.485516,-0.929828,-21.919992
43.048683,45.276060,54.511823,-16.640277,23.412976,17.203073,-3.493452,98.406399,55.549225,42.390823,11.782026,-1.364861,-20.712658
43.254347,42.978761,47.774154,-16.580236,22.780113,18.348831,-1.999289,97.473354,48.366975,41.892503,11.113157,-1.372207,-20.725243
43.435351,37.715674,41.596112,-17.676737,23.367428,19.611379,1.008834,97.046263,42.523758,41.293200,11.207929,-1.960981,-20.498520
43.654755,34.598163,35.335788,-17.794426,24.221070,19.858201,2.551738,95.998116,37.090951,40.572779,10.013210,-1.790096,-19.989193
43.903826,27.369046,29.799175,-20.038671,24.792262,19.663761,3.768703,93.962152,32.283957,38.876793,9.421983,-1.544609,-18.732823
44.085692,20.857181,26.137025,-21.814245,23.553419,19.540796,7.006831,94.654299,29.056481,38.799100,8.212905,-0.332120,-17.134637
44.299950,13.144830,22.956041,-23.091209,23.108610,19.498644,7.976153,91.409838,21.134957,35.532363,10.382119,-1.091296,-13.032957
44.517453,0.087635,20.299112,-23.235978,24.222108,20.516268,9.097358,82.059727,17.671067,34.029014,8.417458,0.465860,-10.647275
44.748015,-12.680986,18.623193,-21.551157,24.157301,21.140382,11.288522,70.575534,14.726777,34.001960,9.519435,1.502034,-9.429206
44.966579,-18.310684,16.430674,-23.958285,21.291318,19.547286,12.243160,62.779459,11.955232,30.983377,9.446117,1.696503,-7.188087
45.152744,-32.955237,16.309763,-26.075578,19.644032,17.976778,14.980849,44.333407,10.797662,30.991176,13.244261,1.953496,-7.610164
45.383412,-42.031613,17.356495,-26.626019,20.890778,18.312457,15.225138,31.487993,10.178890,31.371469,10.025045,3.330186,-5.946574
45.607452,-38.701968,16.497889,-26.744772,21.482868,17.701167,13.679429,36.789458,9.960449,32.778578,10.354683,2.866255,-6.919139
45.790927,-25.062972,15.162827,-26.354674,21.982144,16.888960,11.265260,47.666646,10.149592,33.991265,10.914101,2.393507,-8.483372
46.004074,-1.958006,15.921250,-24.713734,23.222184,16.449947,8.055484,51.072175,10.246867,34.349752,15.785171,1.391583,-9.906363
46.212050,9.655952,17.516140,-21.727383,26.568790,16.117274,6.106845,51.072175,10.246867,34.349752,16.234411,1.324885,-10.124231
46.429809,30.435487,26.963703,-20.401968,23.003994,16.629106,3.868171,52.053822,10.246827,35.331576,16.234411,1.324885,-10.124231
46.638791,37.380684,34.058393,-20.383437,22.780778,17.022068,3.043061,96.792112,33.956357,48.487656,13.971984,0.411224,-19.647216
46.821401,41.488687,41.108388,-19.834680,21.668184,16.490335,1.712467,100.625533,41.201190,49.518940,10.680483,0.782444,-20.894149
47.037662,44.835111,47.811078,-19.172591,21.121888,16.591476,0.892309,102.044868,47.906358,49.963405,9.426528,0.619988,-21.110496
47.216563,46.894975,56.219873,-19.022304,21.020379,15.460218,-0.402585,102.803190,54.411040,50.032549,9.932015,0.474346,-20.367323
47.420468,47.879086,62.525183,-19.418202,19.785906,15.586565,-0.597833,102.666362,59.472764,50.128600,10.382279,0.816364,-20.375142
47.631020,49.121745,68.890618,-19.942108,20.855830,14.590022,-2.126735,102.702158,66.522280,51.037756,11.163597,0.557589,-20.515126
47.831006,49.971799,76.201356,-19.574656,19.596129,13.239894,-2.588730,102.408897,73.385760,52.120022,11.513594,0.351206,-20.407747
48.055689,50.038004,82.927332,-18.787230,19.798772,13.111531,-2.927754,102.599594,79.677818,52.004862,11.126809,0.117384,-20.980843
48.232105,50.292323,88.995514,-18.298040,17.464268,13.656794,-3.317345,102.734502,86.557773,52.585618,11.454177,-0.424471,-21.039529
48.424882,50.387827,95.894626,-17.422852,19.322094,11.588099,-6.379213,103.475014,93.259433,54.751663,9.951223,0.534470,-22.064134
48.624385,50.506884,103.566415,-16.166201,19.421736,10.202318,-7.312172,103.438303,100.804564,56.574750,10.058003,0.361473,-22.854349
48.848041,49.078663,112.935225,-17.569071,18.410366,8.454115,-9.074913,103.103478,106.854979,56.755652,11.420644,-3.020506,-23.250228
49.055789,48.668448,120.337411,-16.733762,17.681636,5.726872,-9.949126,102.692184,115.126847,57.425941,10.933710,-4.025618,-23.792338
49.286250,48.555492,128.159485,-16.494422,18.240052,1.266142,-8.635506,103.419921,122.494069,59.437885,10.772251,-4.975107,-25.106304
49.503155,47.201877,138.783022,-17.721807,16.155968,1.022007,-7.728489,104.216210,128.562517,58.617114,12.190868,-6.841879,-24.894856
49.721534,44.212004,145.744582,-21.861889,16.565189,0.629131,-6.664342,103.431949,136.278773,58.441134,13.928619,-6.321475,-27.439707
49.902245,40.733531,150.860124,-27.145223,16.650309,0.730117,-6.170110,102.795359,140.403560,56.895118,16.851195,-7.933561,-27.834292
50.120934,36.041384,154.556024,-35.249638,17.949604,-0.142492,-5.933303,102.537697,143.379242,55.997813,19.291119,-10.101507,-27.624956
50.343997,30.006148,159.243850,-46.084473,15.881442,1.621898,-7.554889,107.963495,149.031805,64.627175,15.036620,-9.848714,-28.169059
50.547854,27.740777,160.829276,-50.817747,18.878580,0.024667,-7.134479,109.127030,151.320125,66.859716,12.997336,-8.615548,-28.542920
50.730305,24.334244,161.731705,-57.239897,18.674574,-0.297340,-8.168569,109.359281,152.285132,66.440744,17.675457,-10.807722,-27.589189
50.953243,28.036553,157.917763,-49.459944,18.684238,-0.058231,-7.310353,110.024794,151.068247,67.625331,18.211901,-11.090346,-26.106689
51.174753,35.284102,153.247066,-36.062013,21.943490,-3.647777,-5.276074,110.379318,151.068209,67.979851,18.211901,-11.090346,-26.106689
51.388970,41.689943,142.549938,-25.820021,16.954792,-0.778251,-4.714353,111.020807,136.313453,65.304871,13.001143,-8.716408,-23.208896
51.623559,45.286246,134.398312,-20.369531,14.140610,0.171290,-4.847738,112.389871,127.288118,64.162967,10.998354,-8.463866,-20.908604
51.840237,48.042170,128.064361,-18.257491,13.764266,0.793721,-4.408482,112.603848,121.710142,63.018242,8.612179,-8.488352,-19.180571
52.055263,49.796248,122.253520,-16.859432,16.649289,-0.985399,-2.719717,112.874454,120.493471,63.022065,3.139509,-5.445394,-18.150454
52.249978,49.994493,113.970505,-16.269762,11.686275,2.697701,-3.781463,110.969766,108.043891,59.489989,7.547177,-7.970982,-16.517828
52.468855,48.919395,105.427398,-17.266500,11.531834,4.119865,-3.214680,110.165132,101.385579,58.026624,7.792717,-7.301851,-16.201513
52.704358,48.985985,94.559032,-16.278367,13.536467,4.642920,-3.330488,110.273741,93.833296,57.579895,9.686373,-7.626773,-15.903128
52.941874,49.499054,87.618838,-15.755731,14.396717,5.363936,-3.376063,110.876341,88.000184,57.223358,8.646321,-5.510768,-16.623953
53.135546,48.960103,82.884859,-15.940678,13.901994,6.683746,-3.436810,110.479609,83.279499,56.413712,8.602705,-5.194763,-17.201605
53.376197,48.716411,77.959722,-15.996325,13.787741,8.027953,-3.382094,109.990986,76.939632,54.239995,7.943775,-5.243376,-17.938557
53.590144,48.021140,70.861186,-16.413704,16.416561,9.379979,-2.475892,109.158508,71.012515,52.350862,8.504178,-5.260951,-18.561550
53.813425,46.528050,64.649016,-17.251728,16.243427,12.152007,-0.776057,108.777898,61.790792,50.526941,10.046919,-6.006003,-18.668060
54.043366,45.060196,57.054805,-18.654183,18.410829,14.087780,0.808532,108.539398,55.188063,50.124493,7.896900,-5.175997,-19.964359
54.267206,43.340409,51.494227,-20.885597,17.390224,14.957604,2.449798,108.053847,50.414879,48.835848,7.206622,-4.929018,-21.419394
54.478719,41.686624,46.396258,-21.719110,18.090832,15.773540,2.855423,108.158306,43.835951,48.404452,7.868510,-5.340385,-20.855430
54.660470,38.180426,40.425426,-23.803297,18.239374,16.448646,4.656977,106.559078,38.247375,47.241319,8.377320,-4.913214,-19.682536
54.842477,33.757316,34.654416,-25.225687,22.006224,17.750677,4.723969,106.324509,37.770377,47.162623,5.380852,-2.383831,-19.218197
55.071118,28.560014,29.228735,-27.524617,21.589438,17.952720,6.020945,105.607601,37.118455,46.766615,0.669294,1.168867,-17.568058
55.290290,15.590791,25.998987,-29.378179,27.571777,20.074393,5.445816,96.487448,23.751696,43.240883,13.189831,-1.411109,-14.047941
55.473924,5.595322,21.486444,-33.612823,23.774806,19.408738,8.800512,96.796616,23.751683,43.550043,12.009970,-0.064835,-14.116648
55.694309,2.388305,19.565999,-33.211857,22.418474,19.098717,10.003759,88.336283,18.461701,40.213545,12.257318,1.878739,-11.341092
55.894096,1.886378,19.566008,-33.713784,18.840713,18.881682,12.061065,84.367300,16.970490,41.138438,11.402795,2.859825,-11.549724
56.112949,-23.026778,17.749798,-35.163175,23.279155,20.328345,13.453052,56.214111,12.117307,41.347210,15.955010,4.441125,-10.452082
56.342512,-26.756143,17.685257,-34.888153,23.706223,19.994809,12.904660,52.349782,11.644106,41.577924,16.402505,5.307605,-9.516865
56.560444,-23.185638,16.747317,-34.202332,23.707941,18.956736,12.727458,58.340179,11.449023,42.449610,16.402577,4.780275,-9.686716
56.754743,-6.585967,16.458323,-31.219030,24.015916,17.541550,10.139146,70.735216,12.399146,44.484057,18.404634,3.501924,-12.163035
56.973245,13.679501,19.597979,-27.353001,24.725330,15.898322,6.653911,90.096622,16.404196,48.219982,18.369218,1.000706,-16.822113
57.209149,25.194748,26.155536,-26.922528,22.658436,15.971943,4.359462,106.822103,23.402820,52.261079,18.007404,-3.923260,-22.004706
57.427373,32.232272,32.478647,-27.050701,21.446850,14.816503,2.858372,114.630915,33.725231,56.129990,13.339759,-5.909192,-24.078226
57.649459,37.135115,39.540349,-26.432763,19.681069,14.141323,1.715549,113.647663,41.200514,56.144809,10.644806,-4.863693,-23.856247
57.862627,39.769069,46.233876,-24.349544,19.697317,12.623378,2.750438,114.686224,45.915669,56.718817,9.629370,-4.623637,-22.458472
58.080607,44.370804,56.771714,-22.752583,16.208655,12.057768,0.806070,115.423012,52.150650,58.617131,9.192864,-4.322438,-21.718442
58.306651,45.960888,64.085648,-21.486694,16.264015,10.767814,0.263189,116.806847,61.205048,60.315182,6.470289,-3.522167,-21.832395
58.519811,47.072195,72.929152,-20.253490,13.303376,10.467147,-1.283134,118.376956,68.832242,62.291737,0.053906,-0.925343,-22.872464
58.761256,47.690593,74.349756,-19.837586,21.938621,5.937356,0.541012,118.072544,69.666551,62.028219,9.091824,-7.917054,-20.856652
58.959779,47.189036,74.349747,-20.339134,28.095028,2.334066,1.562186,118.574101,69.666540,62.529769,9.091824,-7.917054,-20.856652
59.165108,47.135436,74.349753,-20.392733,34.752195,-1.910593,2.584802,118.627701,69.666545,62.583367,9.091824,-7.917054,-20.856652
59.393265,44.925536,106.823492,-19.974547,12.440449,6.849414,-3.712841,118.934138,69.666534,62.889796,29.768490,-22.074433,-15.100650
59.581545,43.178297,115.371421,-19.016182,13.441121,6.196370,-5.303774,118.342261,108.890916,69.531542,4.691648,-5.286877,-23.219030
59.807212,42.133705,124.686380,-18.510970,9.287029,8.765485,-7.394682,118.342261,108.890916,69.531542,6.338191,-6.600966,-22.491568
59.999113,41.346417,133.554843,-20.067192,3.085922,11.907343,-7.723506,118.342261,108.890916,69.531542,7.079652,-6.458372,-22.181448
