0.000000,-92.060326,36.180821,-72.921788,47.894981,40.246418,-23.024780,53.249360,26.522791,85.144154,43.293130,21.882352,-19.626142
0.332611,-94.942381,27.681133,-72.862966,20.888439,28.250038,37.943496,62.995074,15.565179,88.149430,17.085983,9.152266,25.658531
0.610815,-39.896668,17.947293,-66.018545,18.848494,23.064238,27.268079,117.211736,12.324765,96.827615,13.523499,4.234390,18.549595
0.863498,-44.093399,17.552172,-70.761035,7.848647,17.799462,30.858097,109.756026,13.157761,94.331721,10.852393,3.671032,19.608775
1.086016,-37.583615,15.687244,-62.010866,12.254446,17.161918,32.509994,123.330228,12.237114,95.993020,6.150041,3.511800,19.267790
1.337893,-35.841109,16.290809,-61.084181,16.944354,17.471730,33.338362,123.891195,13.916992,96.193702,12.476830,4.389646,16.385683
1.588159,-33.031162,15.869267,-61.438047,12.539974,16.014093,31.447356,123.825632,13.174996,96.945681,6.049611,2.960017,18.600399
1.780617,-31.621716,15.861659,-61.624377,15.767971,18.504234,33.908533,125.470481,13.792507,97.358869,8.729459,3.783090,17.829994
1.972666,-33.959855,15.585972,-61.293822,13.709871,17.254400,35.566626,124.791528,13.646784,97.264091,7.998299,3.751370,18.231720
2.179815,-32.158640,15.754488,-60.871787,14.941893,18.265196,34.807298,126.225474,13.819014,98.479550,8.303803,3.255192,17.710783
2.367824,-36.337298,32.269428,-87.183034,74.138575,26.846452,61.644381,140.210385,27.634046,76.299313,66.871118,-0.285470,63.563943
2.587511,-35.889883,32.141728,-86.937285,74.093057,26.377142,59.859851,140.647515,27.454458,76.360711,66.888394,-0.323374,62.316530
2.813157,-36.034377,31.934670,-87.416228,75.808954,28.016073,49.859413,140.536058,27.454459,76.249248,65.950330,0.298838,52.558314
3.029627,-36.034377,31.934670,-87.416228,75.808954,28.016073,49.859413,140.536058,27.454459,76.249248,65.386708,1.139538,41.883831
3.280060,-36.034377,31.934670,-87.416228,75.808954,28.016073,49.859413,140.536058,27.454459,76.249248,65.287284,4.269364,23.139062
3.511461,-35.260409,29.653162,-88.272506,80.842328,26.704451,-3.971258,142.288999,25.928546,76.420942,67.368541,6.022185,-3.492380
3.742774,-32.543064,28.832673,-87.874433,81.094553,24.338378,-25.412324,143.509108,26.072146,77.061781,68.523893,6.489411,-28.225935
3.959009,-30.742930,28.362279,-87.372679,79.680554,20.917772,-45.925312,144.581853,25.908534,77.565987,68.995293,6.301119,-43.752388
4.195759,-28.311936,27.436259,-86.853629,77.093277,18.678871,-64.911037,145.814483,25.935024,77.847244,69.483275,5.967074,-70.907301
4.414352,-26.917454,27.113552,-86.596365,76.107705,17.165431,-75.108442,146.363080,26.020025,77.413075,69.042564,6.220797,-75.485988
4.627477,-26.835122,27.483348,-86.725812,77.593349,17.553861,-68.857839,146.363080,26.020025,77.413075,69.053909,6.573445,-64.952297
4.817721,-29.091742,27.709928,-87.456153,81.665048,20.876026,-42.021951,146.742484,26.046994,77.562088,68.120967,6.497241,-43.410759
5.045352,-32.169046,28.057996,-89.014250,83.825181,27.584886,-13.739766,146.209129,26.306735,77.511874,66.451743,6.526460,-2.637466
5.271406,-33.418089,28.265746,-89.973604,81.486872,33.581529,27.751692,144.280592,26.730144,77.158950,65.637103,5.013153,34.142042
5.477731,-33.925041,28.380335,-90.217135,81.468959,34.279802,41.624303,143.294325,27.110577,77.207487,66.593320,3.223184,51.343503
5.666488,-34.237138,29.235228,-88.954333,79.839173,33.319268,54.661788,140.227327,27.760756,77.711530,67.235677,1.635816,63.708860
5.893865,-34.935363,29.618418,-87.562605,78.259463,31.615857,65.328142,139.327123,27.787527,77.467522,67.668602,2.151864,69.292865
6.078874,-35.396975,29.931775,-87.694305,77.860179,31.024935,64.487791,139.327123,27.787527,77.467522,67.672435,1.559575,68.312005
6.268981,-35.261374,29.790513,-88.035526,77.655241,30.880136,62.975035,139.585648,27.823346,76.993852,67.497058,1.496731,66.966985
6.457887,-35.843444,29.427364,-89.443916,80.420823,30.770501,39.679756,140.055386,27.313908,76.603398,66.874929,2.070595,53.726107
6.645962,-35.575107,28.560362,-90.705331,82.028850,31.242475,25.174123,141.740025,27.218604,77.136941,65.820777,4.178428,20.269129
6.870054,-34.308632,27.518650,-90.300266,84.660443,28.112939,-4.716848,143.443428,26.580218,77.713694,67.041769,4.907437,-4.085331
7.055932,-32.572498,26.977621,-90.031932,84.185463,25.922132,-18.043902,144.983552,26.118370,77.917080,68.923436,5.710072,-28.356464
7.249151,-31.037541,26.509481,-89.651088,83.730463,23.270480,-32.855290,146.307970,25.960184,78.107443,69.617198,5.145660,-46.731086
7.442349,-28.597110,25.402442,-89.708344,82.386582,20.416340,-44.994150,147.811542,25.878093,77.715080,70.156821,5.191874,-57.763951
7.663845,-24.999918,24.567327,-90.119475,81.246892,17.611930,-60.226139,148.781906,25.715812,77.756621,70.781720,4.435371,-68.921728
7.848932,-20.566519,24.408206,-89.727270,78.793259,16.624454,-67.951009,150.305678,25.668129,77.364670,70.459366,4.748604,-74.782573
8.049387,-20.566519,24.408206,-89.727270,76.103341,16.449785,-77.787743,150.734618,25.584873,77.154446,69.407857,5.488878,-78.154115
8.274924,-20.918651,23.293310,-90.394943,76.285856,16.578107,-77.378382,150.728650,25.981291,77.372202,69.429842,6.138690,-76.711422
8.509250,-21.263753,23.956834,-90.540730,78.903970,17.135337,-66.100596,149.381839,26.093270,77.181399,69.586864,6.095753,-67.172356
8.713224,-21.263753,23.956834,-90.540730,82.018320,20.283183,-40.394489,149.381839,26.093270,77.181399,67.632716,4.974656,-33.049177
8.905488,-21.375216,23.956830,-90.652192,82.275949,23.551226,-21.834363,149.493296,26.093268,77.292861,67.646898,5.325088,-28.645356
9.095831,-21.375216,23.956830,-90.652192,81.845441,25.876288,-6.681235,149.493296,26.093268,77.292861,67.646898,5.325088,-28.645356
9.307483,-21.375216,23.956830,-90.652192,80.346711,28.545130,11.163931,149.493296,26.093268,77.292861,67.646898,5.325088,-28.645356
9.524462,-21.375216,23.956830,-90.652192,78.491115,29.867946,28.130096,149.493296,26.093268,77.292861,67.646898,5.325088,-28.645356
9.718720,-21.375216,23.956830,-90.652192,77.133178,30.798199,44.987164,149.493296,26.093268,77.292861,67.646898,5.325088,-28.645356
9.928594,-21.375216,23.956830,-90.652192,75.124980,30.487741,62.367094,149.493296,26.093268,77.292861,67.646898,5.325088,-28.645356
10.146677,-21.375216,23.956830,-90.652192,73.639262,30.968797,72.564746,149.493296,26.093268,77.292861,67.646898,5.325088,-28.645356
10.335640,-21.375216,23.956830,-90.652192,73.427668,30.680659,72.478298,149.493296,26.093268,77.292861,67.646898,5.325088,-28.645356
10.549895,-21.375216,23.956830,-90.652192,73.625128,30.622466,71.755899,149.493296,26.093268,77.292861,67.646898,5.325088,-28.645356
10.736919,-21.375216,23.956830,-90.652192,73.625128,30.622466,71.755899,149.493296,26.093268,77.292861,67.646898,5.325088,-28.645356
10.961045,-21.375216,23.956830,-90.652192,73.625128,30.622466,71.755899,149.493296,26.093268,77.292861,67.646898,5.325088,-28.645356
11.198825,-21.375216,23.956830,-90.652192,81.138038,26.159085,0.556040,149.493296,26.093268,77.292861,67.646898,5.325088,-28.645356
11.389323,-21.375216,23.956830,-90.652192,81.448697,25.358569,-5.097983,149.493296,26.093268,77.292861,67.646898,5.325088,-28.645356
11.615117,-21.375216,23.956830,-90.652192,81.914415,21.645868,-33.108287,149.493296,26.093268,77.292861,67.646898,5.325088,-28.645356
11.833142,-21.375216,23.956830,-90.652192,80.641746,18.629267,-51.784094,149.493296,26.093268,77.292861,69.953468,3.001192,-66.875419
12.045612,-21.375216,23.956830,-90.652192,79.206304,17.633056,-64.713373,149.493296,26.093268,77.292861,70.258863,2.928830,-75.538430
12.261986,-21.375216,23.956830,-90.652192,76.490520,16.043921,-79.633695,149.493296,26.093268,77.292861,70.072535,3.151398,-77.838487
12.448310,-21.375216,23.956830,-90.652192,77.015298,16.487296,-78.107079,149.493296,26.093268,77.292861,70.163576,3.289453,-76.536745
12.653284,-21.263753,23.956834,-90.540730,80.398963,18.371489,-63.494517,149.381839,26.093270,77.181399,69.098953,3.604302,-60.029380
12.839489,-21.263753,23.956834,-90.540730,82.847599,21.246185,-43.736164,149.381839,26.093270,77.181399,68.776568,3.858090,-45.114463
13.032015,-21.263753,23.956834,-90.540730,83.757077,23.578358,-27.952841,149.381839,26.093270,77.181399,68.211700,4.085532,-38.813877
13.252548,-21.263753,23.956834,-90.540730,84.019274,27.102876,-7.603020,149.381839,26.093270,77.181399,68.211700,4.085532,-38.813877
13.482900,-21.263753,23.956834,-90.540730,84.002893,28.289524,-0.773604,149.381839,26.093270,77.181399,68.211700,4.085532,-38.813877
13.675360,-21.263753,23.956834,-90.540730,84.002893,28.289524,-0.773604,149.381839,26.093270,77.181399,68.211700,4.085532,-38.813877
13.883813,-21.263753,23.956834,-90.540730,84.002893,28.289524,-0.773604,149.381839,26.093270,77.181399,63.906322,0.504071,35.238702
14.076929,-21.263753,23.956834,-90.540730,84.002893,28.289524,-0.773604,149.381839,26.093270,77.181399,63.906322,0.504071,35.238702
14.281397,-21.375216,23.956830,-90.652192,84.002893,28.289524,-0.773604,149.493296,26.093268,77.292861,63.906322,0.504071,35.238702
14.492359,-21.375216,23.956830,-90.652192,84.002893,28.289524,-0.773604,149.493296,26.093268,77.292861,63.906322,0.504071,35.238702
14.675120,-21.375216,23.956830,-90.652192,84.002893,28.289524,-0.773604,149.493296,26.093268,77.292861,63.906322,0.504071,35.238702
14.877160,-21.375216,23.956830,-90.652192,84.002893,28.289524,-0.773604,149.493296,26.093268,77.292861,63.906322,0.504071,35.238702
15.094401,-21.375216,23.956830,-90.652192,84.002893,28.289524,-0.773604,149.493296,26.093268,77.292861,63.906322,0.504071,35.238702
15.278702,-21.375216,23.956830,-90.652192,84.002893,28.289524,-0.773604,149.493296,26.093268,77.292861,63.906322,0.504071,35.238702
15.533760,-21.375216,23.956830,-90.652192,84.530416,23.481333,-28.348779,149.493296,26.093268,77.292861,67.630705,2.723058,-37.457213
15.744676,-21.375216,23.956830,-90.652192,83.593533,21.438102,-45.058775,149.493296,26.093268,77.292861,68.136658,2.438513,-54.670275
15.957862,-21.375216,23.956830,-90.652192,81.811366,18.788055,-67.133412,149.493296,26.093268,77.292861,68.916928,2.224225,-70.276186
16.140659,-21.375216,23.956830,-90.652192,79.938801,18.536087,-75.914063,149.493296,26.093268,77.292861,69.338972,2.305984,-76.938386
16.336302,-21.375216,23.956830,-90.652192,79.248120,18.000200,-80.943774,149.493296,26.093268,77.292861,69.522940,2.950064,-76.461885
16.552756,-21.375216,23.956830,-90.652192,80.617467,18.227373,-79.375613,149.493296,26.093268,77.292861,70.118710,3.244257,-75.032743
16.786992,-21.375216,23.956830,-90.652192,83.833443,19.055692,-65.297470,149.493296,26.093268,77.292861,69.122566,3.068837,-62.886958
16.973000,-21.375216,23.956830,-90.652192,86.196739,20.529707,-47.327481,149.493296,26.093268,77.292861,68.199505,2.337449,-45.375590
17.158042,-21.375216,23.956830,-90.652192,86.970870,21.804233,-36.702787,149.493296,26.093268,77.292861,67.451501,2.235996,-25.696851
17.385971,-21.375216,23.956830,-90.652192,87.420086,25.597911,-15.272634,149.493296,26.093268,77.292861,65.933810,1.856138,-6.919214
17.668008,-21.375216,23.956830,-90.652192,86.500515,27.904592,-0.197762,149.493296,26.093268,77.292861,64.895833,0.340080,18.334622
17.876798,-21.375216,23.956830,-90.652192,83.705471,30.150082,22.471277,149.493296,26.093268,77.292861,64.910014,-0.354974,30.997396
18.102132,-21.375216,23.956830,-90.652192,83.338794,30.064586,23.811285,149.493296,26.093268,77.292861,65.529902,-1.485912,44.235625
18.289312,-21.375216,23.956830,-90.652192,80.412815,29.812868,53.408384,149.493296,26.093268,77.292861,66.111430,-3.134522,56.328910
18.520795,-21.375216,23.956830,-90.652192,79.096395,28.704862,59.314466,149.493296,26.093268,77.292861,65.822985,-3.850174,62.637648
18.731842,-21.151059,23.956827,-90.428033,79.554828,28.341740,59.104148,149.269132,26.093265,77.068703,65.882546,-3.901309,62.144755
18.964338,-21.151059,23.956827,-90.428033,79.550852,28.362102,65.201675,149.269132,26.093265,77.068703,66.063352,-3.955225,62.283605
19.170099,-21.151059,23.956827,-90.428033,79.478007,28.182381,65.262080,149.269132,26.093265,77.068703,66.063352,-3.955225,62.283605
19.372492,-21.151059,23.956827,-90.428033,80.338228,27.721433,55.591986,149.269132,26.093265,77.068703,66.063352,-3.955225,62.283605
19.608453,-21.151059,23.956827,-90.428033,82.208248,27.005095,30.954810,149.269132,26.093265,77.068703,66.063352,-3.955225,62.283605
19.819429,-21.151059,23.956827,-90.428033,85.396511,24.050895,-0.215356,149.269132,26.093265,77.068703,66.063352,-3.955225,62.283605
20.026283,-21.151059,23.956827,-90.428033,85.914882,20.322535,-29.141078,149.269132,26.093265,77.068703,66.063352,-3.955225,62.283605
20.258774,-21.151059,23.956827,-90.428033,85.198328,17.546782,-49.340256,149.269132,26.093265,77.068703,66.063352,-3.955225,62.283605
20.443258,-21.151059,23.956827,-90.428033,84.846734,16.416976,-58.956762,149.269132,26.093265,77.068703,66.063352,-3.955225,62.283605
20.657937,-21.151059,23.956827,-90.428033,84.084667,15.545344,-73.587157,149.269132,26.093265,77.068703,66.063352,-3.955225,62.283605
20.873177,-21.151059,23.956827,-90.428033,83.573828,15.362825,-78.352423,149.269132,26.093265,77.068703,66.063352,-3.955225,62.283605
21.058560,-21.151059,23.956827,-90.428033,84.255682,15.556959,-78.479169,149.269132,26.093265,77.068703,70.438626,2.612149,-75.407899
21.245050,-21.151059,23.956827,-90.428033,84.547065,15.494594,-77.852731,149.269132,26.093265,77.068703,70.451987,2.893193,-72.945941
21.435604,-21.151059,23.956827,-90.428033,86.165565,16.075595,-66.614748,149.269132,26.093265,77.068703,70.205564,3.327165,-61.334933
21.620710,-21.151059,23.956827,-90.428033,88.317644,17.359254,-49.466220,149.269132,26.093265,77.068703,69.956856,2.748343,-43.736669
21.837569,-21.151059,23.956827,-90.428033,89.466115,20.181839,-34.870217,149.269132,26.093265,77.068703,69.104500,2.603935,-35.573989
22.018965,-21.151059,23.956827,-90.428033,89.054838,23.307954,-19.380629,149.269132,26.093265,77.068703,66.454752,1.979341,-5.153842
22.262027,-21.151059,23.956827,-90.428033,87.036833,26.751345,1.911943,149.269132,26.093265,77.068703,64.944656,1.712792,9.528391
22.487368,-21.151059,23.956827,-90.428033,84.587823,29.436732,29.836838,149.269132,26.093265,77.068703,65.010686,0.860449,27.915102
22.671337,-21.151059,23.956827,-90.428033,83.516447,29.653765,49.080851,149.269132,26.093265,77.068703,66.062644,-1.117627,47.116962
22.921124,-21.151059,23.956827,-90.428033,81.260642,29.589797,64.197827,149.269132,26.093265,77.068703,67.745871,-2.285130,71.551024
23.143562,-21.151059,23.956827,-90.428033,80.897607,29.108101,66.084624,149.269132,26.093265,77.068703,67.522394,-3.013329,70.424974
23.378533,-21.151059,23.956827,-90.428033,80.897607,29.108101,66.084624,149.269132,26.093265,77.068703,67.423907,-3.317037,68.464864
23.568608,-21.151059,23.956827,-90.428033,80.897607,29.108101,66.084624,149.269132,26.093265,77.068703,65.659898,-1.776229,41.827855
23.793079,-21.151059,23.956827,-90.428033,80.897607,29.108101,66.084624,149.269132,26.093265,77.068703,66.594102,0.452120,13.892654
23.995612,-21.151059,23.956827,-90.428033,88.292993,23.171247,-13.465568,149.269132,26.093265,77.068703,66.871747,0.388004,12.068223
24.227813,-21.151059,23.956827,-90.428033,88.199762,20.490703,-31.084828,149.269132,26.093265,77.068703,66.787932,0.278241,10.833472
24.479177,-21.151059,23.956827,-90.428033,87.367050,17.718409,-51.916617,149.269132,26.093265,77.068703,70.426924,0.574083,-61.847235
24.695734,-21.151059,23.956827,-90.428033,86.569234,15.946250,-67.718699,149.269132,26.093265,77.068703,71.678274,1.287481,-71.396320
24.917924,-21.151059,23.956827,-90.428033,85.326883,15.048068,-76.750965,149.269132,26.093265,77.068703,71.790606,1.536008,-77.057565
25.129055,-21.151059,23.956827,-90.428033,85.395561,15.202708,-80.297781,149.269132,26.093265,77.068703,71.955559,1.678154,-77.208830
25.319946,-21.151059,23.956827,-90.428033,85.687549,15.141902,-79.669724,149.269132,26.093265,77.068703,72.323154,1.695286,-76.610274
25.503832,-21.151059,23.956827,-90.428033,87.786048,16.339463,-61.401684,149.269132,26.093265,77.068703,70.659738,2.227442,-56.736009
25.739751,-21.151059,23.956827,-90.428033,89.789531,20.562151,-31.922957,149.269132,26.093265,77.068703,69.632422,1.976936,-36.323070
25.952507,-21.151059,23.956827,-90.428033,89.722016,24.070612,-11.532677,149.269132,26.093265,77.068703,68.153216,1.242112,-14.998501
26.165122,-21.151059,23.956827,-90.428033,86.914996,27.379333,13.848887,149.269132,26.093265,77.068703,66.819023,0.413807,4.026035
26.386513,-21.151059,23.956827,-90.428033,83.891201,29.139903,38.670957,149.269132,26.093265,77.068703,65.570680,-0.971200,20.924073
26.591540,-21.151059,23.956827,-90.428033,82.956330,29.879439,57.313752,149.269132,26.093265,77.068703,66.508903,-3.545600,45.392917
26.817753,-21.151059,23.956827,-90.428033,81.788751,29.762868,66.065298,149.269132,26.093265,77.068703,67.160326,-3.737356,52.944158
27.008668,-21.151059,23.956827,-90.428033,81.551411,29.480594,66.006005,149.269132,26.093265,77.068703,68.174715,-5.330533,69.245845
27.221775,-21.151059,23.956827,-90.428033,81.573412,28.904931,60.657151,149.269132,26.093265,77.068703,67.188323,-5.093484,55.177943
27.434783,-21.151059,23.956827,-90.428033,83.437431,28.081804,39.953289,149.269132,26.093265,77.068703,66.169908,-2.252706,25.895237
27.680098,-26.132358,23.855008,-91.278858,88.378318,25.807512,-0.584122,144.169563,25.464866,73.941645,68.919274,2.960996,-2.368003
27.867069,-24.820784,23.503462,-90.903445,89.152216,21.872126,-27.514804,144.800526,25.334401,74.466372,71.014689,3.314223,-36.623349
28.090268,-22.182969,23.242134,-90.524811,87.866770,19.233432,-45.878268,145.920426,25.351188,74.286157,71.909447,2.882823,-55.491468
28.310495,-19.725181,22.963183,-90.488521,86.325460,17.102951,-60.340314,146.350865,25.811819,74.141960,72.762356,3.106915,-70.210216
28.500711,-18.302621,22.906387,-90.592421,84.684334,15.993210,-71.339629,146.769955,25.718128,73.932567,72.883004,3.684417,-76.765685
28.707385,-16.038824,22.414593,-90.899918,83.556892,15.407748,-78.013735,146.688408,25.775655,73.657285,72.992581,3.973410,-78.421351
28.911677,-15.856259,22.512328,-91.154607,83.273254,15.406740,-78.725774,147.499861,25.901057,73.822603,72.815403,3.761632,-77.834564
29.132461,-16.340242,23.221725,-91.167739,83.957155,15.353981,-77.270075,147.889377,25.994082,73.795189,72.554113,3.865335,-75.691930
29.351827,-18.611180,23.295542,-91.772786,87.347823,17.262521,-57.327964,146.786646,25.748717,73.429399,72.863990,4.485282,-60.896022
29.589181,-21.612035,23.636557,-92.511599,89.671914,20.768479,-34.852744,145.301728,25.850648,72.776392,72.197419,4.763833,-33.944786
29.798864,-21.516143,23.636559,-92.415735,89.654798,25.645765,-10.490176,145.205854,25.850659,72.680527,69.445059,3.116110,2.320668
30.020753,-21.516143,23.636559,-92.415735,86.863857,29.619837,17.713303,145.205854,25.850659,72.680527,68.481561,1.426904,37.535838
30.216201,-25.613051,25.019290,-91.337357,85.808440,30.505617,44.646092,140.998034,26.466036,71.722302,69.369826,0.718201,52.940725
30.418370,-26.466042,26.557103,-88.472269,85.435017,29.271771,61.155177,139.787521,26.586972,71.806421,70.125321,0.351174,67.897773
30.665916,-27.750120,26.831443,-87.670920,84.472372,28.877918,62.478732,140.007803,26.293868,71.817638,70.585362,-0.036064,68.880003
30.857922,-27.805027,26.695920,-88.016453,84.600513,28.323396,60.866419,140.145262,26.326839,72.276865,70.717652,-0.769807,66.730137
31.071485,-27.780001,26.193287,-88.584903,84.970950,27.752721,53.397781,141.145910,26.074445,72.595817,69.478074,-0.842535,50.689294
31.344914,-26.997673,25.599852,-89.261345,87.751833,27.020625,19.312283,142.933687,25.591643,73.537379,69.673827,2.063874,7.432172
31.563072,-26.997673,25.599852,-89.261345,87.751833,27.020625,19.312283,144.837641,25.363090,73.980948,69.588152,1.526467,8.137412
31.790342,-22.886105,24.528341,-89.189577,88.300040,18.389285,-43.928330,146.342691,25.412771,73.952994,69.321256,1.479330,8.757161
32.026138,-21.169227,23.925000,-89.248933,87.165096,17.127448,-55.683468,147.169019,25.409798,73.716846,73.736137,2.566619,-68.867759
32.244649,-18.310643,23.369955,-89.088462,85.151829,14.937706,-74.765916,148.442961,25.725072,73.499611,74.676000,3.485663,-77.388800
32.464805,-16.760563,22.983156,-89.521168,84.563590,15.000099,-79.520146,148.796591,25.943280,73.849353,75.003142,3.870407,-79.971315
32.688076,-15.995741,23.006767,-89.864916,85.058016,15.199098,-81.807236,148.902425,26.135724,73.628391,75.053524,4.250565,-80.629118
32.927712,-17.232444,23.305734,-89.770269,88.166012,16.799796,-61.615154,148.375404,26.029650,74.058838,74.247171,4.285576,-67.543430
33.144044,-19.926386,23.729788,-90.627392,90.774682,20.567405,-36.498249,147.539087,25.253591,74.200882,71.845418,2.965055,-47.055166
33.387493,-22.144985,23.872718,-90.989571,91.765476,24.351895,-16.165890,145.522885,26.035586,73.197132,71.444187,3.932530,-25.593877
33.604500,-23.295292,24.157562,-91.029495,90.538391,26.943225,3.052471,144.500965,26.076324,72.697004,70.399766,3.897040,4.718193
33.795145,-23.963780,24.414384,-90.345094,89.039729,28.539940,23.197673,144.500965,26.076324,72.697004,69.678054,1.803373,34.484064
33.993948,-24.107487,24.905183,-89.780158,88.366852,28.527187,31.357190,144.500965,26.076324,72.697004,71.694347,-0.323575,59.798674
34.210054,-24.121859,25.219797,-88.502687,86.648393,27.508562,58.896214,144.500965,26.076324,72.697004,72.101167,-0.435129,70.309767
34.430637,-25.248092,24.848244,-88.145706,86.131343,26.293437,61.456501,144.500965,26.076324,72.697004,72.220692,-0.488365,70.124535
34.657214,-25.716821,25.130853,-88.628937,85.814412,25.928445,57.111283,144.500965,26.076324,72.697004,72.179341,-0.461421,68.957878
34.842847,-27.119882,24.748105,-89.561452,87.299937,26.248790,40.027693,144.500965,26.076324,72.697004,70.897561,0.451003,52.926857
35.045175,-27.367271,24.263023,-91.649299,89.271207,26.291642,11.263245,144.500965,26.076324,72.697004,69.513111,2.959011,28.149412
35.244999,-27.543272,23.924100,-92.572434,90.694363,23.573522,-14.138880,144.500965,26.076324,72.697004,70.536794,6.146241,0.255284
35.430708,-26.533588,23.728686,-92.557604,90.487408,20.985494,-33.301850,144.500965,26.076324,72.697004,72.124311,7.196345,-26.040007
35.669665,-25.309490,23.419021,-93.237409,89.468915,18.804357,-51.739588,144.500965,26.076324,72.697004,73.882863,7.134621,-47.373637
35.856758,-24.152435,23.438168,-93.462523,88.364248,17.114492,-64.037769,144.500965,26.076324,72.697004,74.886610,6.931064,-63.897882
36.071789,-22.998708,23.468374,-93.687524,87.080343,16.276803,-74.412460,144.500965,26.076324,72.697004,75.403340,6.772357,-74.232707
36.276518,-20.896330,23.533091,-93.792304,86.047837,15.832258,-80.980122,149.102445,26.238668,75.621669,75.270212,4.477467,-77.926822
36.508144,-20.129301,23.298836,-93.656265,86.113319,15.599130,-80.569201,149.518743,26.152386,75.411711,74.956152,4.857423,-77.325028
36.716544,-20.896330,23.533091,-93.792304,86.986432,16.337390,-76.019865,149.117483,25.865035,75.755772,74.833578,4.887764,-71.122329
36.927480,-22.595435,23.751404,-94.048721,89.374283,18.038761,-57.317525,148.444037,25.737330,75.726671,74.884368,5.108669,-57.868663
37.113511,-23.738872,24.089386,-93.958602,90.606727,19.831808,-43.699748,147.091186,25.864766,75.534260,73.548969,5.464089,-32.503325
37.332687,-25.287739,24.159247,-94.320188,91.753261,23.631269,-21.306143,146.655584,25.749958,75.195606,71.525968,4.938935,-5.922534
37.548635,-25.769737,24.437349,-93.988595,89.471213,28.300993,7.146028,146.406507,25.907520,74.822487,69.732612,4.106129,18.139376
37.767177,-26.620149,24.822715,-93.429067,88.846363,30.143552,31.034938,145.204956,25.734746,74.181177,70.477978,3.168864,40.687881
37.987206,-27.372297,25.035964,-92.974617,87.323721,29.678313,53.648800,143.674589,26.413088,73.478540,72.780352,2.519531,61.520434
38.186561,-28.413806,25.185977,-92.399611,85.276239,28.108031,60.840908,142.388919,26.149123,73.696445,72.888409,2.516910,68.254644
38.365972,-28.413806,25.185977,-92.399611,84.590591,27.781326,60.939607,142.692599,26.227681,73.572899,72.951834,2.500769,67.705357
38.600940,-28.704087,24.796418,-92.734686,85.535452,27.492595,46.992232,143.324019,25.961641,73.737359,71.651206,2.330684,54.586806
38.789462,-28.237458,24.733430,-93.551240,87.251052,26.914037,22.959459,144.249233,25.910786,74.140205,70.003744,2.871313,37.825469
38.998607,-27.580817,23.774446,-93.735155,89.822357,23.782957,-8.995134,145.968670,25.633287,75.166467,70.285854,3.607586,-4.929486
39.216061,-26.235591,23.658011,-93.841443,89.843175,19.650105,-33.902837,147.022594,25.408395,75.480833,72.019724,3.407405,-29.362829
39.400307,-24.051379,23.634466,-93.702462,88.517069,16.689161,-50.269922,147.930917,25.304809,75.248716,73.658084,3.551137,-51.008885
39.591031,-23.420512,23.560573,-93.461152,87.341832,14.911462,-63.414878,149.181554,25.368265,75.528834,73.744360,2.856473,-71.307718
39.795512,-19.036329,23.161606,-93.641339,84.449243,13.562973,-78.767660,149.833800,25.874612,75.423755,74.360120,3.625482,-79.245713
40.009107,-19.716628,22.996832,-93.863372,84.300188,13.421259,-79.384968,149.402571,25.971626,75.077351,74.232916,4.098711,-77.872425
40.233014,-20.018200,23.298840,-93.545165,87.449671,15.018076,-61.785749,149.407647,26.152389,75.300610,74.317241,4.602045,-67.735283
40.470145,-23.114931,23.821037,-94.179061,90.685324,18.543865,-46.035957,146.972184,26.027145,74.740567,74.341229,5.130326,-50.008075
40.671070,-25.478827,24.315926,-94.572617,91.981743,22.561910,-25.503849,145.935246,26.249776,74.424776,73.856768,5.008195,-35.210932
40.859469,-26.480767,24.496795,-94.587686,90.695067,26.692095,-0.499834,145.044205,26.663676,73.886430,71.562728,4.932274,-3.252257
41.064869,-26.992512,25.098480,-93.800760,88.257749,28.122574,26.115146,143.745274,26.813601,73.692449,69.629434,3.182541,25.978231
41.278640,-26.681933,25.436921,-92.740136,86.538112,28.328049,47.908559,142.317823,27.106862,73.725671,71.127506,0.100597,52.530527
41.496124,-26.681933,25.436921,-92.740136,85.799719,29.170181,60.473621,141.273158,27.122339,73.906358,71.628883,-0.084784,53.993786
41.722246,-27.453797,25.933397,-90.421016,85.591058,27.721777,60.589806,141.649085,27.008338,73.696304,72.470723,-1.314894,66.465179
41.912655,-27.441605,25.614490,-90.877362,85.880163,27.474598,48.402131,142.723415,26.570884,73.927079,70.631987,-0.782562,50.469116
42.140839,-27.423141,25.295278,-91.333646,87.637013,26.830682,19.621042,143.403813,26.391290,74.276343,69.087125,0.540201,30.951379
42.353970,-25.359814,24.543372,-91.519598,89.703829,23.694397,-10.154099,144.929800,25.863663,74.295987,70.751037,3.060443,-0.837667
42.574433,-24.071209,24.064712,-91.491257,89.750942,20.404842,-32.753376,146.140743,25.535320,74.710120,72.495993,3.247576,-26.931630
42.799707,-24.071209,24.064712,-91.491257,89.269238,17.771544,-50.654055,146.140743,25.535320,74.710120,72.883879,2.902298,-31.684484
43.014629,-24.071209,24.064712,-91.491257,87.855866,15.232041,-66.237871,146.140743,25.535320,74.710120,72.883879,2.902298,-31.684484
43.229490,-19.970993,23.217042,-92.007689,85.267307,13.061417,-82.412293,149.505623,25.728820,74.354745,75.363313,1.186079,-77.384421
43.443545,-17.077429,22.008848,-93.097737,84.677080,14.226328,-82.125575,151.108461,26.107136,74.290341,75.532967,1.350502,-79.143246
43.655686,-18.640724,22.977163,-92.687162,87.552169,15.177549,-70.038871,149.978257,26.165688,74.832707,75.185822,1.821055,-73.024732
43.866113,-20.751249,23.463771,-92.956843,90.539217,17.988951,-50.531566,147.251618,25.934102,74.395400,74.832870,3.186444,-55.689285
44.078470,-22.258852,24.059799,-93.138716,92.186747,22.766884,-25.053053,146.010345,26.525229,73.735682,72.596547,4.128873,-15.837387
44.308213,-23.689968,24.318908,-92.927040,92.016442,26.254042,-7.034848,145.097902,26.564145,73.332241,71.322236,4.458099,2.549481
44.490894,-24.428499,24.890775,-91.791198,90.987338,27.441386,6.900483,144.292182,26.420313,72.842928,70.664131,3.315461,25.200925
44.720446,-24.792887,25.127235,-91.215600,89.443952,28.738635,28.306521,144.269691,26.549275,73.205338,69.864279,1.882371,40.754968
44.939562,-25.865446,25.124960,-90.989491,87.928289,28.709161,40.319876,143.455198,26.255532,73.397103,71.288218,-0.307357,63.709084
45.144548,-25.865446,25.124960,-90.989491,87.928289,28.709161,40.319876,143.455198,26.255532,73.397103,71.578278,-0.249134,69.007270
45.372600,-25.865446,25.124960,-90.989491,87.928289,28.709161,40.319876,143.455198,26.255532,73.397103,71.620322,-0.444379,67.655287
45.559753,-25.865446,25.124960,-90.989491,87.928289,28.709161,40.319876,143.455198,26.255532,73.397103,71.225787,-0.265212,58.491781
45.779141,-25.865446,25.124960,-90.989491,87.928289,28.709161,40.319876,143.455198,26.255532,73.397103,70.906916,2.122626,21.562060
46.020167,-25.865446,25.124960,-90.989491,91.641599,21.068010,-23.784911,143.455198,26.255532,73.397103,73.008418,3.232432,-14.827798
46.276592,-25.865446,25.124960,-90.989491,90.843266,17.352620,-46.671040,143.455198,26.255532,73.397103,74.655372,3.102405,-36.161643
46.454382,-25.865446,25.124960,-90.989491,90.173037,15.136840,-60.331978,143.455198,26.255532,73.397103,75.759526,2.549259,-53.375537
46.631661,-25.865446,25.124960,-90.989491,88.950482,13.559592,-70.783784,143.455198,26.255532,73.397103,76.441891,2.348865,-67.104325
46.841631,-25.865446,25.124960,-90.989491,87.877588,12.159665,-83.181333,143.455198,26.255532,73.397103,77.141962,2.321602,-77.569681
47.026572,-25.865446,25.124960,-90.989491,87.302747,11.630832,-89.834525,143.455198,26.255532,73.397103,76.783879,1.866426,-81.960667
47.228787,-25.865446,25.124960,-90.989491,87.146586,12.822238,-84.317211,143.455198,26.255532,73.397103,76.723444,2.443285,-79.682555
47.449657,-25.865446,25.124960,-90.989491,91.694787,15.418184,-52.993863,143.455198,26.255532,73.397103,74.943620,3.449544,-49.189598
47.636448,-25.865446,25.124960,-90.989491,92.755450,19.988430,-27.020262,143.455198,26.255532,73.397103,74.244129,3.865431,-19.093166
47.817373,-25.865446,25.124960,-90.989491,92.591121,23.302842,-6.219779,143.455198,26.255532,73.397103,72.863052,3.938821,0.177726
48.022108,-25.865446,25.124960,-90.989491,91.742873,25.794128,13.501406,143.455198,26.255532,73.397103,72.023944,3.744606,15.282160
48.210135,-25.865446,25.124960,-90.989491,91.635820,26.903125,24.953723,143.455198,26.255532,73.397103,72.357982,2.467261,34.811082
48.392971,-25.865446,25.124960,-90.989491,91.655084,27.379933,44.800060,143.455198,26.255532,73.397103,73.608822,1.765871,51.245968
48.611589,-25.865446,25.124960,-90.989491,89.285259,28.810827,61.239630,143.455198,26.255532,73.397103,75.092677,0.825146,68.358743
48.811788,-25.865446,25.124960,-90.989491,87.362059,30.022276,63.206864,143.455198,26.255532,73.397103,74.426043,0.704490,70.849722
49.035511,-24.905067,26.526389,-86.225165,85.499606,25.300660,61.944006,143.455198,26.255532,73.397103,74.487166,0.622093,70.350523
49.261080,-24.517286,26.055130,-87.636519,86.448780,25.957307,50.693365,141.558619,27.401083,74.016425,73.644792,-0.548258,63.044670
49.472578,-24.397458,25.608946,-89.614680,89.032354,25.022962,8.883591,143.294343,26.785794,74.595287,70.831074,1.991438,15.101299
49.714210,-24.178300,25.306568,-90.420782,89.804184,21.308328,-25.229925,144.509790,26.690370,74.514379,72.129196,2.870847,-8.106365
49.924332,-22.251803,24.770021,-90.610315,88.895771,17.583188,-45.836399,145.098750,26.531450,74.688791,73.748621,3.036031,-30.484245
50.147304,-19.372412,23.894878,-90.901715,87.329410,15.702985,-58.513513,146.447137,26.268738,74.519988,74.068570,2.485808,-51.415209
50.351947,-17.882995,23.669874,-91.113740,86.512122,14.649781,-67.482390,147.439020,26.360960,74.065193,75.219548,2.240119,-66.650703
50.580028,-16.830635,23.220536,-92.021705,85.629915,13.755337,-77.540256,148.480109,26.778343,73.749670,75.014664,1.425490,-76.714286
50.762754,-14.390855,23.233129,-92.577391,85.073122,12.676333,-81.912572,149.394802,27.012218,73.655988,75.172665,1.440766,-79.195718
50.964952,-14.390855,23.233129,-92.577391,85.689417,12.929166,-80.396757,149.120274,26.913222,73.778919,75.182490,1.874308,-77.366818
51.151225,-17.724348,23.833809,-93.106042,89.239787,16.150971,-55.608991,148.199776,26.682046,73.872449,74.814588,2.472389,-59.374852
51.372635,-20.056780,24.087381,-93.604173,91.572534,20.187469,-37.036198,145.866504,27.015130,73.362564,74.387479,3.386618,-21.380445
51.593677,-21.099388,24.235808,-93.619229,92.083095,23.867927,-17.240758,145.700250,27.112600,73.264011,73.017064,3.574392,-4.874334
51.790581,-22.229723,24.567524,-93.529760,91.394615,25.939675,-2.648414,144.697273,27.336378,72.946656,71.249455,3.569461,9.422445
52.011657,-23.023832,24.753069,-93.076049,90.056366,28.407299,12.982010,143.861943,26.949363,72.954503,69.900067,2.488122,23.400271
52.236143,-23.415084,24.848516,-92.849094,88.227344,29.594023,36.403197,143.761289,27.136164,73.040886,69.772200,0.980993,40.805093
52.442479,-24.048887,25.243794,-91.819197,86.649395,28.710349,54.891471,143.489940,26.922715,72.801591,70.659464,-0.374000,57.810045
52.679030,-25.133662,24.999863,-91.110206,85.831170,27.733493,61.953486,142.225393,26.781831,73.381358,71.128124,-1.281477,69.075262
52.881240,-25.507144,25.105673,-90.883007,84.887237,27.051183,62.930261,142.374624,26.680858,73.479934,71.603199,-1.670844,68.058976
53.130140,-24.937663,24.882985,-90.989257,85.992589,26.089872,42.128102,142.903447,26.603226,73.731126,70.439633,-1.522611,54.782522
53.331470,-24.080069,24.634185,-91.202515,87.238936,24.663160,5.247199,143.912790,26.364981,74.047004,69.405769,0.572195,24.709041
53.572860,-22.470899,24.377849,-90.946029,88.405051,21.340192,-19.284779,144.828386,26.318192,74.449645,70.488468,2.229367,-4.427029
53.807526,-20.848103,24.511307,-90.822691,89.206894,18.476816,-43.450459,145.528015,26.306806,74.117359,72.388695,2.576166,-35.957772
54.019080,-18.885459,24.315626,-90.777851,88.256354,17.376765,-51.500022,146.174644,26.242452,73.922896,73.988546,1.898181,-51.614378
54.208384,-16.851389,24.241201,-91.101200,87.786778,15.334256,-64.051112,146.989809,26.242037,73.703243,74.231849,1.133933,-65.329370
54.444232,-14.908503,23.648309,-91.647597,87.359462,14.007198,-75.502236,147.566219,26.429112,73.457489,73.525866,0.541757,-72.876252
54.652616,-14.186728,23.044113,-91.846606,85.365361,13.996143,-81.634224,148.997324,26.514755,73.429217,73.144260,0.492951,-78.522060
54.889248,-13.656719,23.373573,-91.739135,85.352560,14.231896,-79.464542,149.504087,26.832381,73.545293,73.394550,1.088714,-75.864527
55.114383,-14.932631,23.978736,-91.539686,87.092018,15.413323,-70.745710,149.504087,26.832381,73.545293,72.975636,1.541005,-63.077581
55.298954,-18.146738,24.602649,-92.066877,89.510457,18.568351,-48.562983,146.732232,26.398433,73.329676,72.102198,2.262206,-33.225155
55.504910,-20.802366,24.956703,-92.338679,90.635955,24.848842,-14.916439,145.419958,26.897312,73.001188,70.279718,2.802984,-6.043607
55.714455,-22.188232,25.074176,-92.476258,89.824400,28.076832,8.906771,143.866129,27.320087,72.795619,68.965492,2.400188,18.907289
55.919107,-23.255063,25.181078,-91.900751,87.607795,29.227806,39.976094,142.607084,27.341413,72.238168,70.526926,0.678538,47.177335
56.132948,-24.784241,25.211140,-90.858142,87.808299,28.146511,44.466918,141.708989,27.655252,72.560473,71.676536,0.118045,54.546927
56.359281,-26.031745,25.204144,-90.283084,85.361134,27.402035,62.123657,140.460821,27.681126,73.049367,73.332260,-0.301680,65.999567
56.567802,-25.752735,25.042085,-89.921760,85.019311,26.251863,58.822369,141.132764,27.218360,73.127467,73.008099,-0.575046,59.215806
56.749398,-25.548813,25.286138,-90.751744,85.193080,25.701070,46.401656,141.216587,27.028611,73.040934,71.974260,-0.699474,50.184030
56.985169,-24.021777,24.812865,-90.959150,87.589490,23.870359,12.735665,142.615292,26.704116,73.495926,70.498155,1.724826,11.667062
57.194708,-21.626570,24.675677,-90.605072,89.009491,19.596059,-17.851410,144.353545,26.476384,73.843799,72.163363,2.611719,-13.305980
57.381455,-19.998472,24.441136,-90.348416,88.986027,16.473912,-37.136046,145.962878,26.426265,73.914148,74.169802,2.625746,-36.363876
57.573022,-18.253635,24.597687,-90.088373,88.466530,14.659170,-47.624076,146.232944,26.705805,73.433394,74.897618,2.155159,-51.357115
57.802089,-16.209857,24.447301,-89.711478,87.908572,13.428896,-56.938716,146.920857,26.708195,73.100632,75.310113,1.768838,-61.896179
58.065506,-15.141799,24.150490,-89.917839,87.111852,12.775351,-69.531608,148.097599,27.005009,72.535516,75.561500,1.952520,-74.506474
58.269955,-14.802564,24.125695,-90.384325,86.804109,12.397202,-75.117130,148.543620,26.549248,72.461084,75.248819,1.703957,-78.549177
58.523197,-13.736395,23.949573,-90.485170,85.523936,11.407295,-80.828670,149.071513,26.688371,72.377478,75.264503,1.952805,-79.312292
58.777429,-14.839518,23.817263,-92.368741,86.399591,13.484875,-77.253997,149.097556,26.713399,72.727327,74.879507,2.101358,-76.411117
58.987731,-18.432934,24.019342,-93.700213,90.036802,16.427192,-55.579496,146.700490,25.935894,72.799239,74.367744,2.843953,-51.344324
59.174178,-20.417913,24.128998,-93.834219,92.169504,19.269446,-37.866871,146.670025,26.268009,73.708387,73.455723,2.723895,-30.507232
59.356828,-22.169270,24.390433,-94.338707,92.913990,22.695983,-23.058164,146.549763,26.451054,73.796034,72.531630,3.165243,-14.195318
59.581421,-24.076693,24.545590,-94.446561,92.562435,26.145434,-6.717537,146.234020,26.359390,73.892691,71.050580,2.796295,-2.855450
59.782163,-25.156111,24.900993,-94.358595,90.809754,29.324567,15.098710,146.234020,26.359390,73.892691,71.050580,2.796295,-2.855450
