0.000000,-18.105032,31.020214,-2.979224,25.568433,27.980946,42.522557,-58.660375,5.961193,6.651908,57.806528,-4.079307,50.927064
0.357128,-24.992868,44.758947,-2.557718,24.222187,30.413266,49.323274,-64.118914,9.089434,-14.452519,48.854387,-12.390675,23.942974
0.585613,-25.271272,59.737864,-0.559000,29.698938,36.162603,44.098929,8.641196,4.936762,-14.479238,36.750942,-10.509548,33.330082
0.794587,-21.892894,58.810378,2.043630,29.733725,35.093226,43.570210,33.534010,4.951672,-12.789126,35.706822,-10.668313,31.287241
0.992405,-20.811725,58.505790,2.763458,29.287215,34.859047,43.242677,48.179651,5.185035,-13.533917,35.473963,-10.760993,31.239938
1.220704,-20.298489,58.449975,2.333794,29.394072,34.810954,43.200784,56.950824,6.848578,-14.086104,33.948372,-10.397110,30.125949
1.456745,-19.191640,58.194751,3.193195,29.707023,35.001821,43.369157,48.425917,7.242177,-12.047121,33.656507,-9.622324,29.464813
1.676372,-18.646454,57.911995,3.809098,29.511727,34.936787,43.357098,48.578359,7.143934,-11.770667,33.363715,-9.974194,29.202211
1.879446,-18.584798,57.951904,4.375672,29.439313,34.803071,43.040113,45.476930,6.572031,-11.109057,34.347493,-9.570878,29.260188
2.080212,-18.557444,57.649147,4.460306,29.598885,34.507945,42.849347,41.871077,6.715210,-10.943963,33.713341,-9.855332,27.840086
2.279048,-23.259168,53.821647,3.498297,27.009075,35.833023,44.790519,37.009308,12.217568,-5.032386,23.815261,-8.658675,20.823161
2.493454,-27.418832,39.723128,2.170299,25.966215,31.012744,38.112207,-43.717409,19.161693,2.681954,36.285123,-6.768700,3.011115
2.687888,-28.708005,20.315384,0.595445,24.086553,25.425387,17.193107,-46.776101,21.409478,6.859321,25.085211,12.593514,-15.092648
2.896098,-13.160728,15.405627,-7.639937,20.304260,22.142228,21.589801,-51.375564,12.218117,7.585649,19.619484,7.210366,-16.581388
3.110637,-13.878181,11.548372,-10.102032,18.331448,19.890161,19.634813,-32.778087,10.700393,11.391542,17.180528,4.744906,-20.721205
3.304637,-5.955647,11.548241,-2.182238,20.899400,15.196279,10.662314,-40.695441,10.700085,3.471648,19.804117,5.886583,-16.386355
3.536996,-5.328529,11.548263,-1.555142,21.518176,14.630106,10.538004,-41.322606,10.700066,2.844553,19.254740,6.148915,-13.745184
3.733175,-5.328529,11.548263,-1.555142,20.360517,15.717667,14.502085,-41.322606,10.700066,2.844553,18.684306,5.466242,-16.282165
3.948471,-5.328529,11.548263,-1.555142,19.984736,15.928406,15.150278,-41.322606,10.700066,2.844553,18.684306,5.466242,-16.282165
4.151561,-5.328529,11.548263,-1.555142,20.352877,16.047824,14.945666,-41.322606,10.700066,2.844553,18.684306,5.466242,-16.282165
4.350228,-5.328529,11.548263,-1.555142,22.722850,16.213608,15.555452,-41.322606,10.700066,2.844553,18.684306,5.466242,-16.282165
4.572337,-5.442444,11.548258,-1.669006,61.200712,15.251855,11.422207,-41.208759,10.700077,2.958419,52.077717,-8.855222,-6.569315
4.785074,-5.442444,11.548258,-1.669006,99.947603,11.110688,8.848662,-41.208759,10.700077,2.958419,93.536707,-14.980309,8.272418
4.989910,88.930476,94.917043,22.306114,19.990918,7.813099,-2.935182,-41.208759,10.700077,2.958419,106.567148,-14.625211,13.023609
5.193584,86.520980,99.629201,23.543763,22.073969,8.193466,-4.470309,83.562753,99.029146,48.391026,5.370450,-3.843078,-32.130930
5.405220,86.436063,98.898548,22.285850,21.777202,8.727407,-3.490880,82.518094,99.044463,47.969112,5.431234,-3.663322,-32.092857
5.606735,87.128629,98.338561,23.215934,21.042660,9.513097,-3.168819,81.094272,98.200466,46.259631,5.523138,-3.741726,-31.443986
5.805482,87.444525,98.930244,24.316284,21.119002,9.915046,-3.703285,80.987335,98.251600,45.894448,5.535107,-3.860644,-30.846974
6.003543,87.626794,98.708726,24.484882,20.775050,9.853351,-3.503839,80.886735,97.876347,45.589329,5.056149,-4.248615,-30.174658
6.199750,87.857907,98.641271,24.958373,20.651481,9.824577,-3.489313,80.892996,97.469003,46.009441,4.986762,-4.490508,-29.650970
6.393467,87.865209,98.627428,25.189437,20.535780,10.009714,-3.442477,80.371043,97.559978,45.917825,5.118512,-4.288261,-28.989202
6.590092,87.902064,98.631396,25.505463,20.409824,10.236987,-3.256211,80.179440,97.558700,45.382447,5.337318,-4.195407,-28.489558
6.798834,87.728767,98.451655,25.524231,20.486319,10.204054,-3.356095,80.198214,97.269523,45.489268,5.295468,-4.436873,-29.037964
7.014820,87.348711,98.340853,25.095575,20.453117,10.347139,-3.415581,79.774265,97.152249,45.050853,5.491405,-4.436019,-28.533067
7.216029,86.958360,98.206790,25.105264,20.252975,10.220162,-3.714446,78.519295,97.066554,44.286232,5.645150,-4.229848,-28.616763
7.411349,84.279086,97.893500,22.806916,20.251693,9.949258,-4.021644,77.100015,96.687357,42.768041,2.171794,-7.158580,-29.724001
7.598817,71.567280,98.012668,9.606363,20.734340,11.113616,-3.236064,55.998098,97.460956,21.247770,4.928795,-5.418795,-29.474454
7.798457,52.038887,98.008069,-8.904562,21.342332,12.298531,-4.203920,45.344439,97.464793,9.529401,-5.741600,-14.316362,-28.674199
8.003908,26.506993,96.865631,-31.283920,22.960960,12.860925,-5.026355,45.344439,97.464793,9.529401,-24.701925,-28.847348,-27.917753
8.199359,2.827524,97.844035,-50.265964,23.307195,11.126349,-3.208086,-13.518061,97.272592,-44.279572,5.832802,-5.998210,-28.231087
8.426113,-14.783605,96.241229,-65.500739,16.458696,5.422323,-1.664183,-27.994024,95.235507,-57.970303,5.455186,-6.028872,-31.129939
8.628061,-16.496903,93.906386,-67.649425,16.049447,4.751448,-1.552700,-27.793770,93.492157,-56.796677,6.384452,-5.774277,-32.554829
8.827698,-15.340122,93.403883,-65.745631,15.677647,4.435187,-0.958962,-27.348472,91.980265,-55.900314,6.124331,-5.484451,-32.051919
9.028479,-14.934618,93.223326,-65.441382,14.956501,4.061999,-0.767332,-26.196488,90.876109,-54.732143,6.256806,-6.332535,-32.207546
9.221095,-15.284876,93.223338,-65.791632,14.956501,4.061999,-0.767332,-25.786227,90.384983,-53.971148,6.402972,-6.829020,-32.506645
9.418396,-15.284876,93.223338,-65.791632,14.956501,4.061999,-0.767332,-25.101608,90.273454,-52.494396,7.524181,-4.229652,-29.887670
9.605495,-12.053924,86.703352,-55.672127,14.085902,4.194592,5.238548,-23.364747,81.251431,-47.061145,6.728849,-1.785400,-21.456155
9.792031,-11.334779,84.478254,-52.763146,2.308494,24.335966,14.447420,-20.617969,56.905796,-38.164756,7.378342,1.371577,-16.005363
9.979752,-6.473031,45.182863,-32.799161,10.537628,17.214916,14.584119,-18.845306,44.518034,-31.398242,7.553218,8.109280,-9.555234
10.177872,1.265232,18.512160,-11.685511,13.996686,9.896882,10.235151,-19.450376,11.468401,-3.841745,10.043750,1.201574,-13.638488
10.385572,-0.389473,9.059452,-5.689788,15.386065,9.588915,11.149118,-19.658924,8.621275,-0.601869,10.556113,4.415863,-14.514748
10.585803,1.564167,9.134394,-5.417450,15.353757,9.789791,12.448010,-30.056035,6.254686,3.166334,10.586499,1.278142,-17.448050
10.774918,1.619147,8.707111,-4.076394,15.263317,9.127547,11.808368,-26.889025,6.388550,3.277143,10.328083,1.410129,-17.466139
10.969290,1.812966,8.727511,-3.652658,15.410900,9.268935,12.153778,-24.705296,6.440514,3.314875,10.150398,1.372517,-17.065261
11.162633,2.081699,8.902747,-3.053968,15.484502,9.169900,12.159398,-24.521793,6.536031,2.701699,10.298966,1.661503,-16.520868
11.374535,4.572403,8.966462,-2.502237,15.644580,8.949611,12.050248,-18.847035,6.431314,2.631182,10.000930,1.671371,-16.348380
11.571897,6.910411,8.889211,-2.238454,15.577513,8.799277,12.089364,-16.085157,6.287391,2.538355,9.878814,1.435996,-16.032640
11.760936,6.685023,9.052128,-2.173497,15.832070,8.962360,12.070344,-12.676940,6.362095,2.786738,9.453182,1.498383,-15.821802
11.949132,9.240120,8.987882,-1.684017,15.993146,8.860306,12.292538,-9.293164,6.489232,3.256197,9.421669,1.629298,-15.660860
12.140829,15.428068,8.969256,-0.714972,15.761141,8.618190,11.943643,-5.586921,6.732872,4.698778,9.036363,1.653883,-16.020912
12.348930,15.159219,9.126087,-0.557519,15.916859,8.690009,12.096707,-5.182217,7.050873,4.669451,9.044771,1.976546,-16.039605
12.556934,15.159219,9.126087,-0.557519,15.814741,8.784721,12.006401,-5.158028,6.940656,5.167411,9.038165,1.791666,-16.514485
12.747623,15.159219,9.126087,-0.557519,33.914309,5.704400,-4.688136,-5.158028,6.940656,5.167411,9.038165,1.791666,-16.514485
12.946948,42.032462,14.386911,-23.354472,68.028131,19.363866,2.072783,-4.015916,7.307406,7.449779,9.554650,1.867232,-15.280412
13.140310,36.933347,13.740307,-28.589465,82.946754,23.539531,0.100360,-10.822710,9.300654,-10.291355,54.665639,-0.173867,-4.510058
13.340231,40.006797,13.534130,-32.358731,107.065795,28.401214,-2.661354,-10.976980,9.300671,-10.445670,106.904379,0.420938,11.018371
13.529794,37.588108,14.312735,-37.578356,114.047506,31.895981,-7.044795,-10.976980,9.300671,-10.445670,115.242959,3.587911,12.236959
13.736115,39.302861,14.909122,-35.627847,124.208106,31.239185,-6.709620,19.523043,15.814095,-16.599793,112.113089,7.040641,7.306561
13.936612,39.219914,15.379857,-36.477010,127.977100,31.331513,-8.266313,16.907840,17.185449,-19.873774,114.863431,10.465819,5.920703
14.136109,38.677061,15.094018,-36.470545,130.956433,31.531404,-7.217198,16.907840,17.185449,-19.873774,117.498496,10.485659,6.144791
14.327243,36.044497,14.896230,-38.401842,140.413265,31.065360,-9.582281,17.104291,20.278309,-20.564741,127.042072,11.777322,4.694407
14.509587,35.472769,15.214665,-38.236388,141.382671,31.229443,-9.806800,16.172617,20.509329,-20.454570,129.694744,12.115085,4.967751
14.699378,35.253773,15.214670,-38.455371,140.719994,31.278578,-10.093477,17.206688,20.321650,-20.255684,128.063222,11.859670,4.915104
14.889654,38.553354,16.531089,-35.049760,120.575909,32.690841,-5.003814,19.026581,20.850467,-16.872115,104.309542,7.940591,5.027610
15.080036,41.738617,17.746372,-25.947847,80.290715,28.615780,10.579672,24.536167,20.591196,-11.940247,62.464555,4.442424,-0.715464
15.288312,42.308066,17.065597,-21.161993,40.288924,20.655640,21.120132,30.776501,16.582219,-1.843628,21.014804,0.753493,0.269342
15.478782,36.090792,14.098829,-14.551661,13.994992,11.195378,24.490247,15.728490,10.665068,1.135536,7.481584,2.396379,-0.286992
15.668559,10.535487,8.289439,-5.722333,14.838186,8.977164,15.430234,2.169578,7.771950,4.891171,8.177751,2.278374,-4.957118
15.859718,11.295857,8.669155,-5.168429,15.127257,9.392113,17.510286,-2.329131,8.327584,4.752136,8.810273,2.460055,-3.858437
16.043553,6.786988,13.678123,-7.516962,14.626527,10.589260,21.626427,-3.703114,10.778515,4.078332,9.417199,1.862518,-2.034408
16.235804,0.465286,29.221007,-16.402953,14.333465,0.189538,26.587325,-9.067253,30.864369,-7.946368,6.613184,1.284333,3.296337
16.427669,-4.024381,61.782579,-29.953857,11.521908,1.299709,39.427070,-12.467025,61.442279,-23.709208,4.326809,-1.136755,10.234296
16.627546,-8.588437,86.244117,-41.464459,8.042408,7.367850,42.025663,-16.265399,78.941680,-29.252438,3.177240,-2.450822,12.158412
16.979048,-12.476225,97.266730,-47.429785,7.146577,9.241577,42.695428,-21.511992,89.543623,-34.345266,3.821120,-0.413536,12.183043
17.205688,-10.770072,93.272916,-43.865542,8.497568,5.034596,41.505673,-21.967380,89.543618,-34.800673,4.420199,1.789446,12.029484
17.407028,-10.368154,91.958412,-43.397453,6.333996,8.588321,43.254970,-20.401057,86.673593,-32.660703,3.977571,-0.484760,11.149393
17.594030,-9.649026,91.077037,-42.494815,6.286645,8.542539,43.265477,-20.484451,86.538967,-32.453771,3.995246,-0.637960,10.868553
17.781649,-9.458531,90.500638,-41.843863,6.134589,8.768253,43.305206,-20.246566,86.538977,-32.215868,3.995246,-0.637960,10.868553
17.980509,-8.449984,89.544277,-40.883865,5.769105,8.402109,43.593165,-18.056846,86.034247,-31.099841,3.629206,-1.326524,10.775582
18.173646,-7.662824,88.944757,-39.793524,5.864417,8.244177,43.619562,-17.611036,86.335433,-30.704572,3.903893,-1.562940,10.321418
18.357098,-6.730697,89.059309,-39.018110,5.726220,8.189483,43.579888,-17.242127,86.273163,-30.782095,4.107340,-1.823175,10.347874
18.561446,-5.913737,88.669866,-38.569520,5.830768,8.146516,43.775951,-16.372169,85.641840,-30.502884,3.506889,-1.876568,10.749005
18.750430,-2.945732,88.009067,-36.091447,6.454639,8.486719,43.897297,-12.415833,85.230772,-29.705027,2.877827,-2.116050,13.432129
18.944714,8.021213,86.072742,-30.062235,9.554386,10.043750,43.461114,-11.051642,85.209716,-30.131031,12.341167,1.323641,14.033045
19.129813,38.470971,85.791470,-12.031872,6.481656,6.193343,45.595518,23.151983,88.076702,-12.621188,5.316344,-1.013364,23.195894
19.327947,65.911723,86.526048,-3.920112,13.619518,6.170932,32.145576,51.475555,90.849626,3.091622,8.140462,-2.631889,8.799857
19.525694,81.429566,87.778191,6.231465,21.670567,10.658271,14.336173,72.844012,94.024478,20.794992,8.634981,-5.868976,-5.694622
19.714646,93.128081,87.342553,17.369272,25.030497,6.769699,10.663462,79.454733,92.755157,27.678263,10.336590,-7.371579,-13.789635
19.900870,91.777506,87.749227,15.333109,25.356667,7.900663,10.707968,77.329346,91.620169,24.856773,11.225830,-6.670996,-14.421822
20.092453,91.546336,87.558330,15.316501,25.769456,8.895507,10.232855,76.032685,90.536200,23.935059,12.342079,-6.131727,-13.583347
20.296560,89.129196,84.536725,14.373791,26.984028,10.359702,11.339012,74.168073,84.992976,22.342547,10.862473,-5.024821,-11.506172
20.486591,82.192356,64.951474,10.897772,33.206471,12.566169,13.767268,67.922007,61.699867,12.740336,7.829571,-3.208414,-9.152791
20.682106,60.660253,33.906842,-0.101266,28.809788,21.443460,16.833463,47.681914,28.442084,0.296604,13.267407,0.849839,-4.137373
20.873540,-7.269452,15.307531,-8.747262,25.087442,24.807971,23.548570,-9.523627,11.797146,-6.858776,13.648366,6.092306,2.003518
21.067057,-18.392997,13.706630,-7.791293,20.276724,17.503113,19.026723,-28.739123,7.090161,-2.632635,12.757924,3.636651,-6.738538
21.267947,-22.904800,12.801935,-10.317548,20.475914,16.774080,18.171111,-26.373646,7.266841,-1.541514,12.644513,3.668417,-5.644391
21.470062,-22.897866,12.266977,-10.666260,20.291007,16.542907,18.643114,-25.629920,7.460449,-1.200040,12.297504,3.615284,-4.945061
21.670199,-20.760451,11.643042,-11.258060,19.813076,15.967631,18.875496,-19.110432,7.390325,-1.764583,12.310587,3.929500,-3.588103
21.863999,-2.383162,10.540954,-11.408342,21.081500,16.305121,18.243460,5.658936,8.192907,-1.883115,14.701156,3.941498,-6.454159
22.066546,1.549103,10.496860,-12.337768,57.066009,18.303120,1.541345,37.554128,15.081686,-6.166993,35.405805,3.642961,-7.709588
22.265573,35.331196,15.506035,-18.260201,89.803528,22.487048,-7.110669,43.355745,22.045961,-10.566261,71.886623,3.149141,-3.492511
22.461603,46.880761,20.238732,-31.651532,123.218515,30.655230,-13.298865,36.193027,22.171420,-17.211153,115.015256,10.596006,5.055027
22.665475,44.510938,19.685486,-34.554833,139.132604,30.700402,-9.087178,33.385292,23.172854,-17.542922,125.262955,12.814694,5.249391
22.856090,42.962501,19.468222,-36.647078,143.035286,30.750891,-10.369578,33.627682,22.733244,-16.305440,127.277661,13.189937,5.221091
23.051456,45.654288,21.009954,-35.171372,139.625785,30.841840,-9.307969,35.006447,23.308482,-15.554533,125.106765,12.427981,4.768347
23.246535,44.959219,22.121310,-31.883093,115.406379,33.585334,-6.313992,37.534397,24.240821,-11.875916,103.965767,8.241893,4.237989
23.442014,44.980431,22.279756,-31.644309,68.782375,38.717870,15.334486,41.244900,23.906228,-8.568787,63.472295,5.725995,4.858959
23.638924,42.815327,19.271813,-21.073900,29.866349,22.195942,29.110574,43.081012,23.375825,-5.525797,27.527229,6.261226,8.796275
23.829713,29.195353,13.807624,-14.797303,14.714818,13.755517,31.702089,46.504159,14.147348,-0.013410,5.518433,0.847048,2.432616
24.028462,14.849665,10.491176,-7.491289,13.312033,10.762741,23.411975,10.076823,6.851538,0.960816,7.641867,2.059440,1.755673
24.230873,11.826783,9.736125,-7.098157,14.675408,11.443245,23.203820,8.910131,6.883071,1.747026,9.141640,1.972004,2.765574
24.433117,11.679741,9.365252,-7.002996,15.010868,11.369656,23.193505,12.440144,7.516174,2.412660,9.043520,2.369321,2.726122
24.641406,18.412657,9.701735,-6.862883,15.097290,11.625579,23.240251,14.443398,7.651559,1.607135,9.548279,2.533937,3.527189
24.838730,26.448051,10.722407,-10.366313,16.504783,12.185732,22.959042,24.704519,8.559359,1.284409,11.466187,2.477097,1.728226
25.035411,40.465518,14.745755,-17.202046,33.998291,18.077335,15.825923,38.292148,13.110431,-2.457958,25.935483,2.666289,-2.226803
25.226237,45.393066,16.537101,-21.488990,76.196532,24.422994,-18.419777,41.203278,15.970262,-7.797341,65.263509,2.564060,-17.228015
25.454158,49.843208,17.792403,-22.787394,90.123956,26.714742,-19.860442,40.704095,17.036239,-11.342215,86.580734,6.097469,-26.326330
25.646901,48.780682,17.446627,-23.975870,91.404303,30.544551,-13.410712,38.891759,16.949192,-11.529611,84.429095,7.424953,-12.820057
25.842225,48.908886,17.446624,-23.847690,91.589250,30.302134,-13.774459,39.232895,17.049611,-11.293402,84.310499,7.530577,-14.138006
26.036657,51.171004,18.328729,-22.634355,90.322436,29.290776,-13.311141,39.142414,17.049608,-11.383880,85.797492,6.872226,-23.353520
26.231896,51.026885,18.311287,-22.960425,90.374694,29.609300,-13.357794,39.142414,17.049608,-11.383880,86.050055,4.323400,-67.811437
26.433484,51.026885,18.311287,-22.960425,90.374694,29.609300,-13.357794,39.142414,17.049608,-11.383880,83.332514,1.894712,-83.150330
26.635131,51.026885,18.311287,-22.960425,90.374694,29.609300,-13.357794,39.142414,17.049608,-11.383880,83.082941,2.327654,-80.525016
26.828710,51.026885,18.311287,-22.960425,90.374694,29.609300,-13.357794,39.142414,17.049608,-11.383880,82.925103,2.335231,-80.035141
27.020079,51.026885,18.311287,-22.960425,90.374694,29.609300,-13.357794,39.142414,17.049608,-11.383880,82.925103,2.335231,-80.035141
27.231776,51.026885,18.311287,-22.960425,90.374694,29.609300,-13.357794,39.142414,17.049608,-11.383880,82.471984,2.303570,-78.530821
27.423158,51.026885,18.311287,-22.960425,90.374694,29.609300,-13.357794,39.142414,17.049608,-11.383880,85.235451,4.247828,-26.118674
27.613461,51.026885,18.311287,-22.960425,90.374694,29.609300,-13.357794,39.142414,17.049608,-11.383880,83.175311,7.136744,34.121661
27.812487,51.026885,18.311287,-22.960425,90.374694,29.609300,-13.357794,39.142414,17.049608,-11.383880,80.259417,9.329578,77.299274
28.019992,51.026885,18.311287,-22.960425,90.374694,29.609300,-13.357794,39.142414,17.049608,-11.383880,79.045811,10.825193,78.353195
28.222659,51.026885,18.311287,-22.960425,90.374694,29.609300,-13.357794,39.142414,17.049608,-11.383880,78.932346,11.029890,77.227114
28.412934,51.026885,18.311287,-22.960425,90.374694,29.609300,-13.357794,39.142414,17.049608,-11.383880,78.863075,11.751862,77.237489
28.619628,51.026885,18.311287,-22.960425,76.963297,46.379409,76.441050,39.142414,17.049608,-11.383880,78.566332,12.526994,77.326077
28.810429,51.026885,18.311287,-22.960425,77.067590,46.363793,76.148837,39.142414,17.049608,-11.383880,78.965652,13.155974,77.187132
29.001729,51.026885,18.311287,-22.960425,77.261681,47.050077,74.547402,39.142414,17.049608,-11.383880,79.106806,13.091204,76.445916
29.198690,51.026885,18.311287,-22.960425,77.992390,46.953818,73.945741,39.142414,17.049608,-11.383880,79.698717,13.431464,76.462269
29.394504,51.026885,18.311287,-22.960425,78.068010,47.230732,73.874426,39.142414,17.049608,-11.383880,79.781285,13.659129,76.658751
29.596788,51.026885,18.311287,-22.960425,78.730675,47.581758,73.027972,39.142414,17.049608,-11.383880,79.926131,13.376525,76.383673
29.798110,51.026885,18.311287,-22.960425,91.299418,41.968709,6.071116,39.142414,17.049608,-11.383880,83.172582,13.379178,36.909331
29.992556,51.026885,18.311287,-22.960425,93.980725,33.153830,-45.569206,39.142414,17.049608,-11.383880,89.950444,10.362146,-47.664838
30.179790,51.026885,18.311287,-22.960425,91.264675,30.662133,-66.965220,39.142414,17.049608,-11.383880,83.342251,6.767854,-81.729265
30.381144,51.026885,18.311287,-22.960425,91.264675,30.662133,-66.965220,39.142414,17.049608,-11.383880,80.645126,5.319348,-86.991537
30.576238,51.026885,18.311287,-22.960425,91.264675,30.662133,-66.965220,39.142414,17.049608,-11.383880,80.987526,5.074112,-87.770036
30.780603,51.026885,18.311287,-22.960425,91.264675,30.662133,-66.965220,39.142414,17.049608,-11.383880,80.365283,4.701376,-88.575033
30.971610,51.026885,18.311287,-22.960425,91.264675,30.662133,-66.965220,39.142414,17.049608,-11.383880,80.106952,4.965643,-88.965672
31.168169,51.026885,18.311287,-22.960425,91.264675,30.662133,-66.965220,39.142414,17.049608,-11.383880,80.122965,5.464800,-89.193096
31.379988,51.026885,18.311287,-22.960425,91.264675,30.662133,-66.965220,39.142414,17.049608,-11.383880,80.007522,5.685579,-88.463794
31.571259,51.026885,18.311287,-22.960425,91.264675,30.662133,-66.965220,39.142414,17.049608,-11.383880,80.540069,5.609419,-82.760453
31.767799,51.026885,18.311287,-22.960425,90.708823,30.293902,-68.673150,39.142414,17.049608,-11.383880,86.220208,6.130120,-37.748094
31.963053,51.026885,18.311287,-22.960425,88.903517,30.004262,-71.480087,39.142414,17.049608,-11.383880,86.799130,9.617059,11.545177
32.160306,50.049945,18.487878,-24.152943,82.189526,43.316292,74.863982,40.464838,20.457404,-3.522040,82.421488,4.124055,67.208671
32.364038,43.595274,21.200853,-19.747022,81.031108,41.859866,72.480050,39.900667,19.663729,-3.088453,77.834489,5.910724,74.284825
32.559801,43.595274,21.200853,-19.747022,81.031108,41.859866,72.480050,39.900667,19.663729,-3.088453,77.834489,5.910724,74.284825
32.749483,43.595274,21.200853,-19.747022,80.415926,43.414823,70.388389,40.818877,19.918791,-2.431590,77.196694,5.800897,73.064156
32.952206,43.595274,21.200853,-19.747022,80.876613,44.295580,69.832711,41.168491,19.978473,-2.395473,77.552477,6.383388,73.453506
33.157157,43.595274,21.200853,-19.747022,83.255611,43.660127,57.577612,41.168491,19.978473,-2.395473,80.405873,6.613872,47.224916
33.354911,43.595274,21.200853,-19.747022,95.711431,28.162070,-53.242593,41.168491,19.978473,-2.395473,88.444344,3.717098,-27.753143
33.557593,43.595274,21.200853,-19.747022,87.054216,23.711026,-81.047630,41.168491,19.978473,-2.395473,86.333989,-1.229372,-87.148058
33.759944,43.595274,21.200853,-19.747022,78.383472,22.914646,-79.367903,41.168491,19.978473,-2.395473,75.779542,-0.027473,-94.900365
33.962085,43.595274,21.200853,-19.747022,78.383472,22.914646,-79.367903,41.168491,19.978473,-2.395473,76.006714,0.325655,-93.512800
34.156358,43.595274,21.200853,-19.747022,78.383472,22.914646,-79.367903,41.168491,19.978473,-2.395473,76.147253,0.238868,-92.153027
34.352242,43.595274,21.200853,-19.747022,78.383472,22.914646,-79.367903,41.168491,19.978473,-2.395473,77.424761,-0.266696,-86.739856
34.559705,43.595274,21.200853,-19.747022,91.708638,24.026904,-28.100419,41.168491,19.978473,-2.395473,84.624416,2.302892,-19.330556
34.752373,46.656624,22.139657,-25.883685,91.518161,41.803677,51.922018,38.437842,20.617130,-8.524170,83.245443,7.551990,56.875567
34.947770,45.528184,22.188702,-24.019900,78.182682,49.557157,75.625212,38.700423,19.908454,-4.522177,78.033349,7.460145,73.823539
35.144622,47.327137,22.861328,-15.184992,75.158442,42.601237,74.703577,38.150588,19.801809,-4.435618,76.449249,7.554446,72.550443
35.344038,47.572065,22.876704,-14.763854,75.294037,43.232313,73.544936,37.423144,19.805890,-4.354937,76.637653,8.332109,71.894291
35.546814,48.273443,23.181917,-14.111338,76.041342,43.405500,72.461084,37.176731,19.945710,-4.208286,77.300983,8.515611,72.236976
35.740030,48.140020,23.181912,-14.244735,78.005365,43.293998,68.702111,36.786467,20.439828,-4.303705,78.754968,9.046104,71.849968
35.936611,48.753547,23.008110,-20.021443,94.441700,37.564050,-23.792617,35.737529,20.464845,-8.493180,85.399174,12.293965,15.998256
36.121248,53.025488,22.778279,-22.173629,90.204269,31.226674,-76.839831,38.133283,20.421016,-8.937198,92.090591,7.375543,-61.649799
36.307540,53.025488,22.778279,-22.173629,78.457899,27.976377,-77.627118,39.988261,20.127748,-9.187241,79.534381,5.479343,-92.296628
36.504752,53.211733,20.741130,-22.539579,77.068909,28.592248,-74.572373,39.521741,17.872148,-8.108019,79.966372,5.015092,-90.845054
36.697673,53.211733,20.741130,-22.539579,77.068909,28.592248,-74.572373,40.373266,18.110437,-7.776178,79.807944,4.468618,-90.909430
36.892927,53.802228,21.074729,-21.892785,76.703944,27.972513,-74.594096,39.609671,18.145506,-7.991853,80.066602,4.367714,-89.711017
37.087674,53.612619,21.319935,-21.755976,76.539709,27.857892,-74.537834,37.080897,18.343026,-9.728679,85.206465,5.258645,-42.641918
37.270896,48.837054,22.080107,-23.168963,92.753711,35.353027,-6.452991,35.895371,20.484961,-10.972011,86.416566,8.424334,18.343077
37.467005,45.998844,22.331484,-19.867656,91.089172,40.603506,62.158929,33.905249,21.010093,-9.574860,83.080883,8.086963,67.877783
37.662268,45.919955,21.686409,-16.592872,81.984501,43.405094,68.816776,35.529372,19.956694,-6.373685,79.715914,8.284549,70.148149
37.869415,46.137465,21.912250,-15.768943,81.560289,43.402486,67.425145,35.383905,19.682912,-6.493659,78.911592,7.912785,69.668639
38.077550,45.983656,21.896055,-16.098016,81.658865,44.210799,66.352333,35.503863,19.879047,-6.308546,78.920388,8.194805,69.471451
38.266212,46.501142,21.975620,-16.271833,81.464148,44.580170,65.770095,34.665208,20.109108,-6.054300,79.069947,7.967146,69.277447
38.454333,46.796257,21.887372,-16.431148,81.671907,44.705966,65.100847,34.496187,20.494395,-6.109048,78.794500,8.369383,69.215291
38.660436,46.347537,21.959173,-16.601170,80.358938,44.480079,63.648293,34.338444,20.220851,-6.229463,77.642395,8.391180,68.840234
38.848650,43.289212,22.263020,-17.752597,70.578273,43.502724,56.412440,34.771106,20.267180,-4.782680,70.000748,7.236412,65.586301
39.036821,40.587902,20.439520,-10.493207,28.645795,30.656460,24.893259,46.215599,17.898795,2.529917,29.337011,3.150652,29.059344
39.244462,-9.365545,10.966921,-4.610485,17.130239,15.712746,12.837085,-7.057424,7.642373,-0.369467,9.383215,4.888437,8.258672
39.438569,-4.131186,10.539057,-4.381493,17.098754,14.727661,13.536302,-3.209650,7.949542,2.324901,9.849580,6.098569,2.826364
39.631691,-2.116817,10.406362,-4.287421,17.562872,14.772483,13.468903,-3.470777,7.949552,2.063672,11.887944,6.723891,2.420405
39.828252,-2.023799,9.919978,-4.583024,17.612554,14.402319,12.167968,-3.323544,7.949555,2.211070,12.198007,6.581810,3.295816
40.014978,-2.154404,9.919982,-4.713565,18.305660,14.450870,12.228475,0.400463,7.910886,2.333179,12.095265,6.313592,3.873453
40.225061,2.977985,10.218279,-5.208919,17.834779,14.978117,13.566281,1.126005,7.887050,2.013690,12.255552,6.403216,4.946300
40.424789,4.669740,10.119436,-5.701021,17.396961,14.932891,13.857869,-1.825078,9.396644,0.177144,12.809250,8.054098,6.362352
40.611993,4.344936,10.271264,-5.868310,17.532594,15.345783,14.317003,-1.825078,9.396644,0.177144,12.809250,8.054098,6.362352
40.806491,4.449442,10.271271,-5.763854,17.883136,15.214905,14.120039,-1.929478,9.396637,0.072687,12.899274,8.154630,5.983749
41.001250,6.472420,10.192901,-5.799861,17.492517,15.290066,15.070019,-2.197082,9.361763,-0.377769,12.921125,7.984051,6.543232
41.204055,6.277578,10.182360,-6.124990,17.414205,15.469510,15.833343,-2.053037,9.539074,-0.232463,13.082663,8.073710,6.917293
41.402385,5.376681,10.128022,-6.111934,17.702403,15.598508,15.911585,-2.069370,9.539069,-0.248867,13.114493,8.114630,7.367940
41.597479,4.213650,10.412976,-5.977841,17.937897,15.632140,15.607210,-2.200279,9.539072,-0.379842,13.128386,8.100567,7.124548
41.794470,4.213650,10.412976,-5.977841,18.025698,15.869420,16.133309,-3.073723,9.712329,-0.587391,13.333725,8.422901,7.142764
41.987802,5.171896,10.278988,-6.148130,17.817256,15.770805,16.369494,-2.200279,9.539072,-0.379842,13.250923,8.009069,7.228905
42.177282,5.171896,10.278988,-6.148130,17.920216,15.676349,16.449249,-2.200279,9.539072,-0.379842,13.250923,8.009069,7.228905
42.370461,6.076793,10.332805,-6.145013,17.646130,15.612432,16.639881,-2.195553,9.681397,-0.553741,13.309344,8.301880,7.231854
42.576390,6.960236,10.194614,-6.551185,17.504661,15.759909,17.277859,-2.147515,9.716403,-0.323182,13.290722,8.191043,7.497737
42.778734,5.547450,9.956087,-6.374644,17.952590,15.502948,17.486584,-2.147515,9.716403,-0.323182,13.290722,8.191043,7.497737
42.971698,5.204369,10.106892,-6.541891,17.813327,15.883988,17.960338,-2.147515,9.716403,-0.323182,13.365292,8.305315,7.361961
43.168901,5.652397,9.956095,-6.269748,17.952590,15.502948,17.486584,-0.295630,9.406901,-0.068506,13.220666,7.579330,6.756430
43.375098,22.831997,11.439976,-8.295507,20.726271,16.883602,18.632891,12.615109,10.354392,-0.300083,22.022218,7.299887,1.207514
43.572787,41.113841,16.020345,-15.265279,44.453349,24.684663,8.673572,36.628806,16.102625,-4.248678,48.071347,6.928637,-3.812170
43.772318,45.002027,17.318533,-17.767764,71.943409,26.454526,-1.000688,41.653028,19.390628,-6.947863,76.054529,3.750806,-5.714248
43.968525,44.478657,17.887339,-20.264176,79.517059,28.544714,-3.414994,41.195827,18.701081,-10.096153,92.076950,4.819826,-0.672477
44.157693,41.525185,17.276720,-28.484410,116.614799,32.291891,-11.236425,41.195827,18.701081,-10.096153,100.264979,4.720783,2.294477
44.354857,41.525185,17.276720,-28.484410,126.466100,31.031678,-11.604169,41.195827,18.701081,-10.096153,106.325332,5.816479,4.256423
44.570060,41.267089,17.142625,-28.697863,126.785782,31.718264,-12.115352,33.944179,19.532287,-17.671256,109.925927,11.853679,1.315164
44.760905,45.579279,18.711777,-30.186221,125.406471,33.840571,-13.249570,33.440187,19.670702,-17.762706,110.634515,11.594705,1.444833
44.955863,45.192063,18.918815,-30.619370,125.253103,33.961883,-13.754098,33.064373,19.569003,-17.497312,110.388701,12.100132,1.351807
45.150564,43.995840,18.995199,-29.795901,120.742705,34.246677,-10.469160,32.015029,19.274071,-17.158138,103.917539,11.568304,2.993326
45.382398,41.617512,18.475555,-26.596521,84.820986,37.301818,6.410308,31.484469,17.814173,-14.956590,82.887507,9.148368,7.673349
45.609349,36.614636,16.491249,-20.718974,54.307567,30.209866,22.543550,29.341711,16.624751,-10.803044,50.384743,5.181939,10.332510
45.819289,33.271955,13.728943,-16.609350,26.033901,19.982796,37.734523,36.426627,15.184704,-6.703160,23.165027,4.229165,13.155748
46.015900,18.493514,12.362556,-10.114725,15.043553,15.323038,42.339804,31.703928,10.639787,-1.928825,8.768700,3.109826,13.258764
46.207346,20.263107,11.378602,-7.230623,13.608925,13.844484,35.601586,11.047751,9.065221,-0.560109,9.572548,3.922305,7.829325
46.418721,18.409966,10.260493,-5.932925,13.294251,12.904490,34.644779,11.356220,9.097872,-0.021859,8.145668,4.429621,8.175522
46.617644,18.085763,10.410229,-5.775155,13.235827,12.798801,34.048502,6.438297,8.707874,0.324794,9.350431,4.283956,8.084203
46.827833,18.540971,10.410233,-5.320059,13.114036,12.873367,33.993805,4.946874,8.539573,0.063622,9.739060,4.112955,7.641709
47.021023,20.976366,10.277185,-5.319691,13.288612,12.795544,33.807398,6.117661,8.564170,0.044195,10.217096,4.194577,7.332232
47.213491,29.606093,10.957433,-10.972899,20.546223,15.573997,30.055552,6.027440,8.564168,-0.046011,21.121873,2.594911,1.306885
47.409093,37.307295,14.392955,-20.151500,49.517988,26.140357,18.435735,31.450218,14.332897,-8.608775,45.335234,3.577137,-0.999697
47.627372,39.875929,15.413144,-21.254863,78.236785,27.247025,4.480524,35.278322,18.564915,-13.566795,75.523615,4.758046,0.189856
47.821281,39.875929,15.413144,-21.254863,78.236785,27.247025,4.480524,32.206598,19.359219,-17.329913,97.640401,6.390698,-1.690289
48.020078,39.875929,15.413144,-21.254863,78.236785,27.247025,4.480524,30.298228,19.106918,-19.232676,112.648561,9.383715,2.256219
48.239279,39.875929,15.413144,-21.254863,78.236785,27.247025,4.480524,30.298228,19.106918,-19.232676,119.812794,10.469789,3.480784
48.440255,39.875929,15.413144,-21.254863,131.272217,24.759825,-2.745345,30.338033,19.346121,-19.445281,119.656336,10.956454,3.817125
48.631137,39.875929,15.413144,-21.254863,127.895375,25.762547,-2.557250,29.001576,20.465835,-19.783039,117.160628,10.983157,2.002920
48.830484,39.875929,15.413144,-21.254863,113.514896,28.606960,1.564627,27.153886,19.102686,-17.573944,98.961314,9.531033,5.564909
49.028101,39.875929,15.413144,-21.254863,63.196120,31.825886,22.442866,29.029007,17.463211,-12.576606,62.991977,6.203107,6.588472
49.225862,39.875929,15.413144,-21.254863,29.635059,24.788733,29.295847,34.084465,14.691201,-6.693733,28.974301,4.032005,6.478613
49.423487,15.993346,11.194323,-11.655061,17.975595,16.207391,35.361016,34.831602,14.691162,-5.946383,5.065487,5.524118,9.265488
49.623833,16.564192,10.872944,-7.232361,15.877685,14.198828,30.551848,36.259679,13.833296,-3.235990,4.988508,6.200335,7.080575
49.826909,16.785090,11.120814,-7.202606,15.083285,14.117979,31.392269,8.546565,8.912403,1.894407,11.435259,3.882016,4.583248
50.021532,17.988232,11.270014,-7.473709,15.504486,14.777000,32.846169,7.746034,8.884789,1.805950,12.207862,4.148415,6.644187
50.245733,16.537218,11.496238,-7.472461,15.731719,14.906209,32.975062,7.486974,9.171794,1.457091,11.943307,4.704552,6.946505
50.439819,16.892438,11.555243,-7.807083,15.893476,15.306260,33.825943,7.810606,9.171793,1.780782,12.436639,4.800914,7.315662
50.633050,16.713999,11.543576,-8.132409,15.732132,15.811578,35.039664,8.898542,9.199960,1.760838,12.465124,5.042260,8.326861
50.856181,17.454955,11.633781,-8.131194,15.767558,15.997349,35.488002,8.898542,9.199960,1.760838,12.316672,5.389789,9.943489
51.068541,18.116596,11.695887,-8.141637,15.734960,15.996861,35.855935,8.898542,9.199960,1.760838,12.138379,5.089476,12.317033
51.287472,17.217955,13.076163,-8.188588,15.123730,6.187756,41.528859,8.898542,9.199960,1.760838,9.237130,-5.168235,11.822444
51.481182,2.158196,35.482119,-24.318914,15.134523,1.222105,41.478690,-5.550535,38.887653,-12.757400,4.284424,-2.567132,15.749097
51.681298,-3.583409,65.576944,-36.243775,10.511635,9.586858,41.876036,-12.057186,66.013162,-26.081101,3.404421,-1.578723,17.315205
51.874879,-8.284400,85.669433,-43.351970,9.853805,5.775331,42.186435,-16.852082,80.871325,-33.366703,3.464594,-0.028119,17.469264
52.074909,-11.940557,95.216340,-50.850211,8.679309,8.602428,42.867885,-19.507311,87.887332,-37.519729,3.863930,-0.580969,17.647814
52.269980,-11.793957,95.068628,-50.848983,7.768070,9.493349,43.627910,-19.019306,87.321581,-36.646171,4.269165,-0.747728,17.859535
52.494116,-10.834665,93.433733,-49.305931,6.934859,9.314704,44.219227,-18.586567,87.086149,-35.817830,4.286780,-0.911548,17.654903
52.706386,-10.224445,91.781264,-48.580917,6.827338,8.540699,44.105745,-18.455328,86.923123,-35.618388,4.224389,-1.217227,17.384938
52.923907,-8.013251,90.374441,-45.907249,6.612707,7.762704,44.214844,-17.354267,86.844317,-35.027538,4.103697,-1.004412,17.928306
53.128844,2.112253,89.126028,-38.086425,6.858581,7.176234,43.888232,-5.937766,88.267669,-26.609162,1.434979,-1.775513,18.627808
53.333476,24.341724,89.584070,-17.458283,6.180856,5.599335,44.982968,18.010099,90.799402,-8.712188,3.301129,-1.292884,22.229104
53.527045,47.144731,91.748032,3.358801,10.713069,7.659447,46.794155,39.593495,93.120524,10.509761,-3.518917,-4.332765,25.212321
53.730230,64.835455,92.734535,19.111400,13.107056,9.212795,47.959469,53.053728,93.484974,24.836822,3.171295,-1.273410,25.677514
53.930023,79.321048,91.215168,33.000454,14.128161,10.282256,49.414560,72.641444,92.841828,46.611338,-1.482878,-3.640601,26.802294
54.126977,89.977985,91.751924,43.023031,17.051672,12.426221,49.070560,81.381034,92.062454,56.462815,4.075329,-1.294282,25.092608
54.324907,90.557090,91.928813,43.630805,19.228993,14.574694,48.871203,81.206544,92.313140,56.394617,4.428309,-0.999886,25.620380
54.514115,92.127724,92.107753,45.839728,18.252535,14.893182,47.699895,80.655376,92.350785,56.333856,3.803585,-0.906035,25.930403
54.712095,92.447484,92.148729,46.259184,19.308002,16.097056,47.434655,80.847633,92.396135,56.632046,4.257599,-0.169692,25.848926
54.906764,93.268758,92.466682,47.332192,19.737270,16.617895,47.227329,80.905656,92.418428,56.934326,4.793132,0.268833,25.810720
55.117323,93.124610,92.085306,46.721174,19.857885,17.000924,47.367546,80.772554,92.350454,57.336669,5.217855,0.247007,25.703980
55.310614,93.240394,91.767847,47.025070,19.546126,17.091115,47.174613,80.763715,91.770559,57.153050,5.764506,0.819055,26.247852
55.512849,93.699314,92.319140,47.545645,19.386299,16.917140,46.902672,81.471765,91.681716,58.145585,6.042676,0.774378,26.166715
55.707843,93.846309,92.129359,47.458456,19.277644,17.433859,47.245569,81.425857,91.656498,58.445047,5.811790,0.858308,25.873666
55.909029,93.798170,91.496683,47.261944,20.038004,17.479088,46.897047,81.293767,91.271642,58.093433,6.165619,0.903146,25.906783
56.104193,88.500324,79.540591,37.712662,22.185468,18.192508,46.541875,78.310400,83.397864,50.008144,6.309942,0.575506,24.471992
56.311731,79.683694,46.580092,23.629086,19.125672,22.025847,49.788944,67.534647,45.187358,30.016035,8.339241,0.277978,24.237099
56.502200,25.373500,16.158210,0.821608,13.618878,26.613876,49.607300,10.847768,9.503954,4.550974,13.090882,4.469347,21.004145
56.707642,-22.127838,15.831577,-6.488315,18.134920,21.073049,29.129439,-29.733279,9.542132,-1.916812,12.065253,7.622368,1.521222
56.911377,-18.708487,14.211477,-5.501720,17.422302,18.775604,26.043999,-36.577891,9.489839,-2.348283,12.008451,7.915629,0.513329
57.115911,-12.515641,13.057261,-4.483223,17.001228,17.995814,26.579100,-29.651546,9.692055,-1.131364,11.897750,8.076247,1.169919
57.313605,-12.308824,12.735261,-4.147240,17.208228,17.686606,26.377053,-28.966228,9.913309,-0.671969,12.081079,7.783466,1.717282
57.512106,-10.333853,12.505825,-4.612538,17.020699,17.840009,27.166529,-27.561824,10.123148,-1.084009,12.455423,7.785831,1.065510
57.705901,-8.647398,12.500654,-4.296167,17.074648,17.343158,26.649937,-25.617551,10.098981,-1.247890,12.365152,7.730856,0.941342
57.929763,-8.647398,12.500654,-4.296167,17.321623,17.287916,26.078195,-25.820814,10.065017,-1.568247,12.950056,7.703626,1.731824
58.122463,-6.166153,12.315033,-5.123711,17.028775,17.212606,26.687524,-23.668060,10.087415,-1.411603,13.497341,7.574097,1.753495
58.328837,-4.425520,12.326332,-4.895790,16.762956,17.470103,27.257143,-17.220836,10.493739,-1.897894,12.533958,8.223698,2.863352
58.522457,-3.512561,12.348505,-4.759935,16.815517,17.629438,27.702029,-17.191015,10.629326,-2.208275,12.764603,8.430264,3.184204
58.721832,-3.713631,12.338989,-5.086024,16.914207,17.557892,27.646799,-17.532606,10.458677,-2.354088,12.883517,8.175819,3.219674
58.928753,-2.790431,12.346076,-4.769287,16.806086,17.473461,27.349956,-15.844911,10.465994,-2.837515,12.609086,8.473014,3.327102
59.127690,-2.790431,12.346076,-4.769287,16.934270,17.499912,26.720686,-16.162876,10.294091,-2.983049,12.599887,8.327571,3.505332
59.333417,-2.501995,12.189853,-4.475149,16.940069,17.301657,26.604331,-17.082396,10.353237,-3.141523,12.749953,8.355337,3.518875
59.536204,-1.826097,12.206741,-4.709644,16.834113,17.327437,26.998835,-17.016441,10.489446,-3.407071,12.855533,8.431614,3.766611
59.729631,-1.797978,12.372627,-4.551521,16.982298,17.600120,26.881468,-15.604090,10.228621,-3.541384,12.765861,8.311215,4.142182
59.933276,-0.175649,12.215115,-5.694458,16.620940,17.934649,27.934503,-15.477711,10.366003,-3.725884,12.782090,8.517763,4.735327
