0.092509,0.657797,-0.172684,0.264516,-0.683750,0.643699,-0.161175,0.173188,-0.727791,0.635077,-0.159019,0.245030,-0.715087,-0.510926,-0.137739,
0.127724,0.568949,-0.280975,0.372966,-0.676939,0.591574,-0.283275,0.311302,-0.687667,0.569398,-0.283198,0.373261,-0.675472,-0.783840,0.044533,
0.161033,0.469441,-0.339318,0.359337,-0.731687,0.535698,-0.331432,0.319416,-0.707922,0.509099,-0.321062,0.371072,-0.707137,0.859749,0.858341,
0.196790,0.507277,-0.383209,0.441241,-0.633346,0.520853,-0.394889,0.382892,-0.652816,0.494196,-0.391949,0.426031,-0.648570,-0.120004,-0.943075,
0.228424,0.549774,-0.403568,0.397559,-0.613864,0.561538,-0.411394,0.341327,-0.631605,0.535524,-0.411403,0.387379,-0.627614,-0.089984,-0.696752,
0.266778,0.559666,-0.337402,0.381454,-0.653778,0.565776,-0.345474,0.313430,-0.679932,0.549650,-0.345409,0.371439,-0.663785,-0.986707,-0.128463,
0.299619,0.573736,-0.319410,0.389500,-0.645828,0.581290,-0.335167,0.323161,-0.667332,0.565506,-0.331296,0.385345,-0.649581,-0.767961,-0.541951,
0.332003,0.585850,-0.311452,0.377548,-0.645937,0.594699,-0.326835,0.316840,-0.662665,0.577449,-0.323252,0.381297,-0.645502,-0.110683,-0.972578,
0.364175,0.634500,-0.311737,0.335794,-0.622472,0.623730,-0.305357,0.325381,-0.641751,0.591987,-0.327546,0.367613,-0.638064,-0.307539,-3.512682,
0.396377,0.637731,-0.307352,0.331380,-0.623715,0.629795,-0.305386,0.317401,-0.639808,0.597841,-0.323455,0.365514,-0.635895,-0.160684,-3.021350,
0.450812,0.637307,-0.307148,0.333161,-0.623301,0.627368,-0.305179,0.315185,-0.643377,0.597465,-0.321250,0.365284,-0.637496,-0.732161,-3.169972,
0.697472,0.637736,-0.311360,0.331383,-0.621718,0.626167,-0.311581,0.309577,-0.644201,0.599998,-0.323538,0.361601,-0.636058,-0.247335,-3.013084,
0.948715,0.633412,-0.319208,0.325211,-0.625407,0.614189,-0.327634,0.295572,-0.654267,0.591179,-0.333101,0.351106,-0.645195,-0.855816,-3.935143,
1.189449,0.632968,-0.320984,0.328984,-0.622969,0.616833,-0.324912,0.304918,-0.648825,0.591890,-0.335504,0.353531,-0.641965,-0.053585,-3.863782,
1.450500,0.651538,-0.311257,0.345285,-0.599495,0.625813,-0.317412,0.313407,-0.639831,0.599426,-0.327232,0.367261,-0.631448,-0.153776,-5.715897,
1.691937,0.721747,-0.279289,0.373386,-0.511529,0.626222,-0.317620,0.319624,-0.636242,0.599375,-0.325204,0.369231,-0.631395,-19.392985,-19.233929,
1.943660,0.769688,-0.251225,0.391350,-0.437391,0.625775,-0.313388,0.309383,-0.643798,0.599765,-0.323412,0.369471,-0.631805,-30.997534,-29.979627,
2.185866,0.745034,-0.261012,0.371017,-0.489022,0.624103,-0.309547,0.307544,-0.648146,0.606076,-0.313557,0.363646,-0.634126,-24.548979,-22.779544,
2.441440,0.772123,-0.239348,0.377549,-0.451657,0.625281,-0.305137,0.307138,-0.649292,0.605685,-0.311352,0.363411,-0.635719,-30.260480,-28.742363,
2.690902,0.833201,-0.203538,0.396046,-0.327866,0.623575,-0.303280,0.303280,-0.653603,0.605685,-0.311352,0.363411,-0.635719,-47.158714,-45.222792,
2.942821,0.885203,-0.143357,0.408016,-0.171427,0.623573,-0.301277,0.305280,-0.653600,0.607721,-0.311370,0.363431,-0.633752,-67.228043,-65.392507,
3.188867,0.896387,-0.121188,0.411637,-0.111172,0.619919,-0.301447,0.307456,-0.655973,0.607278,-0.311143,0.365167,-0.633290,-75.089094,-72.909982,
3.442838,0.906857,-0.095195,0.407835,-0.047096,0.618100,-0.295526,0.303540,-0.662178,0.608099,-0.309560,0.363657,-0.634146,-83.657850,-81.057711,
3.683687,0.908595,-0.087153,0.407716,-0.025044,0.620235,-0.299597,0.303605,-0.658311,0.608099,-0.309560,0.363657,-0.634146,-86.026270,-83.776307,
3.939582,0.908872,-0.085175,0.407840,-0.019039,0.621828,-0.295393,0.305406,-0.657876,0.607327,-0.309166,0.363195,-0.635342,-86.404547,-84.654006,
4.182160,0.902063,-0.111131,0.409483,-0.079093,0.617046,-0.299022,0.309023,-0.659049,0.607327,-0.309166,0.363195,-0.635342,-79.311334,-77.021306,
4.447260,0.807976,-0.222168,0.401497,-0.369617,0.608994,-0.306997,0.312997,-0.660993,0.603859,-0.315449,0.369526,-0.631899,-42.745899,-39.106194,
4.682680,0.729153,-0.271567,0.369053,-0.508318,0.615154,-0.305076,0.315079,-0.655164,0.605894,-0.315465,0.369545,-0.629929,-22.229845,-19.232536,
4.942541,0.655697,-0.305324,0.349371,-0.595633,0.621678,-0.303331,0.319348,-0.647706,0.605130,-0.315067,0.369079,-0.631135,-7.236789,-5.745635,
5.183800,0.642243,-0.311603,0.343665,-0.610181,0.619244,-0.305120,0.315124,-0.651257,0.605510,-0.317267,0.369311,-0.629530,-5.415660,-3.216813,
5.437468,0.708087,-0.281432,0.369567,-0.531816,0.621643,-0.301312,0.317328,-0.649672,0.605894,-0.315465,0.369545,-0.629929,-17.486720,-15.643102,
5.680185,0.813976,-0.219804,0.404479,-0.354296,0.620852,-0.302928,0.314925,-0.650845,0.605894,-0.315465,0.369545,-0.629929,-42.800944,-40.697924,
5.950963,0.869541,-0.163478,0.416216,-0.209613,0.621661,-0.303322,0.315335,-0.649690,0.605894,-0.315465,0.369545,-0.629929,-61.627740,-59.883371,
6.180053,0.894366,-0.119182,0.417638,-0.107164,0.619202,-0.303099,0.313102,-0.653213,0.607541,-0.313279,0.369329,-0.629561,-75.270512,-72.990045,
6.436341,0.902965,-0.095207,0.415905,-0.051111,0.618229,-0.297592,0.309616,-0.658309,0.607541,-0.313279,0.369329,-0.629561,-82.720452,-80.149919,
6.678660,0.905883,-0.085271,0.414319,-0.021067,0.615805,-0.299391,0.309404,-0.659862,0.607541,-0.313279,0.369329,-0.629561,-86.714640,-83.826842,
6.936996,0.906431,-0.083131,0.413653,-0.019030,0.617426,-0.299207,0.307212,-0.659455,0.607541,-0.313279,0.369329,-0.629561,-86.945982,-84.155206,
7.176775,0.894897,-0.121257,0.415882,-0.107227,0.623628,-0.303305,0.307309,-0.651656,0.607541,-0.313279,0.369329,-0.629561,-74.923824,-72.905600,
7.434245,0.828917,-0.209484,0.409948,-0.317735,0.627350,-0.307171,0.309173,-0.645360,0.606208,-0.315629,0.371741,-0.628251,-46.935894,-45.196837,
7.673203,0.748653,-0.271600,0.387857,-0.464025,0.635823,-0.309401,0.309401,-0.635823,0.605372,-0.317195,0.373229,-0.627385,-25.108846,-24.442530,
7.937199,0.650173,-0.313566,0.351634,-0.596075,0.640214,-0.309587,0.307583,-0.632199,0.605755,-0.315393,0.373466,-0.627783,-4.742720,-4.621444,
8.180293,0.643534,-0.317263,0.351292,-0.601499,0.637412,-0.315204,0.305197,-0.633409,0.605678,-0.317355,0.375420,-0.625700,-4.296844,-3.451890,
8.439497,0.733307,-0.273114,0.385161,-0.489205,0.637836,-0.313411,0.309406,-0.631828,0.605678,-0.317355,0.375420,-0.625700,-21.602418,-21.040717,
8.674570,0.828039,-0.211265,0.409514,-0.319401,0.639372,-0.309180,0.303177,-0.635370,0.605755,-0.315393,0.373466,-0.627783,-45.313794,-44.838445,
8.937652,0.878355,-0.151233,0.415641,-0.181280,0.641728,-0.305346,0.301342,-0.635721,0.607855,-0.313441,0.371523,-0.627883,-63.304236,-63.190272,
9.180275,0.896221,-0.113154,0.419572,-0.089121,0.641762,-0.307365,0.303360,-0.633752,0.607402,-0.313207,0.373247,-0.627415,-74.772814,-74.921774,
9.435220,0.901214,-0.091224,0.422037,-0.037091,0.641762,-0.307365,0.303360,-0.633752,0.607021,-0.315011,0.373013,-0.627021,-81.266196,-81.522018,
9.673059,0.903361,-0.083217,0.420098,-0.023060,0.640976,-0.308988,0.304988,-0.632976,0.607402,-0.313207,0.373247,-0.627415,-83.126827,-83.358889,
9.931948,0.904563,-0.083144,0.417722,-0.019033,0.641754,-0.309363,0.301354,-0.633744,0.607402,-0.313207,0.373247,-0.627415,-83.698582,-83.827495,
10.178975,0.883929,-0.137144,0.421443,-0.149157,0.642960,-0.314980,0.302981,-0.628961,0.607021,-0.315011,0.373013,-0.627021,-67.058734,-67.318824,
10.430920,0.780066,-0.246705,0.398523,-0.414504,0.641402,-0.317199,0.307192,-0.627393,0.605678,-0.317355,0.375420,-0.625700,-31.835852,-31.658131,
10.692246,0.678581,-0.304812,0.366773,-0.558655,0.641412,-0.317204,0.311200,-0.625402,0.604837,-0.318914,0.376898,-0.624831,-9.996754,-10.080167,
10.947118,0.637537,-0.323272,0.353298,-0.603508,0.643782,-0.319388,0.311378,-0.621755,0.604322,-0.319700,0.377827,-0.624366,-2.210977,-2.706748,
11.194657,0.691231,-0.295955,0.374208,-0.542752,0.645772,-0.315377,0.311372,-0.621743,0.605678,-0.317355,0.375420,-0.625700,-12.009566,-12.783972,
11.453153,0.796420,-0.235420,0.405724,-0.381681,0.645764,-0.317375,0.309366,-0.621735,0.605222,-0.317116,0.377138,-0.625229,-35.489050,-36.076953,
11.696161,0.849910,-0.183629,0.422446,-0.255876,0.651672,-0.313323,0.309319,-0.617636,0.606062,-0.315553,0.375658,-0.626097,-51.474152,-53.167883,
11.948381,0.889324,-0.119312,0.426114,-0.115301,0.654030,-0.313494,0.307484,-0.615970,0.606062,-0.315553,0.375658,-0.626097,-69.521227,-71.729651,
12.187760,0.898390,-0.093144,0.425659,-0.055085,0.653632,-0.311301,0.307297,-0.617597,0.607327,-0.315170,0.375202,-0.625337,-77.197833,-79.267202,
12.445741,0.900498,-0.083138,0.425708,-0.031052,0.653626,-0.313300,0.309296,-0.615590,0.607327,-0.315170,0.375202,-0.625337,-80.034937,-82.283434,
12.687475,0.901566,-0.081231,0.424207,-0.025071,0.653632,-0.311301,0.307297,-0.617597,0.607782,-0.315406,0.373481,-0.625805,-80.910504,-83.081972,
12.944668,0.902552,-0.081140,0.421725,-0.031053,0.655991,-0.309468,0.307465,-0.615931,0.607402,-0.313207,0.373247,-0.627415,-79.940540,-82.592306,
13.186067,0.869440,-0.151076,0.425215,-0.201102,0.649303,-0.315147,0.309144,-0.619289,0.605678,-0.317355,0.375420,-0.625700,-59.426501,-60.923558,
13.444833,0.749571,-0.259198,0.395301,-0.463353,0.651267,-0.313128,0.311128,-0.617253,0.605222,-0.317116,0.377138,-0.625229,-23.504350,-25.002599,
13.686966,0.652811,-0.308910,0.362895,-0.588829,0.650517,-0.313732,0.309722,-0.618443,0.605222,-0.317116,0.377138,-0.625229,-4.335161,-5.724831,
13.944309,0.629576,-0.319292,0.357327,-0.611559,0.647732,-0.317359,0.309350,-0.619701,0.603864,-0.319457,0.379543,-0.623893,-0.843655,-1.833221,
14.184905,0.681836,-0.293360,0.377463,-0.553679,0.649303,-0.315147,0.309144,-0.619289,0.605222,-0.317116,0.377138,-0.625229,-10.330936,-11.484193,
14.448073,0.805592,-0.219161,0.415305,-0.361265,0.647732,-0.317359,0.309350,-0.619701,0.605979,-0.317513,0.377610,-0.624008,-38.431656,-39.201778,
14.683647,0.856109,-0.167217,0.427554,-0.237307,0.647732,-0.317359,0.309350,-0.619701,0.605979,-0.317513,0.377610,-0.624008,-54.911410,-55.882061,
14.954770,0.888260,-0.109155,0.433615,-0.105149,0.646163,-0.317572,0.307553,-0.622120,0.605979,-0.317513,0.377610,-0.624008,-72.232230,-73.067143,
15.182946,0.895347,-0.085223,0.434138,-0.051134,0.650499,-0.317732,0.309714,-0.616421,0.605520,-0.317272,0.379326,-0.623535,-78.240174,-79.894777,
15.453695,0.897659,-0.077229,0.432281,-0.037110,0.649696,-0.317340,0.309331,-0.617661,0.605979,-0.317513,0.377610,-0.624008,-80.248080,-81.844610,
15.683462,0.898823,-0.077156,0.429872,-0.037075,0.647722,-0.315351,0.303338,-0.623695,0.605979,-0.317513,0.377610,-0.624008,-81.000075,-81.889410,
15.940665,0.872094,-0.139175,0.433544,-0.179225,0.643777,-0.317383,0.305368,-0.625755,0.605520,-0.317272,0.379326,-0.623535,-63.434097,-63.554124,
16.187534,0.786106,-0.233328,0.415585,-0.393554,0.643782,-0.319388,0.311378,-0.621755,0.603770,-0.321410,0.381486,-0.621793,-34.344332,-34.611717,
16.438347,0.656576,-0.303729,0.373898,-0.580393,0.643369,-0.321184,0.311179,-0.621357,0.603770,-0.321410,0.381486,-0.621793,-6.762463,-7.080681,
16.683417,0.623348,-0.319178,0.365204,-0.613342,0.644159,-0.321579,0.315568,-0.618112,0.601644,-0.323346,0.383410,-0.621666,-0.630008,-1.589987,
16.946773,0.692299,-0.285536,0.389731,-0.536005,0.643743,-0.323373,0.315364,-0.617713,0.602919,-0.322957,0.382949,-0.620917,-13.526346,-14.122348,
17.177290,0.812622,-0.205410,0.429858,-0.335670,0.642176,-0.323593,0.313574,-0.620136,0.602919,-0.322957,0.382949,-0.620917,-42.556024,-42.799472,
17.431948,0.873627,-0.131395,0.438318,-0.165498,0.641394,-0.321197,0.311191,-0.623383,0.603770,-0.321410,0.381486,-0.621793,-65.190608,-65.435405,
17.672925,0.889378,-0.101271,0.434161,-0.101271,0.643367,-0.319182,0.305174,-0.625357,0.605520,-0.317272,0.379326,-0.623535,-73.615747,-73.809421,
17.942719,0.894883,-0.083175,0.433913,-0.063133,0.644594,-0.317786,0.309766,-0.622540,0.605428,-0.319225,0.381269,-0.621439,-77.981259,-78.594072,
18.174296,0.896552,-0.075130,0.433751,-0.049085,0.645753,-0.319373,0.311363,-0.619723,0.604157,-0.319612,0.381731,-0.622192,-79.543368,-80.627393,
18.437524,0.897064,-0.071164,0.433998,-0.043099,0.649688,-0.317336,0.313332,-0.615652,0.603770,-0.321410,0.381486,-0.621793,-79.635702,-81.510836,
18.678150,0.886275,-0.103148,0.437630,-0.111160,0.647709,-0.317347,0.317347,-0.615674,0.603308,-0.321164,0.383195,-0.621317,-70.951919,-72.624725,
18.935071,0.776718,-0.235521,0.423938,-0.401889,0.638953,-0.320976,0.324976,-0.618954,0.599678,-0.327370,0.389440,-0.617698,-32.917789,-33.359533,
19.170724,0.666258,-0.300665,0.386570,-0.562374,0.637729,-0.323369,0.327374,-0.617706,0.599284,-0.329156,0.389185,-0.617293,-9.035620,-9.640568,
19.413113,0.615844,-0.325446,0.371509,-0.613842,0.629737,-0.323379,0.331388,-0.623730,0.597875,-0.331485,0.391573,-0.615901,-1.030011,-0.879622,
19.657603,0.654209,-0.303561,0.381705,-0.578068,0.631821,-0.317412,0.325423,-0.627815,0.603951,-0.323510,0.385607,-0.617973,-7.696541,-7.027505,
19.896731,0.775322,-0.235706,0.422264,-0.406216,0.631821,-0.317412,0.325423,-0.627815,0.601818,-0.325442,0.387527,-0.617840,-33.406660,-32.726258,
20.160509,0.850800,-0.161341,0.437927,-0.241511,0.628224,-0.317619,0.323630,-0.632232,0.603204,-0.323109,0.385130,-0.619209,-56.550290,-55.406798,
20.398139,0.882727,-0.111218,0.437856,-0.129253,0.627431,-0.313215,0.319219,-0.637437,0.604058,-0.321563,0.383672,-0.620086,-71.519540,-70.134378,
20.653964,0.891326,-0.087228,0.438143,-0.077201,0.627421,-0.311209,0.321215,-0.637427,0.601206,-0.319109,0.385132,-0.623213,-78.025350,-77.199289,
20.896994,0.894273,-0.077110,0.437623,-0.053076,0.627016,-0.311008,0.323008,-0.637017,0.595308,-0.317164,0.389202,-0.627325,-80.972467,-80.843429,
21.161395,0.894894,-0.073155,0.437927,-0.045095,0.625813,-0.315410,0.323420,-0.635826,0.595308,-0.317164,0.389202,-0.627325,-82.133688,-81.870758,
21.395800,0.892495,-0.089149,0.435730,-0.075126,0.625813,-0.313407,0.321417,-0.637828,0.595399,-0.315211,0.387260,-0.629422,-78.378915,-78.100966,
21.653005,0.818693,-0.201417,0.433897,-0.317657,0.623778,-0.319398,0.327408,-0.633790,0.593917,-0.319493,0.391604,-0.625966,-46.410461,-45.645312,
21.895814,0.703903,-0.279358,0.395507,-0.519667,0.624176,-0.317598,0.327617,-0.634195,0.593172,-0.319093,0.391113,-0.627182,-17.943433,-17.258622,
22.152872,0.623655,-0.319335,0.367386,-0.611643,0.623778,-0.319398,0.327408,-0.633790,0.592251,-0.317671,0.391828,-0.628327,-2.973011,-2.365099,
22.394511,0.630694,-0.315848,0.369994,-0.604624,0.627009,-0.315004,0.327005,-0.633009,0.593643,-0.315341,0.389422,-0.629682,-3.759920,-3.605795,
22.652282,0.720046,-0.270143,0.406721,-0.493086,0.625778,-0.317394,0.329409,-0.631785,0.592251,-0.317671,0.391828,-0.628327,-21.468108,-21.231816,
22.895918,0.826766,-0.191409,0.435931,-0.299640,0.624589,-0.318790,0.328784,-0.632584,0.593550,-0.317294,0.391363,-0.627581,-48.734397,-48.315378,
23.155640,0.878998,-0.119271,0.442004,-0.133303,0.623778,-0.315393,0.327408,-0.635793,0.593550,-0.317294,0.391363,-0.627581,-70.591743,-70.260294,
23.397148,0.888367,-0.091140,0.443683,-0.075116,0.623778,-0.315393,0.327408,-0.635793,0.593550,-0.317294,0.391363,-0.627581,-78.081494,-77.822775,
23.652948,0.891276,-0.077197,0.444134,-0.049125,0.624161,-0.315587,0.329613,-0.634179,0.593550,-0.317294,0.391363,-0.627581,-81.260445,-81.236860,
23.890532,0.892861,-0.075157,0.441921,-0.043090,0.625364,-0.317185,0.331193,-0.631368,0.593643,-0.315341,0.389422,-0.629682,-81.712845,-82.147723,
24.146184,0.894054,-0.077264,0.438498,-0.049168,0.625392,-0.313196,0.327205,-0.635398,0.593643,-0.315341,0.389422,-0.629682,-81.297560,-81.472076,
24.389282,0.850879,-0.158977,0.438938,-0.240966,0.625738,-0.313369,0.333393,-0.631745,0.592804,-0.316895,0.390871,-0.628793,-56.377518,-56.723125,
24.654747,0.718063,-0.270647,0.398480,-0.502344,0.625344,-0.315173,0.333183,-0.631347,0.592804,-0.316895,0.390871,-0.628793,-20.114373,-20.078333,
24.881501,0.636071,-0.314540,0.372456,-0.598126,0.629747,-0.313372,0.333396,-0.627745,0.592251,-0.317671,0.391828,-0.628327,-3.902516,-4.583012,
25.140845,0.624319,-0.321679,0.369781,-0.608285,0.630142,-0.311564,0.333604,-0.628138,0.593550,-0.317294,0.391363,-0.627581,-1.866074,-2.497307,
25.380527,0.739303,-0.261107,0.413169,-0.463190,0.631347,-0.315173,0.333183,-0.625344,0.591785,-0.317421,0.393522,-0.627833,-24.605156,-25.366120,
25.637810,0.820003,-0.199244,0.435533,-0.313383,0.630953,-0.312977,0.332975,-0.626954,0.591785,-0.317421,0.393522,-0.627833,-45.547016,-46.408558,
25.878748,0.867179,-0.141355,0.444116,-0.175441,0.629374,-0.313186,0.331197,-0.629374,0.593550,-0.317294,0.391363,-0.627581,-63.901590,-64.569100,
26.136174,0.884834,-0.099206,0.447928,-0.081168,0.631745,-0.313369,0.333393,-0.625738,0.591408,-0.319220,0.393271,-0.627433,-75.407904,-76.863767,
26.377655,0.889231,-0.081204,0.448124,-0.043108,0.629770,-0.315386,0.331405,-0.627768,0.591785,-0.317421,0.393522,-0.627833,-80.692134,-81.680949,
26.644127,0.892273,-0.077110,0.443633,-0.033047,0.629351,-0.315176,0.333186,-0.627350,0.593084,-0.317045,0.393056,-0.627089,-81.908961,-82.864342,
26.877419,0.876096,-0.125157,0.445557,-0.135169,0.628161,-0.317587,0.331613,-0.628161,0.593550,-0.317294,0.391363,-0.627581,-69.112227,-69.705305,
27.136724,0.789255,-0.232486,0.426058,-0.376168,0.628130,-0.319575,0.333600,-0.626127,0.591408,-0.319220,0.393271,-0.627433,-36.974128,-37.423913,
27.378867,0.659775,-0.311366,0.381448,-0.567667,0.629341,-0.319173,0.333181,-0.625339,0.592151,-0.319621,0.393765,-0.626217,-8.380058,-8.724348,
27.638620,0.622105,-0.331589,0.371660,-0.604073,0.627727,-0.321372,0.333386,-0.625725,0.589889,-0.323488,0.397599,-0.623940,-2.115868,-2.257754,
27.877778,0.677424,-0.307192,0.389244,-0.543340,0.625321,-0.323166,0.333171,-0.627323,0.591304,-0.321165,0.395203,-0.625321,-12.463848,-12.172519,
28.117576,0.787509,-0.237153,0.429277,-0.373241,0.627727,-0.321372,0.333386,-0.625725,0.590836,-0.320911,0.396890,-0.624826,-37.086316,-37.213418,
28.357326,0.846111,-0.181668,0.436605,-0.245904,0.630187,-0.315595,0.329621,-0.628183,0.591408,-0.319220,0.393271,-0.627433,-54.264309,-54.955448,
28.598887,0.880450,-0.119196,0.445734,-0.109180,0.627385,-0.319196,0.329202,-0.629387,0.592151,-0.319621,0.393765,-0.626217,-72.420595,-72.771966,
28.858193,0.889718,-0.091279,0.444357,-0.051156,0.627798,-0.319406,0.327416,-0.629800,0.592151,-0.319621,0.393765,-0.626217,-79.951094,-80.320031,
29.096617,0.891018,-0.085193,0.444005,-0.041093,0.627823,-0.319419,0.323424,-0.631828,0.591408,-0.319220,0.393271,-0.627433,-81.588315,-81.833131,
29.354042,0.891638,-0.081240,0.444314,-0.031092,0.626217,-0.319621,0.321625,-0.634233,0.591408,-0.319220,0.393271,-0.627433,-83.180692,-83.064987,
29.595940,0.893274,-0.077196,0.442125,-0.025064,0.625422,-0.319215,0.321217,-0.635428,0.593084,-0.317045,0.393056,-0.627089,-84.170656,-83.716900,
29.855822,0.888189,-0.103138,0.439589,-0.085114,0.625422,-0.319215,0.321217,-0.635428,0.593084,-0.317045,0.393056,-0.627089,-76.661655,-76.177236,
30.097317,0.787240,-0.236471,0.424052,-0.380150,0.625422,-0.319215,0.321217,-0.635428,0.593084,-0.317045,0.393056,-0.627089,-37.605301,-36.529232,
30.374606,0.649853,-0.320435,0.372343,-0.579977,0.621750,-0.323390,0.327395,-0.633765,0.590000,-0.321545,0.395671,-0.626061,-7.638010,-6.533691,
30.591990,0.626104,-0.333588,0.369652,-0.600058,0.619730,-0.323381,0.327386,-0.635749,0.591304,-0.321165,0.395203,-0.625321,-4.149878,-2.660238,
30.847577,0.709695,-0.288094,0.400521,-0.502910,0.621750,-0.323390,0.327395,-0.633765,0.591304,-0.321165,0.395203,-0.625321,-19.842887,-18.619692,
31.089869,0.820701,-0.207430,0.435903,-0.305633,0.622142,-0.319587,0.329605,-0.634164,0.591304,-0.321165,0.395203,-0.625321,-47.465552,-46.695235,
31.350541,0.867148,-0.143355,0.448110,-0.163405,0.617706,-0.323369,0.327374,-0.637729,0.591304,-0.321165,0.395203,-0.625321,-66.987658,-65.694741,
31.593654,0.884798,-0.101206,0.447910,-0.079161,0.616458,-0.321761,0.329780,-0.638510,0.591304,-0.321165,0.395203,-0.625321,-77.986687,-76.826557,
31.844502,0.889378,-0.081217,0.448198,-0.039105,0.615669,-0.321349,0.329358,-0.639695,0.591304,-0.321165,0.395203,-0.625321,-83.288551,-82.020815,
32.082905,0.891068,-0.077179,0.446035,-0.033077,0.615262,-0.321137,0.331141,-0.639272,0.591304,-0.321165,0.395203,-0.625321,-84.067684,-82.893908,
32.337418,0.888122,-0.089113,0.445563,-0.069087,0.613642,-0.319334,0.327343,-0.643674,0.591304,-0.321165,0.395203,-0.625321,-80.254644,-78.543210,
32.579662,0.792757,-0.222371,0.433772,-0.365964,0.609531,-0.321280,0.333290,-0.643560,0.589419,-0.323230,0.399284,-0.623443,-41.362238,-38.896892,
32.830767,0.686241,-0.290679,0.390568,-0.540403,0.611177,-0.323094,0.333097,-0.641186,0.589419,-0.323230,0.399284,-0.623443,-15.990189,-13.645668,
33.067412,0.617617,-0.329329,0.375375,-0.607607,0.609501,-0.327269,0.335276,-0.639526,0.587990,-0.325548,0.401676,-0.622047,-4.208012,-1.861784,
33.327330,0.658039,-0.309489,0.385609,-0.567897,0.611192,-0.321101,0.331104,-0.643202,0.591574,-0.321312,0.397386,-0.623605,-11.178468,-8.595514,
33.558290,0.765986,-0.247318,0.425548,-0.413532,0.611554,-0.319289,0.335304,-0.641582,0.590270,-0.321692,0.397856,-0.624344,-33.987423,-31.910999,
33.822726,0.847816,-0.163157,0.447431,-0.233224,0.612795,-0.314895,0.334888,-0.642785,0.590270,-0.321692,0.397856,-0.624344,-58.669464,-57.014042,
34.056416,0.877339,-0.111297,0.450200,-0.123329,0.611930,-0.313476,0.335510,-0.643978,0.591574,-0.321312,0.397386,-0.623605,-73.096303,-71.404563,
34.321470,0.887333,-0.085224,0.448178,-0.067177,0.615627,-0.313319,0.333340,-0.641654,0.591574,-0.321312,0.397386,-0.623605,-79.914942,-78.690300,
34.563483,0.889621,-0.073216,0.448321,-0.047139,0.613613,-0.315315,0.331331,-0.643643,0.590270,-0.321692,0.397856,-0.624344,-83.026831,-81.547172,
34.825932,0.889220,-0.075188,0.448119,-0.053133,0.611954,-0.315492,0.333520,-0.644004,0.590270,-0.321692,0.397856,-0.624344,-82.392103,-80.826584,
35.057841,0.863420,-0.133065,0.449218,-0.187091,0.613583,-0.315300,0.335319,-0.641610,0.589419,-0.323230,0.399284,-0.623443,-65.043747,-63.614821,
35.325157,0.742324,-0.255456,0.423756,-0.451806,0.613519,-0.317269,0.341289,-0.637540,0.587990,-0.325548,0.401676,-0.622047,-28.204018,-26.851737,
35.555819,0.619810,-0.321420,0.381499,-0.605792,0.609887,-0.319465,0.337491,-0.641934,0.589037,-0.325020,0.399025,-0.623039,-4.742941,-2.827821,
35.832058,0.609496,-0.325265,0.379309,-0.615501,0.613129,-0.319067,0.341072,-0.637134,0.589298,-0.325165,0.401203,-0.621314,-2.351598,-0.964033,
36.071570,0.677690,-0.290152,0.404606,-0.541148,0.613546,-0.319284,0.339302,-0.637568,0.589681,-0.323373,0.401464,-0.621718,-14.997494,-13.358918,
36.328228,0.796539,-0.213412,0.439850,-0.355687,0.616012,-0.321528,0.335551,-0.636045,0.589419,-0.323230,0.399284,-0.623443,-41.925898,-40.579983,
36.570941,0.847765,-0.155140,0.451407,-0.231209,0.613591,-0.319307,0.335323,-0.639616,0.589419,-0.323230,0.399284,-0.623443,-59.143792,-57.628724,
36.834381,0.872970,-0.111251,0.454025,-0.139314,0.612805,-0.318899,0.334894,-0.640796,0.589419,-0.323230,0.399284,-0.623443,-71.316103,-69.815638,
37.068817,0.883717,-0.081250,0.454397,-0.077237,0.613605,-0.317313,0.333329,-0.641633,0.589419,-0.323230,0.399284,-0.623443,-79.313991,-77.904754,
37.328598,0.887358,-0.071189,0.452202,-0.055147,0.615639,-0.317330,0.333346,-0.639664,0.589419,-0.323230,0.399284,-0.623443,-81.837498,-80.761260,
37.575059,0.888097,-0.069085,0.451558,-0.051063,0.617270,-0.315138,0.333146,-0.639280,0.589419,-0.323230,0.399284,-0.623443,-82.151073,-81.304968,
37.827999,0.882865,-0.087184,0.451955,-0.093197,0.611979,-0.321514,0.331530,-0.642027,0.589419,-0.323230,0.399284,-0.623443,-77.742456,-75.966235,
38.075229,0.798222,-0.209321,0.443679,-0.349535,0.607497,-0.323265,0.331271,-0.645528,0.590154,-0.323633,0.399782,-0.622217,-44.345566,-41.350246,
38.328212,0.675088,-0.291038,0.403052,-0.545071,0.607858,-0.325459,0.335473,-0.641906,0.587990,-0.325548,0.401676,-0.622047,-15.542308,-13.017834,
38.570765,0.608405,-0.327757,0.383886,-0.612414,0.609043,-0.327023,0.341024,-0.637045,0.587862,-0.327480,0.403592,-0.619909,-3.175717,-1.172045,
38.832966,0.666357,-0.293598,0.397810,-0.558136,0.611508,-0.323268,0.339282,-0.637529,0.590154,-0.323633,0.399782,-0.622217,-12.883328,-11.035729,
39.069245,0.773266,-0.233685,0.438284,-0.394155,0.615181,-0.321094,0.339100,-0.635187,0.590154,-0.323633,0.399782,-0.622217,-36.180510,-34.803418,
39.327216,0.847593,-0.155476,0.452384,-0.229703,0.611121,-0.321064,0.339067,-0.639127,0.589419,-0.323230,0.399284,-0.623443,-59.353582,-57.764313,
39.573877,0.877900,-0.099328,0.454501,-0.113375,0.611513,-0.319268,0.339284,-0.639536,0.589419,-0.323230,0.399284,-0.623443,-74.501215,-73.174757,
39.832727,0.882379,-0.079124,0.457716,-0.075117,0.609423,-0.319222,0.343238,-0.639444,0.589298,-0.325165,0.401203,-0.621314,-79.488976,-78.041047,
40.069104,0.886179,-0.067089,0.455606,-0.051068,0.609841,-0.319440,0.341471,-0.639882,0.589298,-0.325165,0.401203,-0.621314,-82.677335,-81.199429,
40.325135,0.886677,-0.069131,0.453859,-0.055104,0.611097,-0.319050,0.341054,-0.639101,0.589298,-0.325165,0.401203,-0.621314,-82.025506,-80.704486,
40.568390,0.850681,-0.141279,0.461913,-0.207410,0.607763,-0.325408,0.343431,-0.637800,0.587001,-0.329001,0.405001,-0.619001,-62.577145,-60.686769,
40.831594,0.751593,-0.244542,0.434187,-0.432191,0.605285,-0.329155,0.345162,-0.637300,0.585688,-0.329387,0.405476,-0.619728,-32.052969,-29.818577,
41.071331,0.618912,-0.320954,0.390944,-0.600915,0.603197,-0.331108,0.347113,-0.637208,0.585688,-0.329387,0.405476,-0.619728,-5.673640,-3.422778,
41.329885,0.605801,-0.329436,0.387513,-0.611809,0.605302,-0.331165,0.343171,-0.637317,0.587001,-0.329001,0.405001,-0.619001,-3.477619,-1.105863,
41.565402,0.716117,-0.271423,0.423661,-0.483754,0.608141,-0.327615,0.343645,-0.636193,0.587862,-0.327480,0.403592,-0.619909,-23.881037,-21.798350,
41.831090,0.818881,-0.189435,0.450034,-0.301693,0.609472,-0.323250,0.339263,-0.639495,0.589298,-0.325165,0.401203,-0.621314,-49.897820,-47.815157,
42.066862,0.857547,-0.137408,0.456356,-0.193575,0.611903,-0.321474,0.339501,-0.637941,0.589298,-0.325165,0.401203,-0.621314,-63.998670,-62.450081,
42.340485,0.880175,-0.089119,0.457611,-0.089119,0.613490,-0.319255,0.343274,-0.635507,0.588914,-0.326952,0.400941,-0.620909,-76.940489,-76.124359,
42.557094,0.884375,-0.073114,0.457712,-0.055086,0.614298,-0.321679,0.341722,-0.634340,0.588914,-0.326952,0.400941,-0.620909,-81.275302,-80.499876,
42.813623,0.884780,-0.071143,0.457921,-0.049099,0.609836,-0.323443,0.341468,-0.637874,0.588914,-0.326952,0.400941,-0.620909,-82.646093,-81.218314,
43.054432,0.886435,-0.067109,0.455738,-0.045073,0.607797,-0.323424,0.341448,-0.639839,0.588914,-0.326952,0.400941,-0.620909,-83.583213,-81.883074,
43.312491,0.873159,-0.103255,0.460138,-0.123305,0.607843,-0.323449,0.337468,-0.641890,0.588914,-0.326952,0.400941,-0.620909,-73.868319,-71.759831,
43.553424,0.765762,-0.237236,0.437435,-0.407405,0.607431,-0.323230,0.339241,-0.641456,0.587862,-0.327480,0.403592,-0.619909,-35.514582,-33.022345,
43.813982,0.611197,-0.327105,0.385124,-0.609196,0.605741,-0.327400,0.341417,-0.639782,0.587862,-0.327480,0.403592,-0.619909,-4.112282,-1.664404,
44.058410,0.607407,-0.331222,0.387260,-0.609408,0.603658,-0.329359,0.343374,-0.639698,0.585550,-0.331311,0.407382,-0.617580,-3.890490,-1.292370,
44.317099,0.671382,-0.296050,0.408449,-0.542926,0.606205,-0.323643,0.335667,-0.644281,0.587862,-0.327480,0.403592,-0.619909,-15.614758,-12.757768,
44.552260,0.806698,-0.199917,0.453077,-0.322478,0.605777,-0.321412,0.339435,-0.643826,0.587516,-0.325286,0.403354,-0.621546,-47.470694,-44.942182,
44.811300,0.854526,-0.139576,0.462910,-0.189783,0.609450,-0.321237,0.341252,-0.639472,0.587862,-0.327480,0.403592,-0.619909,-64.438127,-62.657497,
45.051206,0.876159,-0.091121,0.465616,-0.085113,0.608190,-0.321629,0.341668,-0.640252,0.587862,-0.327480,0.403592,-0.619909,-78.037140,-76.251138,
45.292798,0.879843,-0.073070,0.467448,-0.045043,0.607772,-0.321408,0.343436,-0.639813,0.587001,-0.329001,0.405001,-0.619001,-82.999332,-81.320608,
45.514856,0.880871,-0.071151,0.465990,-0.043092,0.606994,-0.320997,0.342997,-0.640994,0.587001,-0.329001,0.405001,-0.619001,-83.457969,-81.649688,
45.756720,0.870406,-0.101163,0.469759,-0.107173,0.608999,-0.322999,0.344999,-0.636999,0.587728,-0.329408,0.405502,-0.617765,-74.830840,-73.211929,
46.016842,0.792270,-0.211339,0.463744,-0.335538,0.610047,-0.323555,0.351603,-0.632084,0.584086,-0.333620,0.409762,-0.616146,-43.727365,-42.597413,
46.262593,0.690132,-0.294630,0.422469,-0.508361,0.607619,-0.325331,0.351358,-0.633645,0.583695,-0.335399,0.409488,-0.615733,-18.702459,-17.185047,
46.513662,0.626796,-0.326893,0.394871,-0.586809,0.607668,-0.323355,0.349384,-0.635698,0.584086,-0.333620,0.409762,-0.616146,-6.325486,-4.677790,
46.757180,0.613463,-0.333251,0.385291,-0.603455,0.605668,-0.321354,0.347383,-0.639705,0.585550,-0.331311,0.407382,-0.617580,-4.002326,-1.940987,
47.012745,0.703407,-0.287166,0.421244,-0.495286,0.603586,-0.323314,0.349339,-0.639621,0.585404,-0.333230,0.409283,-0.615425,-21.593773,-19.109181,
47.254901,0.811874,-0.205728,0.456617,-0.300062,0.599546,-0.323294,0.345314,-0.645588,0.585550,-0.331311,0.407382,-0.617580,-50.015400,-46.935944,
47.513012,0.866758,-0.123250,0.463941,-0.135274,0.602376,-0.323740,0.345790,-0.642468,0.586415,-0.329796,0.405980,-0.618492,-71.677956,-69.312977,
47.756300,0.878320,-0.089134,0.465700,-0.061092,0.603976,-0.321519,0.349565,-0.640034,0.587728,-0.329408,0.405502,-0.617765,-80.614231,-78.697481,
48.017280,0.881509,-0.075214,0.464321,-0.041117,0.603552,-0.321294,0.351321,-0.639585,0.587728,-0.329408,0.405502,-0.617765,-83.339219,-81.519045,
48.254842,0.879107,-0.085204,0.464112,-0.067161,0.603976,-0.321519,0.349565,-0.640034,0.587728,-0.329408,0.405502,-0.617765,-80.223330,-78.308501,
48.511331,0.832843,-0.175388,0.464027,-0.245543,0.603898,-0.321478,0.353526,-0.637949,0.586274,-0.331721,0.407886,-0.616339,-56.372654,-54.465834,
48.754529,0.702619,-0.284846,0.424770,-0.494732,0.596010,-0.329559,0.355603,-0.640085,0.583216,-0.335124,0.411152,-0.615228,-22.375942,-19.466410,
49.013987,0.641353,-0.317174,0.399220,-0.573315,0.596010,-0.329559,0.355603,-0.640085,0.583606,-0.333346,0.411427,-0.615639,-10.060632,-7.142175,
49.258024,0.607941,-0.333516,0.383593,-0.609944,0.597740,-0.325403,0.353438,-0.641795,0.584232,-0.331699,0.407860,-0.618304,-3.730702,-1.174909,
49.510453,0.655939,-0.310391,0.394769,-0.563525,0.598201,-0.323650,0.349702,-0.644294,0.587862,-0.327480,0.403592,-0.619909,-12.057994,-9.055189,
49.753447,0.768392,-0.245445,0.429779,-0.405735,0.597872,-0.321469,0.345504,-0.647945,0.589298,-0.325165,0.401203,-0.621314,-36.137988,-32.738093,
50.017877,0.822107,-0.197266,0.443597,-0.297401,0.602030,-0.317543,0.341585,-0.648109,0.591458,-0.323250,0.399309,-0.621481,-50.862259,-47.747170,
50.252178,0.867567,-0.129383,0.456350,-0.149442,0.601982,-0.317518,0.345564,-0.646054,0.589771,-0.325425,0.399522,-0.621813,-70.034804,-67.655500,
50.516518,0.885492,-0.087246,0.452273,-0.061172,0.600838,-0.316914,0.342907,-0.648825,0.591458,-0.323250,0.399309,-0.621481,-81.807146,-78.997056,
50.748502,0.888788,-0.077155,0.449905,-0.041083,0.602030,-0.317543,0.341585,-0.648109,0.591930,-0.323508,0.397625,-0.621977,-84.349581,-81.703950,
51.007233,0.888328,-0.079118,0.449672,-0.049073,0.604068,-0.313554,0.341604,-0.648146,0.591458,-0.323250,0.399309,-0.621481,-83.136903,-80.721846,
51.246440,0.846778,-0.164957,0.448882,-0.232939,0.599955,-0.319508,0.343547,-0.648031,0.590031,-0.325569,0.401702,-0.620084,-59.775088,-56.603373,
51.503813,0.748496,-0.258826,0.428711,-0.434707,0.595368,-0.323200,0.349216,-0.647400,0.587001,-0.329001,0.405001,-0.619001,-31.951720,-28.451545,
51.750693,0.649235,-0.315114,0.385139,-0.575208,0.600319,-0.319702,0.345759,-0.646420,0.589645,-0.327358,0.401439,-0.619678,-10.204280,-7.121508,
52.006489,0.617547,-0.333295,0.375333,-0.605537,0.603233,-0.319123,0.347134,-0.643248,0.587950,-0.329532,0.401649,-0.620001,-4.164920,-1.842223,
52.242063,0.645839,-0.319415,0.383498,-0.577750,0.601618,-0.317326,0.343352,-0.647665,0.591074,-0.325041,0.399050,-0.621078,-9.548180,-6.465975,
52.499280,0.736160,-0.269424,0.421664,-0.455718,0.603288,-0.319153,0.343164,-0.645309,0.589298,-0.325165,0.401203,-0.621314,-28.159902,-25.318962,
52.741097,0.825868,-0.189199,0.455479,-0.273287,0.605280,-0.319147,0.347160,-0.641296,0.589645,-0.327358,0.401439,-0.619678,-52.966865,-50.826087,
53.000137,0.865345,-0.127345,0.464258,-0.139378,0.607675,-0.319355,0.349388,-0.637708,0.589645,-0.327358,0.401439,-0.619678,-70.008239,-68.565775,
53.242737,0.880967,-0.087195,0.462031,-0.053119,0.609711,-0.319373,0.349408,-0.635742,0.589645,-0.327358,0.401439,-0.619678,-80.775382,-79.735870,
53.499050,0.883518,-0.079226,0.460312,-0.035100,0.609360,-0.319188,0.347205,-0.637376,0.589645,-0.327358,0.401439,-0.619678,-83.269373,-82.042568,
53.746122,0.884567,-0.079140,0.457811,-0.041073,0.610100,-0.317573,0.349631,-0.636147,0.589645,-0.327358,0.401439,-0.619678,-82.412443,-81.480099,
53.982496,0.838704,-0.169344,0.463943,-0.229466,0.610010,-0.321532,0.353585,-0.632046,0.587728,-0.329408,0.405502,-0.617765,-57.566174,-56.564868,
54.229233,0.726193,-0.273449,0.429706,-0.461759,0.609667,-0.321352,0.351385,-0.633694,0.587340,-0.331191,0.405234,-0.617357,-25.567760,-24.191407,
54.472180,0.660811,-0.310911,0.392888,-0.558840,0.610203,-0.319630,0.343678,-0.638259,0.589258,-0.329144,0.401176,-0.619271,-11.442481,-9.647512,
54.726766,0.613438,-0.335239,0.377269,-0.607434,0.610203,-0.319630,0.343678,-0.638259,0.588205,-0.329675,0.403827,-0.618266,-3.007492,-1.194571,
54.970190,0.643674,-0.319334,0.387405,-0.577604,0.611513,-0.319268,0.339284,-0.639536,0.590949,-0.326972,0.400966,-0.618947,-8.461272,-6.339728,
55.226619,0.766435,-0.247463,0.435816,-0.401752,0.607410,-0.321217,0.341230,-0.641432,0.589513,-0.329287,0.403351,-0.617537,-35.411447,-32.797395,
55.464556,0.857689,-0.149469,0.456431,-0.183575,0.611513,-0.319268,0.339284,-0.639536,0.589645,-0.327358,0.401439,-0.619678,-64.472600,-62.771106,
55.720756,0.878842,-0.103216,0.457960,-0.085179,0.609863,-0.317449,0.339480,-0.641908,0.589645,-0.327358,0.401439,-0.619678,-77.395311,-75.636264,
55.964405,0.885891,-0.081265,0.454483,-0.045147,0.611119,-0.317062,0.339066,-0.641124,0.589645,-0.327358,0.401439,-0.619678,-82.549214,-81.009646,
56.226747,0.887633,-0.077229,0.452342,-0.039116,0.611505,-0.315261,0.339280,-0.641530,0.591809,-0.325445,0.399546,-0.619847,-83.330505,-81.718845,
56.446426,0.866731,-0.128960,0.458858,-0.146954,0.611513,-0.319268,0.339284,-0.639536,0.589645,-0.327358,0.401439,-0.619678,-69.394165,-67.754189,
56.703318,0.820964,-0.195468,0.454087,-0.285684,0.611513,-0.319268,0.339284,-0.639536,0.589645,-0.327358,0.401439,-0.619678,-50.976570,-49.110839,
56.947158,0.820964,-0.195468,0.454087,-0.285684,0.611513,-0.319268,0.339284,-0.639536,0.589645,-0.327358,0.401439,-0.619678,-50.976570,-49.110839,
57.207898,0.613632,-0.339350,0.379391,-0.603622,0.607021,-0.329011,0.339012,-0.639022,0.586950,-0.332971,0.404965,-0.616947,-4.045436,-1.452407,
57.443091,0.688399,-0.299609,0.409833,-0.518053,0.609418,-0.329226,0.341234,-0.635436,0.587340,-0.331191,0.405234,-0.617357,-17.774329,-15.531624,
57.686947,0.810872,-0.205474,0.452044,-0.309715,0.609440,-0.325235,0.341246,-0.637460,0.587340,-0.331191,0.405234,-0.617357,-47.929080,-45.843801,
57.921077,0.861615,-0.139423,0.458391,-0.167508,0.613901,-0.323475,0.341501,-0.633930,0.589513,-0.329287,0.403351,-0.617537,-66.179413,-64.853908,
58.191092,0.883579,-0.081237,0.458338,-0.051149,0.616806,-0.322899,0.338894,-0.632801,0.589513,-0.329287,0.403351,-0.617537,-81.094205,-80.179715,
58.425406,0.884841,-0.075156,0.457953,-0.041085,0.617565,-0.321294,0.341312,-0.631578,0.589513,-0.329287,0.403351,-0.617537,-82.159699,-81.546028,
58.678503,0.876264,-0.103149,0.459663,-0.101146,0.615543,-0.321283,0.341301,-0.633559,0.588205,-0.329675,0.403827,-0.618266,-74.790463,-73.949445,
58.921097,0.785439,-0.230542,0.444117,-0.364276,0.609799,-0.325427,0.343450,-0.635833,0.585636,-0.333362,0.405441,-0.617671,-40.186728,-38.448945,
59.179151,0.657831,-0.313396,0.397502,-0.557704,0.613058,-0.323030,0.345032,-0.633060,0.585636,-0.333362,0.405441,-0.617671,-10.879912,-9.717460,
59.423836,0.609306,-0.341171,0.385193,-0.603303,0.611760,-0.325404,0.347432,-0.631785,0.584021,-0.337590,0.409716,-0.614073,-2.573214,-1.325158,
59.677494,0.663913,-0.309425,0.401552,-0.549756,0.610196,-0.323634,0.343674,-0.636247,0.587340,-0.331191,0.405234,-0.617357,-12.695534,-10.820161,
59.920604,0.777565,-0.237172,0.445323,-0.375273,0.605721,-0.325387,0.343409,-0.639762,0.587674,-0.333382,0.405465,-0.615706,-39.093293,-36.489491,
