0.000000,0.760625,0.201430,-0.143306,-0.600282,0.756498,0.219434,-0.183363,-0.588165,0.785024,0.209006,-0.097003,-0.575017,1.483114,2.825938,
0.049420,0.749457,0.201123,-0.147090,-0.613374,0.756310,0.213369,-0.185321,-0.590022,0.773828,0.205220,-0.095102,-0.591633,3.222793,2.494072,
0.097000,0.775971,0.211264,-0.155194,-0.573718,0.781897,0.225258,-0.189217,-0.549630,0.798363,0.213364,-0.101173,-0.553946,3.152149,2.072942,
0.132531,0.796619,0.209426,-0.145295,-0.548114,0.803796,0.223221,-0.179177,-0.521517,0.819888,0.211229,-0.095103,-0.523567,3.508614,2.631998,
0.166046,0.794634,0.215443,-0.147303,-0.548127,0.804254,0.231361,-0.183286,-0.515804,0.818723,0.213449,-0.097205,-0.524103,4.212389,2.672401,
0.201526,0.771817,0.221234,-0.169179,-0.571605,0.781987,0.239302,-0.205259,-0.537679,0.798379,0.225389,-0.117202,-0.545943,4.265552,2.791305,
0.233720,0.773150,0.227044,-0.177034,-0.565110,0.782383,0.245434,-0.211374,-0.531940,0.799341,0.229098,-0.125053,-0.541231,4.085138,2.600862,
0.265588,0.777393,0.223113,-0.169086,-0.563285,0.781781,0.239239,-0.201201,-0.539539,0.803819,0.225229,-0.119121,-0.537548,2.944220,2.851486,
0.297515,0.775697,0.227204,-0.177159,-0.561504,0.776961,0.250987,-0.206990,-0.538973,0.802650,0.229472,-0.125258,-0.536102,2.396186,2.778499,
0.329460,0.772477,0.233446,-0.187358,-0.560071,0.772167,0.259392,-0.217328,-0.537813,0.800627,0.235479,-0.135275,-0.534085,2.209758,2.858005,
0.361529,0.765685,0.261234,-0.255228,-0.529474,0.753795,0.287303,-0.285301,-0.517546,0.797864,0.277300,-0.207224,-0.493534,0.506624,3.307629,
0.394243,0.765685,0.261234,-0.255228,-0.529474,0.754227,0.285465,-0.285465,-0.517843,0.797531,0.277185,-0.209139,-0.493329,0.568854,3.355875,
0.463557,0.767720,0.259243,-0.255240,-0.527495,0.754303,0.283490,-0.283490,-0.519898,0.799469,0.273160,-0.207121,-0.493289,0.033571,3.209645,
0.719298,0.766863,0.259631,-0.251611,-0.530288,0.754370,0.281511,-0.281511,-0.521948,0.799334,0.273114,-0.203085,-0.495207,0.285907,3.348590,
0.959976,0.767287,0.261098,-0.251094,-0.529198,0.755518,0.285196,-0.283194,-0.517355,0.799686,0.275236,-0.203174,-0.493424,0.650162,3.388122,
1.234360,0.753728,0.267258,-0.237229,-0.551533,0.759719,0.281266,-0.279264,-0.515488,0.801402,0.269135,-0.195098,-0.497250,4.456958,6.540661,
1.453353,0.669712,0.305324,-0.183195,-0.651692,0.761773,0.279283,-0.279283,-0.513521,0.802145,0.267382,-0.193276,-0.497710,21.611744,23.184909,
1.725941,0.610120,0.325598,-0.151278,-0.706297,0.760622,0.279596,-0.273583,-0.518105,0.803593,0.265196,-0.191141,-0.497367,31.168980,33.403860,
1.948065,0.563420,0.333249,-0.125093,-0.745556,0.763185,0.275067,-0.269065,-0.519126,0.804248,0.261405,-0.187291,-0.499775,38.841934,40.788863,
2.191123,0.547288,0.333175,-0.113059,-0.759400,0.764422,0.273509,-0.265494,-0.519967,0.805672,0.259216,-0.185154,-0.499417,41.490181,43.607164,
2.430760,0.542006,0.331615,-0.109203,-0.764419,0.767717,0.269252,-0.261244,-0.519485,0.805969,0.259312,-0.183220,-0.499601,42.597009,44.461083,
2.682585,0.578773,0.321986,-0.133409,-0.737258,0.765657,0.273235,-0.263226,-0.519446,0.804548,0.261503,-0.185357,-0.499962,36.424806,38.508741,
2.914521,0.702182,0.275464,-0.191322,-0.628057,0.768099,0.271388,-0.261374,-0.517741,0.805756,0.261245,-0.187176,-0.497467,16.002126,18.372502,
3.171131,0.699842,0.279336,-0.195235,-0.627755,0.764778,0.277645,-0.263613,-0.518205,0.803899,0.265297,-0.189212,-0.497557,15.745934,18.292783,
3.417517,0.723259,0.273855,-0.213667,-0.596864,0.763558,0.279204,-0.263192,-0.519379,0.803899,0.265297,-0.189212,-0.497557,10.620987,13.417325,
3.672581,0.766431,0.245458,-0.237443,-0.544016,0.766453,0.273519,-0.263500,-0.517982,0.805052,0.261667,-0.187478,-0.498270,2.247309,4.715348,
3.903293,0.767256,0.245082,-0.237079,-0.543181,0.766919,0.268971,-0.260972,-0.520945,0.805672,0.259216,-0.185154,-0.499417,1.954787,4.554716,
4.161683,0.765581,0.247187,-0.235178,-0.545414,0.764446,0.271514,-0.263498,-0.521987,0.804968,0.259635,-0.185453,-0.500223,2.142506,4.838694,
4.403219,0.748479,0.255505,-0.227449,-0.568123,0.766075,0.271381,-0.263370,-0.519729,0.805672,0.259216,-0.185154,-0.499417,5.938959,8.487246,
4.672474,0.654313,0.296689,-0.170821,-0.674292,0.761974,0.275352,-0.263337,-0.523670,0.805672,0.259216,-0.185154,-0.499417,23.374341,26.451181,
4.901555,0.551028,0.331017,-0.117006,-0.757038,0.761993,0.273356,-0.261340,-0.525685,0.805969,0.259312,-0.183220,-0.499601,40.037984,42.929109,
5.173017,0.535844,0.333525,-0.107169,-0.768210,0.761993,0.273356,-0.261340,-0.525685,0.805969,0.259312,-0.183220,-0.499601,42.477099,45.326926,
5.400497,0.539759,0.331466,-0.109154,-0.766078,0.761587,0.273210,-0.259200,-0.527406,0.806387,0.257443,-0.183315,-0.499859,41.646699,44.811467,
5.669240,0.634961,0.300877,-0.159998,-0.693325,0.760347,0.273484,-0.261463,-0.527935,0.806387,0.257443,-0.183315,-0.499859,26.269193,29.814415,
5.898600,0.755428,0.251142,-0.231131,-0.559317,0.756218,0.275444,-0.263424,-0.531857,0.804968,0.259635,-0.185453,-0.500223,2.729474,6.932604,
6.158026,0.768090,0.245348,-0.237337,-0.541769,0.757059,0.277022,-0.265021,-0.529041,0.804548,0.261503,-0.185357,-0.499962,0.370556,4.185823,
6.401399,0.754386,0.252794,-0.224817,-0.562542,0.761190,0.273068,-0.265066,-0.525131,0.806387,0.257443,-0.183315,-0.499859,4.354089,7.628078,
6.656394,0.661141,0.293063,-0.171037,-0.669143,0.760347,0.273484,-0.265470,-0.525932,0.805969,0.259312,-0.183220,-0.499601,22.217295,25.412269,
6.897917,0.580258,0.321698,-0.131285,-0.736597,0.759960,0.271343,-0.265335,-0.527666,0.805969,0.259312,-0.183220,-0.499601,35.411216,38.507253,
7.154386,0.551520,0.329310,-0.115108,-0.757714,0.761993,0.273356,-0.261340,-0.525685,0.806387,0.257443,-0.183315,-0.499859,40.083001,43.025288,
7.403145,0.543299,0.331182,-0.111061,-0.763420,0.762008,0.271359,-0.263348,-0.525695,0.806387,0.257443,-0.183315,-0.499859,41.464105,44.262587,
7.649229,0.547889,0.329535,-0.115187,-0.760234,0.766102,0.267385,-0.263379,-0.521751,0.805969,0.259312,-0.183220,-0.499601,41.376663,43.467107,
7.899831,0.699892,0.277354,-0.191244,-0.629803,0.761206,0.271073,-0.263071,-0.527142,0.805969,0.259312,-0.183220,-0.499601,15.180895,18.504991,
8.148996,0.762216,0.249398,-0.233372,-0.549877,0.759960,0.271343,-0.265335,-0.527666,0.805672,0.259216,-0.185154,-0.499417,2.156396,5.676269,
8.389577,0.763891,0.249291,-0.233272,-0.547639,0.759567,0.269201,-0.265198,-0.529395,0.805253,0.261082,-0.185058,-0.499157,1.747811,5.303679,
8.646599,0.723126,0.267046,-0.205036,-0.603105,0.762421,0.269502,-0.263491,-0.525980,0.806387,0.257443,-0.183315,-0.499859,10.904563,14.092463,
8.889861,0.607580,0.313299,-0.143137,-0.715683,0.766512,0.265524,-0.263520,-0.522029,0.806681,0.257537,-0.181378,-0.500042,32.129455,34.283904,
9.149108,0.563999,0.323573,-0.119211,-0.750329,0.768145,0.263393,-0.261390,-0.521778,0.806286,0.255407,-0.181289,-0.501801,39.281358,41.082632,
9.393488,0.541891,0.327538,-0.109179,-0.766259,0.766112,0.265385,-0.261379,-0.523760,0.806286,0.255407,-0.181289,-0.501801,42.283179,44.416582,
9.647209,0.535730,0.329449,-0.107146,-0.770050,0.766505,0.267525,-0.261514,-0.522025,0.806286,0.255407,-0.181289,-0.501801,43.279984,45.282219,
9.887982,0.535730,0.329449,-0.107146,-0.770050,0.766505,0.267525,-0.261514,-0.522025,0.805872,0.257279,-0.181196,-0.501543,43.279984,45.240294,
10.154756,0.657317,0.288897,-0.168104,-0.675436,0.770161,0.263397,-0.263397,-0.517780,0.806286,0.255407,-0.181289,-0.501801,24.495374,26.098307,
10.382956,0.764538,0.243490,-0.231466,-0.550107,0.769695,0.271245,-0.265239,-0.513463,0.806681,0.257537,-0.181378,-0.500042,3.740425,5.431888,
10.644944,0.764164,0.245374,-0.231352,-0.549837,0.770111,0.269389,-0.265383,-0.513741,0.805872,0.257279,-0.181196,-0.501543,3.865695,5.300150,
10.880977,0.693793,0.277317,-0.187214,-0.637729,0.768111,0.269390,-0.263381,-0.517749,0.806578,0.255500,-0.179351,-0.501982,17.668251,19.553107,
11.137448,0.579586,0.317321,-0.127128,-0.739748,0.767318,0.269111,-0.259107,-0.521216,0.807687,0.253215,-0.179152,-0.501426,36.608755,38.835860,
11.379136,0.553280,0.323164,-0.113057,-0.759384,0.766087,0.269382,-0.257365,-0.523743,0.807975,0.253306,-0.177214,-0.501605,40.395136,42.862917,
11.644362,0.543295,0.323175,-0.107058,-0.767416,0.766087,0.267379,-0.255362,-0.525746,0.807975,0.253306,-0.177214,-0.501605,41.804161,44.460580,
11.880842,0.545420,0.323249,-0.109084,-0.765590,0.766499,0.267523,-0.257504,-0.524025,0.807975,0.253306,-0.177214,-0.501605,41.668619,44.089922,
12.143764,0.648297,0.289579,-0.157315,-0.686373,0.764465,0.265509,-0.257493,-0.528012,0.808669,0.251519,-0.175362,-0.502036,24.922517,28.047047,
12.379954,0.767739,0.243234,-0.227219,-0.547527,0.762017,0.267357,-0.259346,-0.529707,0.807975,0.253306,-0.177214,-0.501605,1.515142,5.080136,
12.641686,0.769772,0.241242,-0.227228,-0.545547,0.763662,0.267232,-0.259225,-0.527457,0.807975,0.253306,-0.177214,-0.501605,1.457236,4.724451,
12.883304,0.733145,0.259051,-0.203040,-0.595118,0.767336,0.265116,-0.259114,-0.523229,0.808137,0.251354,-0.173244,-0.503709,9.958482,12.318050,
13.134002,0.625407,0.301196,-0.143093,-0.705459,0.764465,0.265509,-0.257493,-0.528012,0.808137,0.251354,-0.173244,-0.503709,28.892927,31.631035,
13.383116,0.569434,0.317242,-0.115088,-0.749571,0.766515,0.261517,-0.259513,-0.526039,0.808137,0.251354,-0.173244,-0.503709,38.338490,40.444854,
13.633471,0.557854,0.319489,-0.109167,-0.758161,0.766515,0.259513,-0.261517,-0.526039,0.808137,0.251354,-0.173244,-0.503709,40.266636,42.226590,
13.875346,0.543410,0.323244,-0.105079,-0.767579,0.764066,0.259362,-0.261365,-0.529739,0.808137,0.251354,-0.173244,-0.503709,41.847765,44.265025,
14.140653,0.564008,0.315564,-0.115206,-0.754348,0.765706,0.261241,-0.259239,-0.527487,0.808137,0.251354,-0.173244,-0.503709,38.873042,41.230257,
14.375741,0.698405,0.269542,-0.179361,-0.638284,0.766518,0.263522,-0.261518,-0.524038,0.808137,0.251354,-0.173244,-0.503709,16.935483,19.248394,
14.638606,0.767760,0.241239,-0.229227,-0.547542,0.768136,0.263390,-0.265393,-0.519769,0.807849,0.255268,-0.175184,-0.501527,2.926592,4.879777,
14.879404,0.766919,0.240974,-0.228976,-0.548942,0.769766,0.261260,-0.263262,-0.519517,0.808260,0.253395,-0.175273,-0.501782,3.211916,5.123855,
15.120869,0.700572,0.273614,-0.185416,-0.632419,0.771783,0.261265,-0.261265,-0.517525,0.808669,0.251519,-0.175362,-0.502036,17.154437,18.740007,
15.362394,0.595001,0.309001,-0.127000,-0.731001,0.770965,0.259662,-0.255652,-0.522332,0.808137,0.251354,-0.173244,-0.503709,34.875160,36.552995,
15.601996,0.567585,0.315325,-0.115119,-0.751775,0.772176,0.257392,-0.255389,-0.521795,0.808543,0.249476,-0.173331,-0.503961,39.280060,40.785930,
15.867311,0.549886,0.319515,-0.107173,-0.764231,0.775790,0.255260,-0.255260,-0.517527,0.809235,0.249072,-0.173050,-0.503146,42.612000,43.549563,
16.099277,0.539608,0.319360,-0.105118,-0.771870,0.775790,0.255260,-0.255260,-0.517527,0.808543,0.249476,-0.173331,-0.503961,44.039618,44.909410,
16.355814,0.537354,0.319210,-0.105069,-0.773509,0.774593,0.255525,-0.257530,-0.518065,0.809643,0.251200,-0.173138,-0.501398,44.277264,45.479958,
16.597054,0.620014,0.295483,-0.145238,-0.712165,0.777783,0.253255,-0.255257,-0.515519,0.809643,0.251200,-0.173138,-0.501398,31.731664,32.763782,
16.853173,0.750335,0.245437,-0.217387,-0.574022,0.775793,0.259265,-0.255261,-0.515527,0.808669,0.251519,-0.175362,-0.502036,7.427081,8.892174,
17.085041,0.769895,0.233271,-0.225262,-0.549639,0.774173,0.259393,-0.251381,-0.519788,0.810049,0.249323,-0.173224,-0.501650,2.914906,5.112234,
17.348189,0.744082,0.244698,-0.206745,-0.586277,0.778167,0.257386,-0.249374,-0.515773,0.810192,0.247364,-0.169249,-0.503741,9.198425,10.576779,
17.593835,0.655736,0.280459,-0.154702,-0.683682,0.777749,0.257248,-0.247238,-0.517498,0.810192,0.247364,-0.169249,-0.503741,25.676755,27.102410,
17.828600,0.580093,0.303572,-0.119225,-0.746406,0.782129,0.255369,-0.247357,-0.511738,0.810866,0.245565,-0.167385,-0.504160,38.768719,39.190849,
18.074961,0.555455,0.311255,-0.107088,-0.763625,0.781311,0.257102,-0.245098,-0.513204,0.810866,0.245565,-0.167385,-0.504160,42.281532,42.904534,
18.333272,0.545440,0.311251,-0.101082,-0.771622,0.783688,0.253222,-0.245215,-0.511449,0.811550,0.245166,-0.167113,-0.503341,44.283086,44.616099,
18.569172,0.541547,0.313317,-0.099100,-0.773782,0.783704,0.255229,-0.247222,-0.509458,0.810866,0.245565,-0.167385,-0.504160,45.052918,45.053900,
18.831318,0.568276,0.307691,-0.113254,-0.754694,0.783688,0.257226,-0.245215,-0.509447,0.810866,0.245565,-0.167385,-0.504160,40.791972,40.980895,
19.072863,0.733177,0.251061,-0.195047,-0.601145,0.782100,0.261368,-0.245345,-0.509717,0.810866,0.245565,-0.167385,-0.504160,12.271709,13.047488,
19.320412,0.772223,0.235373,-0.219347,-0.547867,0.779694,0.267238,-0.247220,-0.509454,0.809513,0.249158,-0.171109,-0.503319,3.780773,4.772678,
19.562278,0.767496,0.237153,-0.215139,-0.555359,0.778491,0.265509,-0.243466,-0.513985,0.810192,0.247364,-0.169249,-0.503741,4.375496,5.912764,
19.830295,0.668005,0.278585,-0.156767,-0.671999,0.779657,0.265223,-0.241203,-0.513432,0.810866,0.245565,-0.167385,-0.504160,23.840426,25.145597,
20.063719,0.593498,0.303254,-0.121102,-0.735617,0.783644,0.263216,-0.243200,-0.507417,0.810465,0.247447,-0.167302,-0.503911,37.002833,37.186979,
20.326197,0.555341,0.313192,-0.103063,-0.763469,0.788349,0.259444,-0.239410,-0.503862,0.811820,0.245248,-0.165167,-0.503509,43.490841,43.091942,
20.561876,0.545707,0.315408,-0.099128,-0.769997,0.787553,0.259182,-0.239168,-0.505355,0.811820,0.245248,-0.165167,-0.503509,44.739001,44.501455,
20.824481,0.545707,0.315408,-0.099128,-0.769997,0.786002,0.261333,-0.241308,-0.505645,0.810465,0.247447,-0.167302,-0.503911,44.627837,44.402517,
21.065790,0.589648,0.301331,-0.119131,-0.739813,0.789928,0.257302,-0.241283,-0.501589,0.810735,0.247530,-0.165354,-0.504079,38.635463,37.806152,
21.316125,0.730024,0.253355,-0.189266,-0.605850,0.787143,0.261048,-0.239044,-0.505092,0.810735,0.247530,-0.165354,-0.504079,13.673972,13.762608,
21.564363,0.769168,0.237052,-0.215047,-0.553121,0.780508,0.259501,-0.243470,-0.513993,0.810062,0.249327,-0.167219,-0.503660,4.374155,5.502678,
21.822970,0.769531,0.235162,-0.215149,-0.553382,0.775700,0.259234,-0.243219,-0.521471,0.810062,0.249327,-0.167219,-0.503660,3.363544,5.457686,
22.058724,0.697356,0.269137,-0.173088,-0.641327,0.772492,0.257497,-0.245474,-0.526016,0.811420,0.247128,-0.165086,-0.503261,17.315854,19.906971,
22.321305,0.608743,0.296875,-0.126946,-0.724694,0.771258,0.255085,-0.245082,-0.529177,0.811820,0.245248,-0.165167,-0.503509,32.273706,35.013897,
22.556955,0.559646,0.309357,-0.103119,-0.761880,0.770377,0.255457,-0.241432,-0.531951,0.812087,0.245328,-0.163219,-0.503674,39.554346,42.537384,
22.812258,0.537244,0.313142,-0.095043,-0.777353,0.766656,0.253548,-0.241522,-0.538163,0.812485,0.243445,-0.163298,-0.503921,42.110161,45.836423,
23.054133,0.535818,0.313479,-0.095145,-0.778188,0.764170,0.253388,-0.241370,-0.541830,0.812087,0.245328,-0.163219,-0.503674,41.813130,45.978392,
23.313870,0.569719,0.303383,-0.109138,-0.755955,0.764999,0.253663,-0.241631,-0.540412,0.812087,0.245328,-0.163219,-0.503674,36.952271,41.054008,
23.560669,0.705722,0.259265,-0.175179,-0.635650,0.765127,0.257043,-0.245041,-0.537089,0.811687,0.247209,-0.163138,-0.503426,14.519999,18.569855,
23.802393,0.768404,0.233427,-0.219401,-0.554013,0.766829,0.257614,-0.249595,-0.532269,0.810879,0.249578,-0.167388,-0.502163,2.036085,5.628022,
24.038325,0.754404,0.240810,-0.206837,-0.574546,0.768001,0.253330,-0.247322,-0.533695,0.811820,0.245248,-0.165167,-0.503509,5.292334,8.866422,
24.284053,0.674306,0.274717,-0.160834,-0.666314,0.767945,0.251309,-0.245302,-0.535659,0.807548,0.243165,-0.165112,-0.511347,20.528944,23.191198,
24.536390,0.581041,0.301021,-0.117008,-0.747052,0.770355,0.247435,-0.245432,-0.533939,0.808205,0.241360,-0.163243,-0.511763,36.252524,38.318706,
24.793522,0.549654,0.307366,-0.103123,-0.769917,0.771168,0.247054,-0.245053,-0.533116,0.805847,0.241253,-0.163171,-0.515542,41.154797,42.558712,
25.032293,0.543527,0.309300,-0.101098,-0.773751,0.771221,0.251072,-0.245070,-0.531152,0.805847,0.241253,-0.163171,-0.515542,42.103137,43.422314,
25.274632,0.537811,0.309466,-0.097146,-0.778173,0.771984,0.249318,-0.243310,-0.531678,0.804696,0.239505,-0.163344,-0.518092,43.020211,44.072857,
25.532625,0.564998,0.302068,-0.111394,-0.759686,0.769963,0.251314,-0.243304,-0.533668,0.803596,0.239178,-0.165123,-0.519386,38.481736,39.860010,
25.780441,0.699388,0.255141,-0.171095,-0.645358,0.767933,0.253308,-0.243296,-0.535651,0.802048,0.239313,-0.165216,-0.521682,16.108784,17.852043,
26.036805,0.769917,0.231275,-0.217259,-0.553659,0.769248,0.255082,-0.247080,-0.531171,0.801842,0.243256,-0.167176,-0.519546,2.159287,3.555852,
26.278840,0.754264,0.237398,-0.207347,-0.575965,0.768001,0.253330,-0.247322,-0.533695,0.802048,0.239313,-0.165216,-0.521682,5.304513,6.833125,
26.529111,0.677316,0.267125,-0.165077,-0.665310,0.763876,0.253290,-0.247284,-0.539619,0.802048,0.239313,-0.165216,-0.521682,19.293301,21.476051,
26.770630,0.599579,0.293283,-0.127123,-0.733709,0.763435,0.251143,-0.247141,-0.541309,0.802048,0.239313,-0.165216,-0.521682,32.166593,34.262393,
27.030984,0.567201,0.299106,-0.111039,-0.759269,0.762146,0.251378,-0.245369,-0.543817,0.802695,0.237502,-0.163345,-0.522103,36.915869,39.315329,
27.267653,0.554186,0.301646,-0.105225,-0.768645,0.764185,0.251390,-0.243378,-0.541841,0.802695,0.237502,-0.163345,-0.522103,39.127649,41.271413,
27.529856,0.543353,0.305198,-0.101066,-0.775504,0.763356,0.251117,-0.243113,-0.543253,0.802695,0.237502,-0.163345,-0.522103,40.541444,42.822827,
27.771546,0.545939,0.303522,-0.101174,-0.774331,0.764557,0.251512,-0.241492,-0.542104,0.802695,0.237502,-0.163345,-0.522103,40.322500,42.505706,
28.024653,0.619867,0.284315,-0.137637,-0.718322,0.769513,0.251167,-0.241161,-0.535357,0.802695,0.237502,-0.163345,-0.522103,29.584390,31.074618,
28.264454,0.741208,0.243726,-0.199594,-0.592766,0.770019,0.253335,-0.245325,-0.531703,0.802048,0.239313,-0.165216,-0.521682,8.236019,9.501414,
28.529294,0.771771,0.227227,-0.215215,-0.553553,0.771270,0.253089,-0.247086,-0.529185,0.801396,0.241119,-0.167083,-0.521258,2.337323,3.261620,
28.770687,0.736437,0.243475,-0.195381,-0.600171,0.775660,0.251214,-0.243207,-0.525447,0.804048,0.235307,-0.161210,-0.521680,10.191444,10.722347,
29.027312,0.645844,0.273357,-0.145190,-0.697912,0.771907,0.249293,-0.239281,-0.533627,0.804048,0.235307,-0.161210,-0.521680,25.853492,27.224814,
29.268660,0.565565,0.297297,-0.107107,-0.761761,0.774291,0.247413,-0.237396,-0.531887,0.803584,0.233169,-0.161117,-0.523380,38.982190,39.690030,
29.519628,0.557405,0.299217,-0.103075,-0.767557,0.774674,0.245530,-0.237513,-0.532150,0.804048,0.235307,-0.161210,-0.521680,40.291157,41.070046,
29.760982,0.543900,0.303502,-0.097161,-0.776285,0.775915,0.247291,-0.237280,-0.529624,0.803207,0.235061,-0.161042,-0.523135,42.551978,42.851127,
30.025096,0.543384,0.301213,-0.097069,-0.777549,0.775091,0.247029,-0.237028,-0.531063,0.804048,0.235307,-0.161210,-0.521680,42.457278,43.158993,
30.261276,0.605636,0.281296,-0.125131,-0.733771,0.774195,0.247382,-0.233360,-0.533824,0.803584,0.233169,-0.161117,-0.523380,32.492315,33.676560,
30.518110,0.740148,0.239371,-0.193300,-0.597928,0.772714,0.248908,-0.238912,-0.532803,0.804048,0.235307,-0.161210,-0.521680,8.824590,10.240102,
30.761582,0.774114,0.225324,-0.213307,-0.551794,0.769948,0.253312,-0.241297,-0.533657,0.802048,0.239313,-0.165216,-0.521682,1.397431,2.971649,
31.018020,0.755839,0.235261,-0.199221,-0.577642,0.773599,0.251194,-0.241187,-0.529410,0.804048,0.235307,-0.161210,-0.521680,6.155048,7.173235,
31.261197,0.644059,0.276596,-0.136800,-0.699977,0.779957,0.247303,-0.237291,-0.523642,0.803207,0.235061,-0.161042,-0.523135,27.895606,27.594557,
31.522796,0.561347,0.297184,-0.103064,-0.765473,0.779522,0.245164,-0.237159,-0.525352,0.803465,0.235136,-0.159092,-0.523303,40.679353,40.336432,
31.765707,0.547251,0.301138,-0.093043,-0.775355,0.778663,0.243520,-0.235503,-0.528128,0.803465,0.235136,-0.159092,-0.523303,42.665913,42.548235,
31.998557,0.541332,0.301185,-0.093057,-0.779479,0.775014,0.245004,-0.235004,-0.533010,0.803465,0.235136,-0.159092,-0.523303,42.724619,43.346640,
32.241732,0.541658,0.299364,-0.093113,-0.779947,0.775737,0.245233,-0.231220,-0.533507,0.803719,0.235210,-0.157141,-0.523468,42.568971,43.286441,
32.481463,0.674256,0.260257,-0.151733,-0.674256,0.776095,0.245346,-0.229324,-0.533753,0.804096,0.233318,-0.157214,-0.523714,21.452623,22.577148,
32.735906,0.772344,0.225392,-0.203354,-0.557971,0.774997,0.249643,-0.231597,-0.532372,0.804306,0.235382,-0.159259,-0.521847,2.606685,3.990894,
32.972412,0.776391,0.219393,-0.205368,-0.553993,0.775821,0.247262,-0.233247,-0.531563,0.804096,0.233318,-0.157214,-0.523714,2.009485,3.032809,
33.226111,0.692924,0.254972,-0.160982,-0.654928,0.775796,0.249256,-0.231237,-0.531546,0.804096,0.233318,-0.157214,-0.523714,18.272557,19.286606,
33.460042,0.609352,0.281163,-0.121070,-0.731423,0.773726,0.247232,-0.231217,-0.535503,0.804470,0.231423,-0.157287,-0.523958,31.942523,33.244473,
33.719004,0.583543,0.287267,-0.109102,-0.751699,0.774465,0.245464,-0.229434,-0.536014,0.805427,0.231123,-0.155082,-0.523277,35.999619,37.327975,
33.964392,0.561705,0.291366,-0.099124,-0.767964,0.773670,0.241209,-0.233202,-0.537466,0.805427,0.231123,-0.155082,-0.523277,39.400761,40.647821,
34.216800,0.554986,0.292992,-0.092998,-0.772980,0.774863,0.241581,-0.231557,-0.536290,0.804722,0.231495,-0.155332,-0.524122,40.676633,41.637508,
34.458482,0.551883,0.295473,-0.093149,-0.774238,0.773655,0.243206,-0.231196,-0.537455,0.804722,0.231495,-0.155332,-0.524122,40.833437,42.001841,
34.718055,0.549734,0.295394,-0.091122,-0.776036,0.774108,0.245351,-0.231331,-0.535767,0.804722,0.231495,-0.155332,-0.524122,41.333255,42.369754,
34.959847,0.585195,0.285095,-0.109036,-0.751251,0.773726,0.247232,-0.231217,-0.535503,0.804722,0.231495,-0.155332,-0.524122,35.797880,37.021912,
35.216023,0.709504,0.247176,-0.163116,-0.639454,0.771347,0.249112,-0.233105,-0.537242,0.804096,0.233318,-0.157214,-0.523714,14.885640,16.604173,
35.458723,0.774605,0.221459,-0.209434,-0.554148,0.767825,0.255274,-0.237255,-0.537578,0.803465,0.235136,-0.159092,-0.523303,0.936792,3.098550,
35.719538,0.759476,0.229143,-0.199125,-0.575360,0.769787,0.251257,-0.235241,-0.537550,0.804096,0.233318,-0.157214,-0.523714,4.430887,6.402535,
35.961124,0.687833,0.257312,-0.159193,-0.659799,0.770557,0.247500,-0.235476,-0.538087,0.804096,0.233318,-0.157214,-0.523714,18.410430,20.146028,
36.211926,0.606858,0.282934,-0.120972,-0.732829,0.769991,0.245316,-0.231298,-0.541697,0.804722,0.231495,-0.155332,-0.524122,31.557425,33.524368,
36.453477,0.563608,0.293316,-0.099107,-0.765826,0.771536,0.243169,-0.229159,-0.541376,0.804722,0.231495,-0.155332,-0.524122,38.491342,40.223897,
36.719794,0.553599,0.293318,-0.093101,-0.773838,0.770631,0.239507,-0.229486,-0.544152,0.804722,0.231495,-0.155332,-0.524122,39.887313,41.815976,
36.952865,0.551352,0.293187,-0.093059,-0.775495,0.770158,0.237357,-0.229345,-0.545820,0.804722,0.231495,-0.155332,-0.524122,40.057314,42.126428,
37.217125,0.549203,0.293108,-0.091034,-0.777288,0.766444,0.241455,-0.227428,-0.550036,0.804722,0.231495,-0.155332,-0.524122,39.668007,42.493768,
37.453173,0.553167,0.291088,-0.091027,-0.775234,0.767760,0.241239,-0.229227,-0.547542,0.805675,0.231194,-0.153128,-0.523439,39.522032,42.065130,
37.719623,0.679681,0.251252,-0.145146,-0.673675,0.766915,0.243608,-0.227568,-0.548369,0.806047,0.229298,-0.153199,-0.523680,19.156415,22.284910,
37.953862,0.775846,0.219239,-0.203222,-0.555606,0.764600,0.249522,-0.229480,-0.548147,0.804722,0.231495,-0.155332,-0.524122,-0.078085,3.275552,
38.215588,0.775635,0.217178,-0.201165,-0.557456,0.766564,0.243497,-0.229468,-0.548118,0.805201,0.229057,-0.153038,-0.525131,0.380434,3.421155,
38.453813,0.663924,0.262574,-0.140772,-0.685888,0.766109,0.239346,-0.231335,-0.549796,0.805201,0.229057,-0.153038,-0.525131,21.726873,24.545901,
38.719915,0.597078,0.281037,-0.111014,-0.743097,0.767785,0.237243,-0.233238,-0.547560,0.805814,0.227230,-0.151153,-0.525531,33.000442,35.259159,
38.951973,0.568983,0.288991,-0.102997,-0.762977,0.764084,0.237337,-0.235334,-0.551783,0.806047,0.229298,-0.153199,-0.523680,36.583971,39.536797,
39.207478,0.547599,0.293321,-0.095104,-0.777851,0.761672,0.241213,-0.235208,-0.553488,0.804125,0.231324,-0.153214,-0.525735,39.335568,42.322708,
39.448759,0.541673,0.293365,-0.095118,-0.781972,0.765872,0.239272,-0.237270,-0.547624,0.804125,0.231324,-0.153214,-0.525735,40.988834,43.124231,
39.712211,0.535818,0.293448,-0.093142,-0.786201,0.765872,0.237270,-0.239272,-0.547624,0.804125,0.231324,-0.153214,-0.525735,41.946748,43.982088,
39.954031,0.551996,0.287519,-0.099179,-0.776400,0.766961,0.233597,-0.237608,-0.548402,0.804125,0.231324,-0.153214,-0.525735,39.637885,41.700639,
40.210204,0.707384,0.239130,-0.161087,-0.645350,0.766118,0.233340,-0.237346,-0.549802,0.805446,0.229127,-0.151084,-0.525291,14.452071,17.092837,
40.448346,0.772629,0.215454,-0.201425,-0.562185,0.764563,0.235481,-0.239490,-0.550125,0.805201,0.229057,-0.153038,-0.525131,1.106142,4.002800,
40.688184,0.772089,0.213301,-0.201284,-0.563796,0.765504,0.237156,-0.241159,-0.547360,0.804496,0.229427,-0.153285,-0.525978,1.531306,4.013782,
40.934893,0.677859,0.253321,-0.149189,-0.673854,0.767536,0.237166,-0.239167,-0.545381,0.805446,0.229127,-0.151084,-0.525291,20.020793,22.143838,
41.173783,0.575314,0.281154,-0.101055,-0.761416,0.770529,0.231459,-0.233463,-0.546083,0.806057,0.227298,-0.149196,-0.525689,36.852774,38.643098,
41.431912,0.556041,0.281527,-0.093174,-0.776453,0.769685,0.231206,-0.233208,-0.547487,0.806662,0.225464,-0.147303,-0.526084,39.579713,41.563804,
41.670906,0.545298,0.285156,-0.087048,-0.783428,0.768022,0.233311,-0.231308,-0.549732,0.806662,0.225464,-0.147303,-0.526084,40.834928,43.164401,
41.929243,0.539208,0.281109,-0.085033,-0.789305,0.770752,0.227517,-0.231526,-0.548246,0.806662,0.225464,-0.147303,-0.526084,42.174879,44.139721,
42.172249,0.551394,0.277198,-0.091065,-0.781558,0.767533,0.231160,-0.231160,-0.551383,0.806662,0.225464,-0.147303,-0.526084,39.752696,42.358908,
42.428897,0.683505,0.241178,-0.145107,-0.673497,0.768022,0.231308,-0.233311,-0.549732,0.806296,0.227365,-0.147237,-0.525845,19.033803,21.584375,
42.670333,0.772068,0.215298,-0.199276,-0.563780,0.763099,0.243032,-0.239031,-0.549071,0.804370,0.231394,-0.151258,-0.525896,1.144758,4.006617,
42.926525,0.757323,0.223095,-0.191081,-0.583249,0.764195,0.241377,-0.235368,-0.549860,0.804742,0.229497,-0.151328,-0.526139,4.158626,7.119270,
43.169539,0.693276,0.246387,-0.154615,-0.659360,0.766118,0.237346,-0.233340,-0.549802,0.805688,0.229196,-0.149127,-0.525449,16.754356,19.526703,
43.425632,0.597317,0.275146,-0.109058,-0.745395,0.765992,0.231299,-0.235305,-0.551714,0.806296,0.227365,-0.147237,-0.525845,32.819648,35.323791,
43.673126,0.563721,0.283362,-0.095122,-0.769985,0.766352,0.231408,-0.233412,-0.551973,0.806296,0.227365,-0.147237,-0.525845,37.879423,40.367081,
43.933249,0.551427,0.283219,-0.089069,-0.779604,0.769904,0.227267,-0.231272,-0.549646,0.806047,0.225293,-0.145189,-0.527685,40.229107,42.066332,
44.165005,0.545392,0.285205,-0.085061,-0.783563,0.769553,0.229165,-0.231166,-0.549395,0.806047,0.225293,-0.145189,-0.527685,41.138187,42.982870,
44.428498,0.541808,0.285426,-0.083124,-0.786172,0.769553,0.229165,-0.231166,-0.549395,0.806047,0.225293,-0.145189,-0.527685,41.688262,43.529688,
44.664695,0.556143,0.281579,-0.091187,-0.776597,0.770260,0.227372,-0.229375,-0.549899,0.806047,0.225293,-0.145189,-0.527685,39.460700,41.383056,
44.924675,0.713312,0.235103,-0.157069,-0.641281,0.768238,0.227366,-0.231373,-0.551889,0.806047,0.225293,-0.145189,-0.527685,13.655890,16.140127,
45.164943,0.774052,0.215293,-0.197268,-0.561763,0.765630,0.231190,-0.237195,-0.551453,0.804984,0.229566,-0.149368,-0.526297,1.092689,3.756988,
45.432065,0.760527,0.220863,-0.188883,-0.580639,0.762274,0.233390,-0.235393,-0.555929,0.804742,0.227492,-0.147319,-0.528143,3.280107,6.473029,
45.662876,0.677685,0.251254,-0.145147,-0.675683,0.760088,0.233334,-0.233334,-0.559801,0.805446,0.227126,-0.147082,-0.527292,18.449269,22.152991,
45.926904,0.605030,0.273014,-0.115006,-0.739037,0.760088,0.233334,-0.233334,-0.559801,0.805446,0.227126,-0.147082,-0.527292,30.298498,33.857771,
46.166563,0.567526,0.281261,-0.097090,-0.767711,0.759731,0.235226,-0.233224,-0.559539,0.806047,0.225293,-0.145189,-0.527685,36.114819,39.616163,
46.424125,0.546057,0.285553,-0.089173,-0.782515,0.756173,0.233362,-0.231359,-0.565878,0.806047,0.225293,-0.145189,-0.527685,38.486685,42.743402,
46.658866,0.541717,0.285378,-0.085113,-0.786040,0.755316,0.233097,-0.231097,-0.567237,0.806047,0.225293,-0.145189,-0.527685,39.058706,43.474677,
46.924473,0.541717,0.285378,-0.085113,-0.786040,0.756173,0.231359,-0.233362,-0.565878,0.806047,0.225293,-0.145189,-0.527685,39.346391,43.474677,
47.157689,0.629399,0.261166,-0.123078,-0.721458,0.755667,0.231204,-0.231204,-0.567501,0.806047,0.225293,-0.145189,-0.527685,25.587054,30.220959,
47.421048,0.755009,0.223595,-0.189504,-0.586561,0.754388,0.235433,-0.239440,-0.564038,0.804742,0.227492,-0.147319,-0.528143,3.056125,7.410985,
47.657302,0.774303,0.215363,-0.201339,-0.559943,0.755370,0.235115,-0.243119,-0.561275,0.804370,0.231394,-0.151258,-0.525896,-0.633979,3.470744,
47.915343,0.739351,0.229109,-0.179085,-0.607288,0.759713,0.229215,-0.239224,-0.559525,0.805446,0.227126,-0.147082,-0.527292,7.185911,10.763665,
48.152466,0.645368,0.261149,-0.133076,-0.705402,0.758024,0.231312,-0.237321,-0.561759,0.805446,0.227126,-0.147082,-0.527292,23.656779,27.451624,
48.410470,0.599361,0.275166,-0.111067,-0.743448,0.757866,0.227260,-0.237271,-0.563644,0.805811,0.225227,-0.147148,-0.527531,31.057299,34.808642,
48.658471,0.563612,0.283308,-0.097106,-0.769836,0.761266,0.227079,-0.237083,-0.559196,0.805811,0.225227,-0.147148,-0.527531,37.078572,40.162663,
48.914482,0.548004,0.287527,-0.089163,-0.780429,0.758225,0.227367,-0.235380,-0.563911,0.805811,0.225227,-0.147148,-0.527531,38.811126,42.487951,
49.151993,0.545840,0.287442,-0.087134,-0.782204,0.759774,0.225229,-0.233238,-0.563574,0.805811,0.225227,-0.147148,-0.527531,39.295151,42.854170,
49.393110,0.545298,0.285156,-0.087048,-0.783428,0.760127,0.225334,-0.231343,-0.563836,0.805811,0.225227,-0.147148,-0.527531,39.310426,42.979314,
49.635200,0.567039,0.282014,-0.097350,-0.767761,0.763521,0.225154,-0.231158,-0.559382,0.805811,0.225227,-0.147148,-0.527531,36.602289,39.707734,
49.880917,0.751108,0.225633,-0.183515,-0.592663,0.757878,0.229266,-0.235273,-0.563653,0.805811,0.225227,-0.147148,-0.527531,4.345086,8.560032,
50.132413,0.777942,0.215261,-0.199241,-0.555673,0.757520,0.229157,-0.237163,-0.563387,0.804742,0.229497,-0.151328,-0.526139,-1.261012,2.947303,
50.379138,0.739908,0.231284,-0.179220,-0.605743,0.755955,0.231292,-0.239302,-0.563712,0.805208,0.227059,-0.149038,-0.527136,6.423593,10.661395,
50.631980,0.739908,0.231284,-0.179220,-0.605743,0.755461,0.231141,-0.237145,-0.565345,0.805208,0.227059,-0.149038,-0.527136,6.185741,10.661395,
50.877547,0.739908,0.231284,-0.179220,-0.605743,0.757171,0.231052,-0.237054,-0.563127,0.805208,0.227059,-0.149038,-0.527136,6.487924,10.661395,
51.147009,0.739908,0.231284,-0.179220,-0.605743,0.756173,0.231359,-0.233362,-0.565878,0.805208,0.227059,-0.149038,-0.527136,6.063485,10.661395,
51.385642,0.739908,0.231284,-0.179220,-0.605743,0.757377,0.229114,-0.233116,-0.565282,0.805208,0.227059,-0.149038,-0.527136,6.235290,10.661395,
51.626269,0.553808,0.287419,-0.091133,-0.776132,0.757529,0.231161,-0.235164,-0.563393,0.805208,0.227059,-0.149038,-0.527136,37.865383,41.648102,
51.868858,0.673481,0.249178,-0.141101,-0.681487,0.759929,0.227278,-0.235288,-0.561687,0.805572,0.225160,-0.149106,-0.527375,19.324322,23.098501,
52.127694,0.766308,0.221378,-0.191327,-0.571977,0.762268,0.231385,-0.237395,-0.555925,0.804503,0.227425,-0.149279,-0.527986,2.211580,5.307181,
52.366941,0.779929,0.213254,-0.199237,-0.553659,0.764667,0.229500,-0.235514,-0.554208,0.804503,0.227425,-0.149279,-0.527986,-0.409353,2.430693,
52.630904,0.757839,0.225249,-0.185205,-0.583646,0.764167,0.227347,-0.235359,-0.555849,0.805572,0.225160,-0.149106,-0.527375,4.207159,7.297638,
52.857478,0.691657,0.245233,-0.145138,-0.663631,0.765890,0.221257,-0.231269,-0.557648,0.805556,0.223154,-0.145100,-0.529365,17.112584,19.886956,
53.121011,0.605568,0.273256,-0.107101,-0.739694,0.766746,0.221504,-0.231527,-0.556266,0.806409,0.223390,-0.145254,-0.527923,31.554679,34.088285,
53.357468,0.575653,0.281319,-0.095108,-0.761864,0.764020,0.225301,-0.233311,-0.557745,0.806409,0.223390,-0.145254,-0.527923,35.806167,38.588302,
53.613409,0.559335,0.285171,-0.087052,-0.773463,0.763662,0.225195,-0.235204,-0.557483,0.805811,0.225227,-0.147148,-0.527531,38.388216,41.065574,
53.849533,0.555488,0.287252,-0.085075,-0.775681,0.763316,0.227094,-0.235097,-0.557231,0.805811,0.225227,-0.147148,-0.527531,38.926691,41.617265,
54.114113,0.553333,0.287173,-0.083050,-0.777468,0.760274,0.225378,-0.235394,-0.561941,0.805811,0.225227,-0.147148,-0.527531,38.753858,41.984206,
54.350061,0.554195,0.287620,-0.083179,-0.776675,0.761953,0.223279,-0.237297,-0.559700,0.805811,0.225227,-0.147148,-0.527531,39.050883,41.852566,
54.612264,0.663764,0.253291,-0.129149,-0.691796,0.763490,0.221142,-0.235151,-0.559359,0.806409,0.223390,-0.145254,-0.527923,21.925521,24.971397,
54.847529,0.764526,0.223446,-0.183366,-0.576150,0.757505,0.227151,-0.239159,-0.563375,0.805811,0.225227,-0.147148,-0.527531,2.183491,6.149031,
55.110405,0.787389,0.213105,-0.193095,-0.545269,0.759552,0.225164,-0.239174,-0.561408,0.805811,0.225227,-0.147148,-0.527531,-2.175196,1.458734,
55.343982,0.747819,0.229251,-0.169185,-0.599656,0.761953,0.223279,-0.237297,-0.559700,0.806409,0.223390,-0.145254,-0.527923,6.511892,9.784252,
55.609584,0.670263,0.255481,-0.131247,-0.684289,0.761953,0.223279,-0.237297,-0.559700,0.806769,0.221486,-0.145319,-0.528158,20.744607,23.875966,
55.844534,0.599224,0.275103,-0.099037,-0.745279,0.760255,0.223369,-0.237392,-0.561928,0.806769,0.221486,-0.145319,-0.528158,32.053008,35.285574,
56.099472,0.571630,0.281310,-0.087096,-0.765844,0.761971,0.225287,-0.235300,-0.559714,0.806769,0.221486,-0.145319,-0.528158,36.481368,39.463762,
56.338443,0.559292,0.281147,-0.083043,-0.775405,0.761459,0.223134,-0.235142,-0.561338,0.806769,0.221486,-0.145319,-0.528158,38.162697,41.310098,
56.585352,0.557599,0.283304,-0.083089,-0.775834,0.761117,0.225035,-0.235036,-0.561086,0.806409,0.223390,-0.145254,-0.527923,38.328075,41.462273,
56.811985,0.553506,0.281257,-0.081074,-0.779713,0.762329,0.225393,-0.233407,-0.559976,0.806409,0.223390,-0.145254,-0.527923,39.066002,42.133729,
57.073748,0.561534,0.281267,-0.083079,-0.773735,0.765194,0.223057,-0.233059,-0.557142,0.806409,0.223390,-0.145254,-0.527923,38.400119,40.965854,
57.315084,0.714073,0.240033,-0.143618,-0.641762,0.766207,0.227358,-0.233368,-0.553872,0.806409,0.223390,-0.145254,-0.527923,13.995970,16.551929,
57.569075,0.783761,0.217211,-0.191186,-0.549533,0.762632,0.233500,-0.233500,-0.556190,0.805811,0.225227,-0.147148,-0.527531,-1.098643,2.201878,
57.803361,0.788213,0.215331,-0.191294,-0.543837,0.764317,0.233402,-0.233402,-0.553955,0.805811,0.225227,-0.147148,-0.527531,-1.621724,1.358714,
58.050981,0.727800,0.239263,-0.155170,-0.623685,0.763824,0.233252,-0.231249,-0.555599,0.806409,0.223390,-0.145254,-0.527923,10.660855,13.744080,
58.296633,0.650478,0.263599,-0.117266,-0.702597,0.763680,0.231206,-0.229204,-0.557496,0.806409,0.223390,-0.145254,-0.527923,24.172992,27.268308,
58.524380,0.596331,0.279624,-0.093208,-0.746667,0.762491,0.231453,-0.231453,-0.558092,0.806409,0.223390,-0.145254,-0.527923,32.792809,35.779191,
58.785748,0.573492,0.285245,-0.081070,-0.763655,0.761990,0.231300,-0.229298,-0.559727,0.806409,0.223390,-0.145254,-0.527923,36.159539,39.301597,
59.027912,0.566910,0.284955,-0.078988,-0.768879,0.759275,0.229083,-0.227082,-0.565205,0.806769,0.221486,-0.145319,-0.528158,36.455951,40.324194,
59.284890,0.563725,0.283365,-0.077099,-0.771993,0.761669,0.225198,-0.227200,-0.563495,0.806769,0.221486,-0.145319,-0.528158,37.360663,40.862866,
59.527297,0.559245,0.283124,-0.077034,-0.775340,0.761669,0.225198,-0.227200,-0.563495,0.806769,0.221486,-0.145319,-0.528158,37.951441,41.484603,
59.779594,0.606032,0.272362,-0.099498,-0.740705,0.762528,0.225452,-0.227456,-0.562127,0.806409,0.223390,-0.145254,-0.527923,30.852637,34.315716,
