0.000000,0.537455,0.415352,-0.465394,-0.567480,0.489453,0.409379,-0.511474,-0.575533,0.585876,0.433648,-0.423633,-0.537804,-0.866913,2.184432,
0.046606,0.537455,0.415352,-0.465394,-0.567480,0.490871,0.406893,-0.512866,-0.574849,0.585378,0.433280,-0.425275,-0.537347,-0.532369,2.266618,
0.096139,0.537955,0.415738,-0.463824,-0.568009,0.489410,0.407341,-0.515432,-0.573481,0.585378,0.433280,-0.425275,-0.537347,-0.313926,2.357791,
0.131053,0.537616,0.417479,-0.465534,-0.565649,0.491384,0.405317,-0.517405,-0.571447,0.585507,0.433375,-0.427370,-0.535464,0.042290,2.445257,
0.164053,0.537455,0.415352,-0.465394,-0.567480,0.493131,0.401107,-0.517138,-0.573152,0.585378,0.433280,-0.425275,-0.537347,0.245402,2.266618,
0.199313,0.537955,0.415738,-0.463824,-0.568009,0.497628,0.399504,-0.515651,-0.571722,0.585876,0.433648,-0.423633,-0.537804,0.716691,2.275342,
0.231179,0.537955,0.415738,-0.463824,-0.568009,0.495827,0.395660,-0.517863,-0.573957,0.585378,0.433280,-0.425275,-0.537347,0.785717,2.357791,
0.263959,0.537955,0.415738,-0.463824,-0.568009,0.493074,0.401060,-0.515077,-0.575086,0.585378,0.433280,-0.425275,-0.537347,0.115651,2.357791,
0.296789,0.537955,0.415738,-0.463824,-0.568009,0.489581,0.403479,-0.513610,-0.577686,0.585378,0.433280,-0.425275,-0.537347,-0.465968,2.357791,
0.328799,0.535689,0.417537,-0.467602,-0.565728,0.485185,0.405155,-0.519198,-0.575220,0.581234,0.435175,-0.429173,-0.537216,-0.446471,2.062898,
0.361339,0.553373,0.459310,-0.491331,-0.491331,0.525620,0.473558,-0.511603,-0.487575,0.593369,0.463288,-0.453282,-0.477297,-0.999542,1.076265,
0.394928,0.547905,0.451746,-0.491812,-0.503832,0.521611,0.467547,-0.511599,-0.497583,0.587128,0.457100,-0.455099,-0.489107,-0.941667,1.136238,
0.486850,0.543889,0.447732,-0.495811,-0.507830,0.517548,0.463491,-0.515546,-0.501531,0.581443,0.453346,-0.459350,-0.495378,-0.972957,0.915016,
0.719195,0.539911,0.445752,-0.499843,-0.509860,0.515467,0.461418,-0.521473,-0.499453,0.577713,0.453560,-0.463572,-0.495612,-0.530530,0.927751,
0.978295,0.525136,0.463120,-0.477123,-0.531137,0.513024,0.463021,-0.519024,-0.503023,0.577607,0.449472,-0.463487,-0.499525,3.252292,5.237804,
1.219230,0.479093,0.507098,-0.419081,-0.581113,0.517768,0.451670,-0.515765,-0.511759,0.581674,0.443514,-0.457530,-0.505586,14.826266,16.411456,
1.475788,0.391256,0.569372,-0.341223,-0.637417,0.519296,0.453258,-0.513293,-0.511292,0.581688,0.445527,-0.455539,-0.505598,31.257989,32.609964,
1.718436,0.259484,0.638189,-0.201375,-0.696298,0.521879,0.455767,-0.507855,-0.511862,0.583608,0.447467,-0.453473,-0.503525,55.309757,56.670452,
1.989897,0.195211,0.659714,-0.131142,-0.713773,0.525255,0.453220,-0.505246,-0.513249,0.583613,0.449472,-0.451474,-0.503529,66.777335,67.703483,
2.215594,0.137207,0.676022,-0.075114,-0.720088,0.523804,0.453697,-0.505776,-0.513789,0.581819,0.449633,-0.455641,-0.501706,76.128096,77.338885,
2.484101,0.129241,0.674259,-0.063118,-0.724353,0.523680,0.449584,-0.507659,-0.515670,0.581819,0.449633,-0.455641,-0.501706,77.941764,78.991609,
2.715906,0.125189,0.674016,-0.053080,-0.726094,0.525664,0.449568,-0.505639,-0.515651,0.581819,0.449633,-0.455641,-0.501706,79.069249,80.133385,
2.971449,0.213089,0.647271,-0.135056,-0.719301,0.529618,0.449524,-0.501585,-0.515602,0.583613,0.449472,-0.451474,-0.503529,64.945686,65.917781,
3.214433,0.417765,0.548004,-0.339622,-0.640173,0.523726,0.451626,-0.503699,-0.517718,0.583024,0.449019,-0.451019,-0.505021,28.100044,29.819490,
3.471645,0.509417,0.487399,-0.425348,-0.567464,0.517419,0.457371,-0.511414,-0.511414,0.581238,0.451185,-0.453186,-0.503206,10.257533,11.805725,
3.712922,0.549362,0.441290,-0.481317,-0.521343,0.514005,0.459900,-0.512001,-0.512001,0.581238,0.451185,-0.453186,-0.503206,-0.891916,1.154542,
3.974739,0.551321,0.439256,-0.485283,-0.517301,0.517417,0.457369,-0.513414,-0.509411,0.579967,0.451753,-0.455760,-0.501837,-1.007246,0.562691,
4.209618,0.553247,0.439196,-0.483216,-0.517231,0.517884,0.455778,-0.515881,-0.507867,0.581765,0.451594,-0.451594,-0.503662,-0.657426,0.350914,
4.469843,0.489414,0.505428,-0.411348,-0.579490,0.521335,0.455292,-0.515331,-0.505325,0.581238,0.451185,-0.453186,-0.503206,14.869025,15.460362,
4.711626,0.343336,0.595583,-0.271265,-0.673659,0.521822,0.453715,-0.511806,-0.509803,0.581765,0.451594,-0.451594,-0.503662,42.144564,42.877708,
4.974230,0.235197,0.645541,-0.165138,-0.707593,0.523273,0.453237,-0.513268,-0.507265,0.579911,0.451710,-0.453713,-0.503792,61.201045,61.327759,
5.218637,0.155023,0.669098,-0.091013,-0.721105,0.523747,0.451645,-0.513733,-0.507725,0.579911,0.451710,-0.453713,-0.503792,74.217962,74.137846,
5.465543,0.123009,0.675047,-0.059004,-0.725051,0.525672,0.449575,-0.513657,-0.507649,0.579384,0.451299,-0.455302,-0.503333,79.697541,79.505102,
5.713241,0.119241,0.672361,-0.055112,-0.728474,0.523277,0.453240,-0.509270,-0.511271,0.579384,0.451299,-0.455302,-0.503333,79.475977,80.156192,
5.965442,0.217193,0.645572,-0.145129,-0.717636,0.523273,0.453237,-0.507265,-0.513268,0.579911,0.451710,-0.453713,-0.503792,63.640844,64.559069,
6.207002,0.400187,0.556651,-0.329979,-0.648925,0.523336,0.455292,-0.509327,-0.509327,0.577528,0.453415,-0.455416,-0.503460,31.294978,32.229369,
6.470153,0.495124,0.497124,-0.415104,-0.579145,0.519992,0.459877,-0.511977,-0.505965,0.575194,0.457155,-0.457155,-0.501169,13.253500,14.095481,
6.706819,0.545628,0.445513,-0.483556,-0.519598,0.513568,0.463513,-0.515571,-0.505559,0.575771,0.457613,-0.457613,-0.499669,-0.299281,1.102706,
6.969793,0.545665,0.445543,-0.485592,-0.517631,0.515560,0.463504,-0.515560,-0.503547,0.573419,0.459335,-0.461337,-0.497363,-0.293733,0.947470,
7.203951,0.513819,0.485883,-0.432007,-0.559713,0.521443,0.459391,-0.513437,-0.503428,0.577584,0.455460,-0.455460,-0.501507,9.811139,10.378783,
7.468609,0.351228,0.593386,-0.281183,-0.667434,0.527242,0.453208,-0.511234,-0.505231,0.578054,0.453828,-0.453828,-0.503919,41.147596,41.045259,
7.704380,0.211155,0.659484,-0.141104,-0.707520,0.521923,0.457809,-0.513908,-0.503891,0.575771,0.457613,-0.457613,-0.499669,65.213319,65.237646,
7.967083,0.152947,0.674767,-0.086970,-0.716752,0.523252,0.453219,-0.517249,-0.503243,0.575769,0.455608,-0.459614,-0.499667,75.116468,74.763597,
8.208678,0.125171,0.677924,-0.059081,-0.721984,0.523804,0.453697,-0.513789,-0.505776,0.575769,0.455608,-0.459614,-0.499667,79.318297,79.343436,
8.471571,0.121077,0.677432,-0.055035,-0.723462,0.521818,0.453711,-0.513805,-0.507796,0.575769,0.455608,-0.459614,-0.499667,79.735026,80.017481,
8.699789,0.163177,0.667726,-0.097106,-0.719782,0.523273,0.453237,-0.513268,-0.507265,0.575769,0.455608,-0.459614,-0.499667,72.924467,73.130657,
8.964531,0.315467,0.613908,-0.247366,-0.680006,0.517469,0.459416,-0.513465,-0.507460,0.575243,0.457193,-0.459194,-0.499211,46.490653,47.464457,
9.200819,0.485456,0.505474,-0.407382,-0.585550,0.519388,0.457341,-0.517386,-0.503376,0.573853,0.457681,-0.457681,-0.501746,15.671516,15.815837,
9.456218,0.535301,0.457257,-0.471265,-0.531299,0.517951,0.459844,-0.519954,-0.499918,0.573375,0.459300,-0.459300,-0.499327,3.384105,3.585937,
9.697434,0.543652,0.445534,-0.483580,-0.521625,0.519325,0.457286,-0.523328,-0.497311,0.572848,0.458878,-0.460877,-0.498867,1.531035,1.301060,
9.962849,0.493798,0.497804,-0.433701,-0.565914,0.519696,0.453607,-0.527707,-0.495664,0.573902,0.457719,-0.459722,-0.499785,13.377969,12.513697,
10.216721,0.517274,0.479254,-0.433230,-0.561298,0.522208,0.452045,-0.524212,-0.498152,0.575769,0.459614,-0.455608,-0.499667,10.625591,9.642033,
10.480990,0.515475,0.473437,-0.441407,-0.561518,0.523504,0.447431,-0.527508,-0.497479,0.573897,0.455712,-0.461722,-0.499781,10.459899,9.424687,
10.711431,0.519107,0.473097,-0.443091,-0.557115,0.527478,0.447406,-0.525476,-0.495449,0.577584,0.455460,-0.455460,-0.501507,10.132224,8.653468,
10.970054,0.384652,0.574480,-0.318711,-0.648413,0.523663,0.451572,-0.523663,-0.497630,0.575720,0.455570,-0.457572,-0.501627,35.656776,34.709498,
11.210670,0.261304,0.645751,-0.197229,-0.689802,0.523781,0.455679,-0.521778,-0.495739,0.577154,0.459122,-0.457122,-0.497132,57.410358,56.403370,
11.477191,0.168995,0.672980,-0.100997,-0.712979,0.529601,0.451512,-0.521592,-0.493560,0.581443,0.459350,-0.453346,-0.495378,73.919884,72.248609,
11.711770,0.129099,0.681525,-0.063049,-0.717553,0.529629,0.451536,-0.519617,-0.495588,0.581443,0.459350,-0.453346,-0.495378,80.099685,78.629318,
11.974360,0.121098,0.681550,-0.055044,-0.719580,0.529699,0.453598,-0.517683,-0.495654,0.581443,0.459350,-0.453346,-0.495378,81.164974,79.951297,
12.215229,0.123227,0.678248,-0.055101,-0.722329,0.529173,0.453148,-0.517169,-0.497162,0.583871,0.459685,-0.451673,-0.493736,80.826135,79.907966,
12.468314,0.253653,0.638643,-0.191493,-0.700803,0.525342,0.457297,-0.515335,-0.499325,0.584436,0.462135,-0.450106,-0.492209,57.879574,57.852044,
12.711480,0.409670,0.559916,-0.341559,-0.634037,0.520013,0.461900,-0.516005,-0.499974,0.581471,0.463375,-0.451366,-0.493400,29.762942,30.353726,
12.964474,0.521151,0.467135,-0.459133,-0.547159,0.515583,0.465526,-0.517585,-0.499565,0.582045,0.463833,-0.451811,-0.491883,5.775444,6.993335,
13.205899,0.537216,0.447180,-0.483194,-0.527212,0.513097,0.467089,-0.519099,-0.499095,0.581504,0.465403,-0.451391,-0.491426,1.058638,2.324071,
13.465221,0.537783,0.447651,-0.483704,-0.525765,0.511120,0.469110,-0.521122,-0.497116,0.579718,0.467579,-0.455564,-0.487604,0.946022,2.376216,
13.707338,0.541625,0.445514,-0.481556,-0.525607,0.513063,0.465057,-0.519063,-0.501061,0.583941,0.463747,-0.451728,-0.489789,0.719605,2.308986,
13.969067,0.541625,0.445514,-0.481556,-0.525607,0.509646,0.467592,-0.517656,-0.503638,0.583412,0.463327,-0.453320,-0.489346,0.148629,2.400815,
14.203350,0.541625,0.445514,-0.481556,-0.525607,0.513595,0.465539,-0.517600,-0.501581,0.583908,0.461718,-0.451702,-0.491765,0.610099,2.306661,
14.463658,0.500445,0.494451,-0.434518,-0.562376,0.511126,0.467115,-0.517127,-0.503124,0.583368,0.463292,-0.451284,-0.491310,10.271805,12.060432,
14.708117,0.331420,0.611775,-0.269341,-0.665843,0.511562,0.463509,-0.517569,-0.505555,0.581471,0.463375,-0.451366,-0.493400,42.973278,44.076431,
14.960076,0.189131,0.671466,-0.125087,-0.705490,0.511138,0.467126,-0.515139,-0.505136,0.581471,0.463375,-0.451366,-0.493400,67.307468,68.354141,
15.202292,0.131200,0.686048,-0.071109,-0.712087,0.509188,0.469174,-0.513190,-0.507188,0.581483,0.461383,-0.453376,-0.493410,76.104379,77.761722,
15.465698,0.117011,0.689068,-0.055005,-0.713070,0.511615,0.465560,-0.515620,-0.505608,0.581483,0.461383,-0.453376,-0.493410,79.164322,80.226433,
15.699841,0.117011,0.689068,-0.055005,-0.713070,0.511603,0.465549,-0.517610,-0.503594,0.581527,0.461418,-0.455413,-0.491445,79.389603,80.472834,
15.962404,0.195319,0.666087,-0.129211,-0.708155,0.515092,0.465083,-0.513091,-0.505090,0.582057,0.461839,-0.453824,-0.491893,66.633287,67.906132,
16.192240,0.409788,0.566089,-0.345665,-0.626205,0.511665,0.467607,-0.513667,-0.505657,0.579662,0.463530,-0.455521,-0.491562,28.183187,30.124506,
16.455931,0.533430,0.453366,-0.481388,-0.527425,0.507668,0.469617,-0.519683,-0.501660,0.577832,0.465670,-0.457659,-0.489705,1.185955,3.146022,
16.690070,0.537899,0.447748,-0.489819,-0.519869,0.505175,0.471163,-0.521180,-0.501173,0.577292,0.467236,-0.457231,-0.489248,-0.427011,1.540198,
16.951384,0.534937,0.454946,-0.480943,-0.524938,0.507633,0.467583,-0.519648,-0.503628,0.579693,0.465556,-0.455544,-0.489585,1.084320,3.036985,
17.183141,0.464492,0.528422,-0.398564,-0.588357,0.511089,0.467081,-0.521091,-0.499087,0.577264,0.465213,-0.457209,-0.491225,18.346461,19.383502,
17.447431,0.311376,0.629760,-0.251303,-0.665803,0.507668,0.469617,-0.519683,-0.501660,0.577832,0.465670,-0.457659,-0.489705,46.235422,47.575812,
17.686876,0.183409,0.678512,-0.123275,-0.700561,0.505718,0.471669,-0.517735,-0.503715,0.577301,0.465243,-0.459240,-0.489255,67.660347,69.324769,
17.945157,0.143089,0.689429,-0.081050,-0.705439,0.503747,0.473703,-0.517768,-0.503747,0.577838,0.463673,-0.459667,-0.489711,74.258563,76.202896,
18.177429,0.123080,0.693448,-0.059038,-0.707457,0.509662,0.469610,-0.519675,-0.499649,0.577838,0.463673,-0.459667,-0.489711,78.621194,79.637290,
18.434981,0.117200,0.694183,-0.053090,-0.708206,0.509229,0.473213,-0.517233,-0.499225,0.577838,0.463673,-0.459667,-0.489711,79.232425,80.606760,
18.675359,0.117212,0.694255,-0.051092,-0.708280,0.511702,0.471647,-0.517710,-0.497682,0.577838,0.463673,-0.459667,-0.489711,79.741862,80.766449,
18.942969,0.245838,0.655233,-0.179612,-0.691356,0.513610,0.467555,-0.519617,-0.497590,0.578370,0.464099,-0.458085,-0.490161,58.772905,59.457571,
19.168566,0.467015,0.519241,-0.408764,-0.587535,0.511089,0.467081,-0.521091,-0.499087,0.577801,0.463643,-0.457635,-0.491682,16.988577,18.284430,
19.430289,0.537899,0.447748,-0.489819,-0.519869,0.505179,0.473168,-0.523185,-0.497176,0.575427,0.467347,-0.459341,-0.489363,-0.195874,1.508144,
19.669147,0.537371,0.447309,-0.491339,-0.519358,0.507649,0.471603,-0.523670,-0.495634,0.575427,0.467347,-0.459341,-0.489363,0.036361,1.406841,
19.923335,0.497461,0.491455,-0.447414,-0.557516,0.507676,0.471628,-0.521694,-0.497662,0.575399,0.465323,-0.459319,-0.491341,9.348656,10.891870,
20.165591,0.387807,0.576199,-0.335698,-0.636324,0.511673,0.469617,-0.517681,-0.499657,0.576465,0.464180,-0.458164,-0.492251,31.689229,33.104536,
20.407332,0.241249,0.657678,-0.183189,-0.689711,0.513610,0.467555,-0.519617,-0.497590,0.575399,0.465323,-0.459319,-0.491341,58.885309,59.322725,
20.648302,0.177175,0.677669,-0.119118,-0.703694,0.511161,0.469147,-0.517162,-0.501157,0.577271,0.463218,-0.459216,-0.491231,69.066837,70.203485,
20.890864,0.133121,0.689625,-0.077070,-0.707641,0.510141,0.468047,-0.520163,-0.500119,0.577271,0.463218,-0.459216,-0.491231,76.426234,77.250003,
21.154280,0.119102,0.691591,-0.063054,-0.709606,0.511572,0.467523,-0.523586,-0.495554,0.577806,0.461644,-0.459641,-0.491686,79.276967,79.664181,
21.389812,0.117152,0.689893,-0.059076,-0.711922,0.510061,0.465969,-0.524090,-0.498036,0.577806,0.461644,-0.459641,-0.491686,79.623688,80.169624,
21.652569,0.181150,0.673559,-0.125104,-0.705586,0.512043,0.463945,-0.522063,-0.500018,0.577232,0.463186,-0.457184,-0.493198,68.902539,69.180969,
21.889035,0.435224,0.543279,-0.373192,-0.613315,0.508655,0.468682,-0.516650,-0.504658,0.577723,0.461577,-0.455570,-0.495620,22.963529,24.789671,
22.146425,0.539768,0.445634,-0.487694,-0.521742,0.505628,0.469584,-0.523651,-0.499621,0.575896,0.463721,-0.457712,-0.493768,-0.084231,1.408232,
22.386894,0.539803,0.445663,-0.489728,-0.519773,0.507145,0.471135,-0.523150,-0.497142,0.575399,0.465323,-0.459319,-0.491341,-0.197879,1.275208,
22.645675,0.473359,0.517392,-0.415315,-0.579439,0.505657,0.471613,-0.523680,-0.497646,0.575935,0.463753,-0.459746,-0.491798,15.358104,16.906495,
22.893255,0.351164,0.603281,-0.293137,-0.653305,0.509639,0.469589,-0.521655,-0.497624,0.575399,0.465323,-0.459319,-0.491341,39.300948,40.286376,
23.152898,0.219151,0.663458,-0.159110,-0.697481,0.507668,0.469617,-0.519683,-0.501660,0.575935,0.463753,-0.459746,-0.491798,62.077887,63.324029,
23.385341,0.159104,0.681446,-0.099065,-0.707463,0.509629,0.467577,-0.519642,-0.501619,0.577767,0.461613,-0.457607,-0.493655,72.326577,73.211492,
23.648469,0.129077,0.689412,-0.069041,-0.709424,0.509042,0.465038,-0.523043,-0.501041,0.577237,0.461189,-0.459188,-0.493202,77.622607,78.235813,
23.885231,0.119120,0.687695,-0.059060,-0.713721,0.509099,0.467091,-0.521101,-0.501097,0.577237,0.461189,-0.459188,-0.493202,78.974473,79.904584,
24.141223,0.115203,0.686207,-0.053093,-0.716260,0.511566,0.465515,-0.521577,-0.499553,0.577767,0.461613,-0.457607,-0.493655,80.099183,80.609589,
24.383960,0.139215,0.680049,-0.073113,-0.716105,0.515488,0.461437,-0.519492,-0.501475,0.577767,0.461613,-0.457607,-0.493655,76.708118,77.024880,
24.648115,0.333520,0.609951,-0.265414,-0.668042,0.513577,0.465523,-0.519583,-0.499561,0.577237,0.461189,-0.459188,-0.493202,43.561705,44.527377,
24.889631,0.505284,0.489275,-0.441248,-0.557313,0.511142,0.469130,-0.519144,-0.499139,0.575935,0.463753,-0.459746,-0.491798,9.253086,10.710053,
25.141929,0.541372,0.449308,-0.489336,-0.515354,0.511628,0.469576,-0.521640,-0.495608,0.573557,0.467454,-0.461448,-0.489475,0.069067,1.094921,
25.386924,0.538801,0.450833,-0.482821,-0.522807,0.511640,0.467585,-0.517647,-0.501627,0.575399,0.465323,-0.459319,-0.491341,0.629615,2.162959,
25.646996,0.375685,0.590076,-0.317579,-0.640167,0.513116,0.467106,-0.517117,-0.501113,0.575367,0.463296,-0.459293,-0.493315,34.684813,35.785091,
25.883122,0.267082,0.645197,-0.207063,-0.685210,0.507704,0.469651,-0.513712,-0.507704,0.575367,0.463296,-0.459293,-0.493315,53.225314,55.118753,
26.140312,0.177038,0.675144,-0.113024,-0.707151,0.511056,0.463051,-0.513056,-0.511056,0.575859,0.461688,-0.457682,-0.495739,69.101277,70.375138,
26.380958,0.133179,0.683921,-0.069093,-0.713962,0.515525,0.461470,-0.513523,-0.507517,0.575287,0.461230,-0.457228,-0.497248,76.896511,77.471911,
26.645588,0.119120,0.687695,-0.059060,-0.713721,0.512104,0.464001,-0.512104,-0.510100,0.575817,0.459652,-0.457649,-0.497706,78.319108,79.550546,
26.879841,0.113057,0.687348,-0.055028,-0.715362,0.511628,0.465571,-0.511628,-0.509625,0.575817,0.459652,-0.457649,-0.497706,79.009543,80.392330,
27.148249,0.141114,0.679548,-0.079064,-0.715577,0.511673,0.467615,-0.509670,-0.509670,0.576391,0.460110,-0.458105,-0.496197,74.475133,76.276815,
27.378478,0.297324,0.625682,-0.235257,-0.681744,0.515659,0.467598,-0.511654,-0.503644,0.575859,0.461688,-0.457682,-0.495739,48.761663,50.036910,
27.641753,0.501660,0.487641,-0.441581,-0.561739,0.513725,0.471666,-0.513725,-0.499705,0.573458,0.463370,-0.459367,-0.495395,9.238918,10.737241,
27.876664,0.537899,0.447748,-0.489819,-0.519869,0.509797,0.475744,-0.513803,-0.499781,0.571619,0.465504,-0.461500,-0.493534,-0.757893,1.232164,
28.152242,0.505521,0.483498,-0.449463,-0.555573,0.515180,0.471165,-0.515180,-0.497174,0.573989,0.461796,-0.459792,-0.495855,8.315098,9.599601,
28.366516,0.354805,0.594673,-0.298836,-0.656639,0.515209,0.471191,-0.511208,-0.501204,0.573989,0.461796,-0.459792,-0.495855,37.818240,39.357318,
28.614004,0.229194,0.659558,-0.169143,-0.695589,0.515224,0.473205,-0.513223,-0.497216,0.573497,0.463401,-0.461400,-0.493427,60.493815,61.533137,
28.861347,0.161257,0.684089,-0.101161,-0.704120,0.511763,0.473706,-0.513766,-0.499745,0.573497,0.463401,-0.461400,-0.493427,71.549249,72.752007,
29.091967,0.123220,0.692237,-0.063113,-0.708266,0.515209,0.471191,-0.511208,-0.501204,0.573497,0.463401,-0.461400,-0.493427,77.919356,78.989174,
29.348816,0.123076,0.691425,-0.059036,-0.709436,0.511775,0.473718,-0.511775,-0.501760,0.575367,0.463296,-0.459293,-0.493315,77.909086,79.316110,
29.584362,0.117033,0.693198,-0.053015,-0.709203,0.511734,0.471677,-0.513737,-0.501720,0.574559,0.462254,-0.460249,-0.494341,79.134715,80.310897,
29.843005,0.197311,0.668052,-0.127200,-0.706112,0.513737,0.471677,-0.511734,-0.501720,0.575330,0.461265,-0.459264,-0.495284,66.312087,67.650659,
30.084698,0.405559,0.567783,-0.337465,-0.631871,0.513694,0.469634,-0.513694,-0.501678,0.575859,0.461688,-0.457682,-0.495739,29.574525,31.002306,
30.346752,0.539848,0.447703,-0.487766,-0.519817,0.505153,0.471142,-0.523158,-0.499151,0.572151,0.463933,-0.461929,-0.493994,-0.187492,1.331152,
30.588235,0.541793,0.447655,-0.485711,-0.519760,0.507117,0.469108,-0.523120,-0.499115,0.574026,0.463829,-0.459822,-0.493883,0.050056,1.340489,
30.840910,0.466977,0.522974,-0.398980,-0.590970,0.507633,0.467583,-0.519648,-0.503628,0.575330,0.461265,-0.459264,-0.495284,17.421852,19.036987,
31.086719,0.319222,0.615427,-0.251174,-0.675469,0.512036,0.461935,-0.518049,-0.506024,0.575859,0.461688,-0.457682,-0.495739,45.745252,46.713065,
31.336307,0.187165,0.673594,-0.127112,-0.703621,0.509535,0.463487,-0.521548,-0.503529,0.573458,0.463370,-0.459367,-0.495395,67.906086,68.274708,
31.584822,0.147122,0.683565,-0.087072,-0.709586,0.511548,0.463496,-0.519556,-0.503539,0.573460,0.461370,-0.461370,-0.495397,74.531561,75.101564,
31.842569,0.123025,0.689139,-0.065013,-0.711144,0.511505,0.461455,-0.519512,-0.505499,0.573460,0.461370,-0.461370,-0.495397,78.336684,78.876930,
32.073080,0.119140,0.689810,-0.057067,-0.711836,0.511394,0.457352,-0.521402,-0.507391,0.573460,0.461370,-0.461370,-0.495397,79.537208,79.839269,
32.329043,0.141123,0.681596,-0.079069,-0.713624,0.515331,0.455292,-0.521335,-0.505325,0.575861,0.459687,-0.459687,-0.495741,76.335572,76.374151,
32.570838,0.360142,0.592880,-0.285907,-0.661096,0.517820,0.453718,-0.517820,-0.507804,0.577149,0.461119,-0.455117,-0.497128,39.586924,39.835122,
32.838980,0.516995,0.476995,-0.448996,-0.550994,0.509517,0.461468,-0.517525,-0.509517,0.575812,0.461651,-0.455643,-0.497702,6.695097,8.087413,
33.069528,0.547639,0.447522,-0.481562,-0.517604,0.510081,0.463984,-0.518098,-0.506073,0.577723,0.461577,-0.455570,-0.495620,-0.397696,1.104257,
33.327218,0.533584,0.461505,-0.459503,-0.539591,0.511414,0.457371,-0.517419,-0.511414,0.580599,0.458262,-0.452245,-0.498372,3.814623,5.271357,
33.569282,0.409305,0.563420,-0.337252,-0.633473,0.511468,0.459420,-0.517473,-0.509466,0.578161,0.457920,-0.453911,-0.500004,29.412594,30.527243,
33.834863,0.311341,0.621680,-0.239262,-0.677742,0.515356,0.455314,-0.517357,-0.509352,0.578161,0.457920,-0.453911,-0.500004,47.857169,48.237550,
34.068085,0.181221,0.671819,-0.109133,-0.709865,0.516757,0.452787,-0.518756,-0.508761,0.577584,0.455460,-0.455460,-0.501507,70.414156,70.293467,
34.330086,0.137111,0.679548,-0.067054,-0.717579,0.517828,0.453726,-0.515825,-0.509815,0.579386,0.453302,-0.453302,-0.503335,77.267064,77.381619,
34.566492,0.127162,0.681867,-0.059075,-0.717912,0.515362,0.455320,-0.515362,-0.511359,0.579386,0.453302,-0.453302,-0.503335,78.395603,78.851049,
34.831187,0.125062,0.683338,-0.053026,-0.717354,0.513358,0.455318,-0.517361,-0.511357,0.581345,0.457272,-0.451268,-0.499297,79.066622,79.496948,
35.065775,0.123119,0.681662,-0.047046,-0.719698,0.513363,0.455322,-0.515364,-0.513363,0.584356,0.458063,-0.450044,-0.496151,79.447691,80.383434,
35.323917,0.179147,0.667549,-0.101083,-0.715588,0.512001,0.459900,-0.512001,-0.514005,0.590007,0.461788,-0.445761,-0.489836,69.793759,71.632761,
35.565425,0.413398,0.561540,-0.331319,-0.635612,0.513712,0.469651,-0.507704,-0.507704,0.588202,0.463948,-0.447916,-0.487998,28.638939,31.407309,
35.829148,0.548167,0.447953,-0.480022,-0.518103,0.515329,0.479306,-0.507324,-0.497317,0.585838,0.467669,-0.449643,-0.485695,-0.932396,1.680004,
36.070148,0.549641,0.449524,-0.479559,-0.515602,0.519306,0.479283,-0.503297,-0.497293,0.589532,0.469424,-0.445402,-0.483436,-1.026904,1.605178,
36.327057,0.459291,0.535340,-0.375238,-0.601381,0.527140,0.473126,-0.501133,-0.497132,0.590038,0.467823,-0.443781,-0.485855,20.728970,22.454568,
36.564139,0.304908,0.626811,-0.218934,-0.682794,0.529612,0.471544,-0.497575,-0.499577,0.591866,0.467684,-0.441646,-0.485711,49.513886,51.005188,
36.822209,0.215153,0.659468,-0.135096,-0.707503,0.530079,0.467953,-0.500018,-0.500018,0.591866,0.467684,-0.441646,-0.485711,64.696959,65.647312,
37.063339,0.165115,0.673470,-0.085059,-0.715500,0.529580,0.469514,-0.497545,-0.501549,0.593141,0.465111,-0.441105,-0.487116,72.668648,73.925969,
37.304199,0.137009,0.681045,-0.057004,-0.717047,0.531550,0.469486,-0.499517,-0.497515,0.591842,0.465663,-0.441628,-0.487694,77.759592,78.375097,
37.552432,0.125090,0.681492,-0.047034,-0.719520,0.530141,0.472016,-0.498072,-0.498072,0.591842,0.465663,-0.441628,-0.487694,79.203923,80.185481,
37.792774,0.125090,0.681492,-0.047034,-0.719520,0.529052,0.469046,-0.499049,-0.501049,0.591842,0.465663,-0.441628,-0.487694,79.190598,80.185481,
38.051964,0.209398,0.656247,-0.123234,-0.714357,0.532045,0.467919,-0.495974,-0.501986,0.593636,0.463496,-0.439470,-0.489524,65.884196,67.094156,
38.293029,0.442767,0.539151,-0.356422,-0.621480,0.532079,0.469953,-0.496006,-0.500014,0.593636,0.463496,-0.439470,-0.489524,24.164530,26.010191,
38.545268,0.548070,0.451882,-0.469917,-0.524023,0.527692,0.475623,-0.499655,-0.495650,0.591842,0.465663,-0.441628,-0.487694,0.822231,2.786527,
38.785572,0.553435,0.449353,-0.473372,-0.517407,0.531593,0.473528,-0.501559,-0.491548,0.591866,0.467684,-0.441646,-0.485711,0.494735,1.728158,
39.045402,0.494097,0.506075,-0.404261,-0.579940,0.530077,0.467951,-0.502020,-0.498012,0.593141,0.465111,-0.441105,-0.487116,14.572994,16.027739,
39.287048,0.343038,0.609067,-0.247027,-0.671074,0.531550,0.469486,-0.499517,-0.497515,0.593664,0.465521,-0.439492,-0.487545,44.085827,45.162976,
39.543932,0.231297,0.657844,-0.145186,-0.701900,0.530961,0.466965,-0.506962,-0.492964,0.591842,0.465663,-0.441628,-0.487694,63.419562,63.365592,
39.785801,0.151229,0.680030,-0.069105,-0.714082,0.533396,0.465345,-0.509378,-0.489363,0.591842,0.465663,-0.441628,-0.487694,76.988182,76.197661,
40.048786,0.133124,0.681634,-0.051047,-0.717668,0.531962,0.465842,-0.509922,-0.489886,0.591814,0.463637,-0.441607,-0.489673,79.825678,79.157007,
40.289683,0.129051,0.681268,-0.043017,-0.719283,0.533347,0.463301,-0.511332,-0.489318,0.593113,0.463088,-0.441084,-0.489093,81.133939,80.248331,
40.549113,0.131172,0.679894,-0.047062,-0.719947,0.533862,0.461746,-0.509824,-0.491794,0.593113,0.463088,-0.441084,-0.489093,80.513022,79.765613,
40.785676,0.316143,0.617232,-0.221802,-0.685479,0.535309,0.461267,-0.507293,-0.493285,0.594124,0.461874,-0.437828,-0.491931,50.029061,49.612243,
41.049251,0.479088,0.521628,-0.367672,-0.602658,0.533901,0.461779,-0.503850,-0.497840,0.595418,0.461324,-0.437307,-0.491345,20.470252,21.016653,
41.285610,0.555791,0.447637,-0.469668,-0.519740,0.529563,0.469499,-0.505537,-0.493524,0.593664,0.465521,-0.439492,-0.487545,0.827320,1.855763,
41.540756,0.543412,0.461350,-0.455345,-0.533404,0.530060,0.467936,-0.506012,-0.493988,0.595452,0.463351,-0.437332,-0.489371,4.043538,4.967873,
41.782465,0.443336,0.551418,-0.347263,-0.615467,0.533479,0.467420,-0.501451,-0.495445,0.595972,0.463757,-0.435711,-0.489799,25.862516,26.561223,
42.045253,0.251575,0.646477,-0.149341,-0.704610,0.535412,0.465358,-0.499385,-0.497383,0.597781,0.463606,-0.433567,-0.489640,60.922707,61.169627,
42.282328,0.171262,0.672026,-0.079121,-0.716094,0.531516,0.467454,-0.501487,-0.497483,0.595972,0.463757,-0.435711,-0.489799,73.310893,73.590405,
42.539980,0.139019,0.679094,-0.049007,-0.719099,0.530986,0.466988,-0.500987,-0.498987,0.597262,0.463203,-0.435191,-0.489214,78.322154,78.773236,
42.784267,0.133186,0.679949,-0.039054,-0.720004,0.529548,0.467484,-0.501519,-0.499517,0.595972,0.463757,-0.435711,-0.489799,79.490830,79.951636,
43.041891,0.165230,0.665926,-0.071099,-0.724007,0.533944,0.463820,-0.497880,-0.501887,0.597815,0.461629,-0.435594,-0.489667,74.275066,75.058362,
43.283241,0.334455,0.607644,-0.232010,-0.681968,0.533892,0.461772,-0.495829,-0.505845,0.597748,0.461577,-0.433542,-0.491615,45.966367,47.117057,
43.543483,0.545521,0.461440,-0.445425,-0.539515,0.527605,0.469538,-0.497571,-0.503577,0.597195,0.463151,-0.433141,-0.491160,3.579658,5.554270,
43.781371,0.559572,0.445455,-0.467478,-0.519531,0.524181,0.470059,-0.500127,-0.504136,0.595418,0.465327,-0.435306,-0.489344,-0.676969,1.420358,
44.047051,0.529452,0.475406,-0.435372,-0.551471,0.521632,0.467566,-0.501607,-0.507615,0.594157,0.463904,-0.437853,-0.489954,6.302226,8.618920,
44.286279,0.352565,0.602257,-0.252688,-0.670174,0.523575,0.465511,-0.501551,-0.507558,0.594124,0.461874,-0.437828,-0.491931,41.975771,43.654810,
44.545114,0.181172,0.669636,-0.097092,-0.713678,0.521594,0.465530,-0.507578,-0.503573,0.592337,0.464047,-0.439993,-0.490106,70.555412,71.372329,
44.781297,0.143245,0.678158,-0.061104,-0.718226,0.523487,0.461429,-0.509474,-0.503468,0.593662,0.461514,-0.441492,-0.489546,77.106348,77.746236,
45.043240,0.129041,0.679213,-0.043014,-0.721227,0.525466,0.461409,-0.509452,-0.501444,0.593662,0.461514,-0.441492,-0.489546,79.952080,80.389220,
45.285211,0.135277,0.678387,-0.049100,-0.720473,0.524063,0.463941,-0.508030,-0.502018,0.593662,0.461514,-0.441492,-0.489546,78.608140,79.381836,
45.536528,0.273490,0.630129,-0.179321,-0.704262,0.529331,0.457286,-0.503315,-0.507318,0.593602,0.461468,-0.439446,-0.491499,56.181633,57.072902,
45.758959,0.495620,0.505632,-0.391490,-0.587735,0.525472,0.461415,-0.503452,-0.507456,0.593602,0.461468,-0.439446,-0.491499,15.271667,16.943300,
46.000256,0.557635,0.447510,-0.465530,-0.521594,0.521147,0.469132,-0.505142,-0.503142,0.593053,0.463042,-0.439040,-0.491044,0.005355,1.931535,
46.240582,0.545143,0.459120,-0.451118,-0.537141,0.525102,0.469091,-0.499097,-0.505098,0.595900,0.459695,-0.435658,-0.493746,2.868985,5.082545,
46.487412,0.420230,0.557978,-0.324406,-0.637831,0.530107,0.469981,-0.496036,-0.502048,0.595967,0.459746,-0.437711,-0.491798,29.192838,31.241229,
46.739373,0.287318,0.627695,-0.191212,-0.697772,0.535967,0.467844,-0.491887,-0.501905,0.595380,0.459293,-0.437279,-0.493315,53.474556,54.801961,
46.986935,0.183353,0.668286,-0.097187,-0.714374,0.531550,0.469486,-0.499517,-0.497515,0.593602,0.461468,-0.439446,-0.491499,70.601445,71.270585,
47.240943,0.141112,0.677535,-0.057045,-0.719569,0.533543,0.471480,-0.497507,-0.495505,0.592363,0.462063,-0.442017,-0.490128,77.397480,78.161465,
47.487023,0.127071,0.681383,-0.045025,-0.719404,0.529684,0.477617,-0.495640,-0.495640,0.591290,0.463227,-0.443217,-0.489240,78.863620,80.281903,
47.741890,0.127061,0.679328,-0.045022,-0.721348,0.529158,0.477142,-0.495148,-0.497148,0.591290,0.463227,-0.443217,-0.489240,78.730708,80.311597,
47.984953,0.253355,0.641901,-0.159223,-0.705990,0.533543,0.471480,-0.495505,-0.497507,0.595504,0.459389,-0.441374,-0.489414,59.255984,60.849466,
48.238487,0.455479,0.535563,-0.359378,-0.613645,0.529153,0.477138,-0.493143,-0.499145,0.593626,0.459485,-0.441466,-0.491518,21.928959,24.523295,
48.477407,0.549408,0.451335,-0.467347,-0.525390,0.525239,0.479218,-0.499227,-0.495225,0.591290,0.463227,-0.443217,-0.489240,0.602173,2.978306,
48.737266,0.518821,0.480834,-0.432850,-0.558807,0.529175,0.479158,-0.497164,-0.493163,0.593602,0.461468,-0.439446,-0.491499,8.174026,10.240767,
48.978659,0.407245,0.565340,-0.321193,-0.641386,0.531605,0.473539,-0.497567,-0.495564,0.593564,0.459437,-0.439418,-0.493469,31.140097,32.684606,
49.235199,0.237286,0.651787,-0.153185,-0.703849,0.531620,0.475555,-0.499583,-0.491574,0.593564,0.459437,-0.439418,-0.493469,61.436506,62.176739,
49.482402,0.153073,0.675320,-0.077037,-0.717340,0.533054,0.475048,-0.499051,-0.491050,0.593042,0.459032,-0.441031,-0.493035,74.919110,75.526180,
49.741043,0.129167,0.677878,-0.051066,-0.721935,0.535528,0.473467,-0.495489,-0.493487,0.594110,0.457855,-0.439821,-0.493923,78.877705,79.608008,
49.982271,0.123110,0.677606,-0.045040,-0.723647,0.534969,0.470973,-0.498971,-0.492971,0.594110,0.457855,-0.439821,-0.493923,80.190039,80.610442,
50.239171,0.119185,0.678052,-0.041064,-0.724123,0.537427,0.469373,-0.499397,-0.491390,0.594110,0.457855,-0.439821,-0.493923,81.183748,81.256098,
50.476104,0.201039,0.655127,-0.115022,-0.719140,0.539831,0.463714,-0.497766,-0.495763,0.595881,0.455674,-0.437647,-0.495733,68.398384,68.522133,
50.740375,0.459380,0.525434,-0.359297,-0.619512,0.537371,0.465321,-0.499345,-0.495342,0.594064,0.455817,-0.439788,-0.495888,23.152104,24.023816,
50.974680,0.549599,0.447488,-0.461503,-0.533582,0.536001,0.469878,-0.499934,-0.491919,0.593521,0.457402,-0.439386,-0.495435,2.553710,3.498488,
51.230919,0.558161,0.441919,-0.455948,-0.534111,0.545685,0.463582,-0.493619,-0.493619,0.599967,0.453731,-0.431696,-0.497802,2.580570,3.102189,
51.472250,0.468772,0.520747,-0.358826,-0.616700,0.543732,0.463624,-0.491662,-0.497670,0.599967,0.453731,-0.431696,-0.497802,22.124020,22.994160,
51.729828,0.269449,0.628047,-0.177296,-0.708181,0.545132,0.463112,-0.489118,-0.499121,0.599967,0.453731,-0.431696,-0.497802,56.991327,57.532077,
51.972110,0.173171,0.657649,-0.089088,-0.727718,0.541751,0.463643,-0.487676,-0.503699,0.598163,0.453882,-0.433843,-0.497968,71.916437,72.858085,
52.234513,0.137096,0.665465,-0.057040,-0.731511,0.539286,0.465247,-0.487258,-0.505268,0.597566,0.453429,-0.433410,-0.499473,77.181531,78.298610,
52.476813,0.121091,0.667501,-0.041031,-0.733550,0.537296,0.465256,-0.485267,-0.509280,0.598084,0.453822,-0.431782,-0.499906,79.325217,80.792138,
52.733966,0.119128,0.667715,-0.039042,-0.733786,0.539831,0.465717,-0.487751,-0.503775,0.597023,0.455017,-0.433016,-0.499019,80.238460,81.125965,
52.968230,0.135161,0.665793,-0.053063,-0.731871,0.538822,0.468845,-0.486839,-0.502834,0.599469,0.457358,-0.431337,-0.495388,77.556190,78.798035,
53.234081,0.377200,0.571303,-0.279148,-0.673357,0.541775,0.465666,-0.485695,-0.503721,0.601861,0.457655,-0.429615,-0.493707,37.592272,39.463795,
53.469218,0.519498,0.477458,-0.413396,-0.575552,0.535485,0.471427,-0.489444,-0.501455,0.600029,0.459789,-0.429737,-0.493847,9.911515,12.006141,
53.727317,0.556030,0.445826,-0.461855,-0.527978,0.535524,0.473463,-0.491481,-0.497487,0.599543,0.465422,-0.429389,-0.489444,0.737902,2.467383,
53.973572,0.526490,0.472542,-0.430583,-0.560457,0.535472,0.469414,-0.493435,-0.499441,0.601939,0.461720,-0.429670,-0.489764,7.823496,9.736794,
54.209953,0.353126,0.595213,-0.255091,-0.675242,0.537401,0.467349,-0.493368,-0.499373,0.601381,0.463294,-0.429272,-0.489310,42.380351,43.584122,
54.452782,0.195211,0.659712,-0.107116,-0.717774,0.535477,0.469418,-0.495441,-0.497443,0.603202,0.465155,-0.427143,-0.487163,68.754479,69.428065,
54.700377,0.147288,0.668307,-0.063123,-0.726421,0.537405,0.467353,-0.495374,-0.497375,0.605033,0.463025,-0.427023,-0.487026,76.560663,77.174191,
54.948976,0.127057,0.673300,-0.039017,-0.727324,0.535515,0.473456,-0.489471,-0.499481,0.605549,0.463420,-0.425386,-0.487442,79.283422,80.603945,
55.190357,0.127057,0.673300,-0.039017,-0.727324,0.536922,0.470931,-0.490928,-0.498927,0.603762,0.463585,-0.427540,-0.487616,79.619175,80.627344,
55.452761,0.213039,0.649118,-0.115021,-0.721131,0.539905,0.469787,-0.487817,-0.499837,0.606110,0.461846,-0.425780,-0.487894,66.208677,67.579491,
55.694382,0.432983,0.545499,-0.332523,-0.635913,0.541806,0.465693,-0.489728,-0.499743,0.605517,0.461394,-0.425363,-0.489418,27.839793,29.337553,
55.945330,0.551431,0.451353,-0.453355,-0.535419,0.535528,0.473467,-0.493487,-0.495489,0.604352,0.464038,-0.427957,-0.486087,2.466643,4.485162,
56.192536,0.561226,0.441177,-0.463186,-0.525211,0.539924,0.469804,-0.493845,-0.493845,0.606139,0.463872,-0.425800,-0.485913,0.752950,2.222132,
56.443633,0.469644,0.525721,-0.365501,-0.607833,0.539385,0.469335,-0.491351,-0.497355,0.606110,0.461846,-0.425780,-0.487894,20.892461,22.577872,
56.685351,0.280638,0.636180,-0.178770,-0.696103,0.537433,0.469378,-0.493398,-0.497401,0.603762,0.463585,-0.427540,-0.487616,55.494074,56.369391,
56.944221,0.189259,0.667916,-0.091125,-0.713979,0.531546,0.469482,-0.495509,-0.501515,0.603245,0.463188,-0.429174,-0.487198,70.128853,71.278812,
57.184941,0.140994,0.674972,-0.042998,-0.722970,0.535980,0.467855,-0.495906,-0.497910,0.603762,0.463585,-0.427540,-0.487616,78.612997,79.070488,
57.446909,0.137289,0.674419,-0.037078,-0.724525,0.534877,0.464893,-0.496886,-0.500885,0.603762,0.463585,-0.427540,-0.487616,79.365366,79.865920,
57.678142,0.221293,0.649860,-0.115152,-0.717950,0.535939,0.465816,-0.493865,-0.501879,0.605549,0.463420,-0.425386,-0.487442,65.698889,66.693502,
57.940001,0.433645,0.553824,-0.321478,-0.633943,0.535898,0.463777,-0.493827,-0.503844,0.605517,0.461394,-0.425363,-0.489418,28.580331,30.116258,
58.172980,0.555967,0.457796,-0.447779,-0.529922,0.530086,0.469963,-0.492008,-0.506036,0.603762,0.463585,-0.427540,-0.487616,1.758311,4.325133,
58.432624,0.567778,0.445611,-0.461633,-0.515707,0.529065,0.471057,-0.493060,-0.505062,0.603762,0.463585,-0.427540,-0.487616,-1.227252,1.338332,
58.675137,0.481529,0.527580,-0.367404,-0.595654,0.525643,0.473579,-0.489599,-0.509623,0.603762,0.463585,-0.427540,-0.487616,17.661199,20.855358,
58.925914,0.314420,0.627842,-0.198634,-0.683739,0.527643,0.473577,-0.491599,-0.505616,0.603762,0.463585,-0.427540,-0.487616,49.467267,51.644401,
59.155723,0.217110,0.657333,-0.109055,-0.713361,0.529599,0.471533,-0.493558,-0.503569,0.603833,0.463639,-0.429592,-0.485670,65.807718,67.681895,
59.420154,0.163205,0.671843,-0.061077,-0.719903,0.531571,0.471507,-0.493530,-0.501539,0.603833,0.463639,-0.429592,-0.485670,74.501363,76.014281,
59.635731,0.137090,0.673441,-0.037024,-0.725475,0.533507,0.469446,-0.493469,-0.501477,0.603833,0.463639,-0.429592,-0.485670,78.815188,80.156362,
59.886272,0.145260,0.670201,-0.047084,-0.726301,0.533496,0.469437,-0.491457,-0.503468,0.603762,0.463585,-0.427540,-0.487616,77.082527,78.461552,
