0.000000,0.407025,-0.417218,0.580917,-0.568151,-0.160072,-0.693658,0.125578,-0.690975,0.168422,0.684864,-0.154837,0.691824,-0.099176,-0.699035,0.072181,-0.704489,-0.081827,-0.135412,0.082223,-0.096407
0.295579,0.407025,-0.417218,0.580917,-0.568151,-0.160072,-0.693658,0.125578,-0.690975,0.168422,0.684864,-0.154837,0.691824,-0.099176,-0.699035,0.072181,-0.704489,-0.081827,-0.135412,0.082223,-0.096407
0.425320,0.407025,-0.417218,0.580917,-0.568151,-0.160072,-0.693658,0.125578,-0.690975,0.168422,0.684864,-0.154837,0.691824,-0.099176,-0.699035,0.072181,-0.704489,-0.081827,-0.135412,0.082223,-0.096407
0.507282,0.407025,-0.417218,0.580917,-0.568151,-0.160072,-0.693658,0.125578,-0.690975,0.168422,0.684864,-0.154837,0.691824,-0.099176,-0.699035,0.072181,-0.704489,-0.081827,-0.135412,0.082223,-0.096407
0.583742,0.407025,-0.417218,0.580917,-0.568151,-0.160072,-0.693658,0.125578,-0.690975,0.168422,0.684864,-0.154837,0.691824,-0.099176,-0.699035,0.072181,-0.704489,-0.081827,-0.135412,0.082223,-0.096407
0.668030,0.407025,-0.417218,0.580917,-0.568151,-0.160072,-0.693658,0.125578,-0.690975,0.168422,0.684864,-0.154837,0.691824,-0.099176,-0.699035,0.072181,-0.704489,-0.081827,-0.135412,0.082223,-0.096407
0.740330,0.407025,-0.417218,0.580917,-0.568151,-0.160072,-0.693658,0.125578,-0.690975,0.168422,0.684864,-0.154837,0.691824,-0.099176,-0.699035,0.072181,-0.704489,-0.081827,-0.135412,0.082223,-0.096407
0.804633,0.407025,-0.417218,0.580917,-0.568151,-0.160072,-0.693658,0.125578,-0.690975,0.168422,0.684864,-0.154837,0.691824,-0.099176,-0.699035,0.072181,-0.704489,-0.081827,-0.135412,0.082223,-0.096407
0.869889,0.407025,-0.417218,0.580917,-0.568151,-0.160072,-0.693658,0.125578,-0.690975,0.168422,0.684864,-0.154837,0.691824,-0.099176,-0.699035,0.072181,-0.704489,-0.081827,-0.135412,0.082223,-0.096407
0.933779,0.407025,-0.417218,0.580917,-0.568151,-0.160072,-0.693658,0.125578,-0.690975,0.168422,0.684864,-0.154837,0.691824,-0.099176,-0.699035,0.072181,-0.704489,-0.081827,-0.135412,0.082223,-0.096407
0.998140,0.407025,-0.417218,0.580917,-0.568151,-0.160072,-0.693658,0.125578,-0.690975,0.168422,0.684864,-0.154837,0.691824,-0.099176,-0.699035,0.072181,-0.704489,-0.081827,-0.135412,0.082223,-0.096407
1.064104,0.407025,-0.417218,0.580917,-0.568151,-0.160072,-0.693658,0.125578,-0.690975,0.168422,0.684864,-0.154837,0.691824,-0.099176,-0.699035,0.072181,-0.704489,-0.081827,-0.135412,0.082223,-0.096407
1.130678,0.407025,-0.417218,0.580917,-0.568151,-0.160072,-0.693658,0.125578,-0.690975,0.168422,0.684864,-0.154837,0.691824,-0.099176,-0.699035,0.072181,-0.704489,-0.081827,-0.135412,0.082223,-0.096407
1.384693,0.407025,-0.417218,0.580917,-0.568151,-0.160072,-0.693658,0.125578,-0.690975,0.168422,0.684864,-0.154837,0.691824,-0.099176,-0.699035,0.072181,-0.704489,-0.081827,-0.135412,0.082223,-0.096407
1.648286,0.407025,-0.417218,0.580917,-0.568151,-0.160072,-0.693658,0.125578,-0.690975,0.168422,0.684864,-0.154837,0.691824,-0.099176,-0.699035,0.072181,-0.704489,-0.081827,-0.135412,0.082223,-0.096407
1.949389,0.407025,-0.417218,0.580917,-0.568151,-0.160072,-0.693658,0.125578,-0.690975,0.168422,0.684864,-0.154837,0.691824,-0.099176,-0.699035,0.072181,-0.704489,-0.081827,-0.135412,0.082223,-0.096407
2.225259,0.407025,-0.417218,0.580917,-0.568151,-0.160072,-0.693658,0.125578,-0.690975,0.168422,0.684864,-0.154837,0.691824,-0.099176,-0.699035,0.072181,-0.704489,-0.081827,-0.135412,0.082223,-0.096407
2.494712,0.407025,-0.417218,0.580917,-0.568151,-0.160072,-0.693658,0.125578,-0.690975,0.168422,0.684864,-0.154837,0.691824,-0.099176,-0.699035,0.072181,-0.704489,-0.081827,-0.135412,0.082223,-0.093495
2.775701,0.407025,-0.417218,0.580917,-0.568151,-0.160007,-0.693494,0.127535,-0.690796,0.168422,0.684864,-0.154837,0.691824,-0.099176,-0.699035,0.072181,-0.704489,-0.084461,-0.135412,0.082223,-0.092737
3.054847,0.407025,-0.417218,0.580917,-0.568151,-0.160007,-0.693494,0.127535,-0.690796,0.168342,0.684611,-0.156772,0.691658,-0.099259,-0.700034,0.072293,-0.703473,-0.084461,-0.138013,0.081989,-0.096406
3.330267,0.407025,-0.417218,0.580917,-0.568151,-0.160007,-0.693494,0.127535,-0.690796,0.176453,0.683329,-0.161008,0.689929,-0.099259,-0.700034,0.072293,-0.703473,-0.084461,-0.156145,0.081989,-0.101784
3.625049,0.407025,-0.417218,0.580917,-0.568151,-0.160007,-0.693494,0.127535,-0.690796,0.200668,0.674947,-0.193691,0.683127,-0.099259,-0.700034,0.072293,-0.703473,-0.084461,-0.239035,0.081989,-0.101784
3.890685,0.407025,-0.417218,0.580917,-0.568151,-0.160007,-0.693494,0.127535,-0.690796,0.200668,0.674947,-0.193691,0.683127,-0.099259,-0.700034,0.072293,-0.703473,-0.084461,-0.239035,0.081989,-0.101784
4.176609,0.407025,-0.417218,0.580917,-0.568151,-0.160007,-0.693494,0.127535,-0.690796,0.200668,0.674947,-0.193691,0.683127,-0.099259,-0.700034,0.072293,-0.703473,-0.084461,-0.239035,0.081989,-0.101784
4.448155,0.407025,-0.417218,0.580917,-0.568151,-0.160007,-0.693494,0.127535,-0.690796,0.200668,0.674947,-0.193691,0.683127,-0.099259,-0.700034,0.072293,-0.703473,-0.084461,-0.239035,0.081989,-0.101784
4.749108,0.407025,-0.417218,0.580917,-0.568151,-0.160007,-0.693494,0.127535,-0.690796,0.200668,0.674947,-0.193691,0.683127,-0.440100,-0.569225,0.421042,-0.552285,-0.084461,-0.239035,-0.983613,-0.181606
5.014094,0.407025,-0.417218,0.580917,-0.568151,-0.507551,-0.520628,0.481851,-0.489037,0.512143,0.498510,-0.501950,0.487076,-0.460418,-0.552605,0.441807,-0.536143,-1.224359,-1.273063,-1.057917,-1.089646
5.293281,0.407025,-0.417218,0.580917,-0.568151,-0.525260,-0.503396,0.498891,-0.470958,0.526980,0.485768,-0.513557,0.471784,-0.485789,-0.531213,0.467811,-0.512811,-1.294439,-1.327601,-1.154208,-1.173703
5.574236,0.407025,-0.417218,0.580917,-0.568151,-0.547119,-0.476655,0.524653,-0.445196,0.556262,0.451611,-0.542231,0.438868,-0.507440,-0.510132,0.492150,-0.489958,-1.394612,-1.452992,-1.244070,-1.256701
5.870369,0.407025,-0.417218,0.580917,-0.568151,-0.556916,-0.457159,0.541427,-0.433252,0.564986,0.432178,-0.559301,0.425670,-0.520985,-0.494511,0.508173,-0.475178,-1.452814,-1.511748,-1.304005,-1.311743
6.130004,0.407025,-0.417218,0.580917,-0.568151,-0.561213,-0.451639,0.546135,-0.427550,0.569211,0.426458,-0.563779,0.419863,-0.525215,-0.491031,0.512591,-0.469348,-1.473148,-1.532173,-1.321936,-1.328415
6.427467,0.407025,-0.417218,0.580917,-0.568151,-0.561213,-0.451639,0.546135,-0.427550,0.569211,0.426458,-0.563779,0.419863,-0.525730,-0.489500,0.513137,-0.469774,-1.473148,-1.532173,-1.324130,-1.330423
6.689991,0.407025,-0.417218,0.580917,-0.568151,-0.561213,-0.451639,0.546135,-0.427550,0.569211,0.426458,-0.563779,0.419863,-0.525285,-0.489011,0.512637,-0.471326,-1.473148,-1.532173,-1.322147,-1.328541
6.986973,0.407025,-0.417218,0.580917,-0.568151,-0.561213,-0.451639,0.546135,-0.427550,0.569211,0.426458,-0.563779,0.419863,-0.527609,-0.487497,0.515083,-0.467617,-1.473148,-1.532173,-1.332119,-1.337924
7.246809,0.407025,-0.417218,0.580917,-0.568151,-0.563385,-0.447858,0.548469,-0.425680,0.569211,0.426458,-0.563779,0.419863,-0.527609,-0.487497,0.515083,-0.467617,-1.483401,-1.532173,-1.332119,-1.337924
7.544216,0.407025,-0.417218,0.580917,-0.568151,-0.563385,-0.447858,0.548469,-0.425680,0.569211,0.426458,-0.563779,0.419863,-0.527609,-0.487497,0.515083,-0.467617,-1.483401,-1.532173,-1.332119,-1.337924
7.812226,0.407025,-0.417218,0.580917,-0.568151,-0.480541,-0.530093,0.468993,-0.517810,0.497864,0.499186,-0.498224,0.504694,-0.461901,-0.546070,0.449326,-0.535314,-1.146176,-1.236589,-1.074256,-1.104606
8.102255,0.407025,-0.417218,0.580917,-0.568151,-0.418660,-0.577818,0.400813,-0.574629,0.397454,0.576648,-0.397248,0.593044,-0.357944,-0.619029,0.341709,-0.609847,-0.910254,-0.866826,-0.709164,-0.779611
8.366016,0.407025,-0.417218,0.580917,-0.568151,-0.306667,-0.643106,0.283206,-0.642000,0.308687,0.628984,-0.299496,0.647606,-0.254183,-0.665359,0.229678,-0.663277,-0.535009,-0.562797,-0.372969,-0.484503
8.656484,0.407025,-0.417218,0.580917,-0.568151,-0.229464,-0.669260,0.211076,-0.674451,0.243827,0.652256,-0.242907,0.675357,-0.171762,-0.688188,0.147798,-0.689239,-0.307895,-0.376055,-0.130484,-0.283621
8.927405,0.407025,-0.417218,0.580917,-0.568151,-0.184125,-0.678787,0.160055,-0.692624,0.197706,0.665437,-0.191430,0.693874,-0.129489,-0.694464,0.104022,-0.700095,-0.166455,-0.231164,-0.006529,-0.218227
9.226878,0.407025,-0.417218,0.580917,-0.568151,-0.168250,-0.685958,0.135739,-0.694786,0.179262,0.673686,-0.162731,0.698234,-0.113288,-0.697691,0.084094,-0.702368,-0.108509,-0.162859,0.045008,-0.114295
9.487558,0.407025,-0.417218,0.580917,-0.568151,-0.160303,-0.687448,0.127569,-0.696738,0.166831,0.678240,-0.152318,0.699254,-0.101157,-0.698929,0.072145,-0.704315,-0.085223,-0.129530,0.079356,-0.079941
9.783126,0.407025,-0.417218,0.580917,-0.568151,-0.158160,-0.688845,0.125406,-0.696241,0.166680,0.680274,-0.152418,0.697290,-0.099172,-0.699113,0.070197,-0.704612,-0.078965,-0.129434,0.084959,-0.081687
10.047762,0.407025,-0.417218,0.580917,-0.568151,-0.158256,-0.689637,0.127585,-0.695039,0.166601,0.680026,-0.154353,0.697125,-0.101157,-0.698929,0.072145,-0.704315,-0.082089,-0.132015,0.079356,-0.082388
10.341972,0.407025,-0.417218,0.580917,-0.568151,-0.160205,-0.689469,0.127559,-0.694763,0.166875,0.681209,-0.152756,0.696256,-0.101157,-0.698929,0.072145,-0.704315,-0.084975,-0.130196,0.079356,-0.082388
10.610199,0.407025,-0.417218,0.580917,-0.568151,-0.159944,-0.690531,0.127325,-0.693810,0.168460,0.682158,-0.152466,0.695008,-0.101157,-0.698929,0.072145,-0.704315,-0.084213,-0.132168,0.079356,-0.081623
10.906391,0.407025,-0.417218,0.580917,-0.568151,-0.159944,-0.690531,0.127325,-0.693810,0.168460,0.682158,-0.152466,0.695008,-0.101157,-0.698929,0.072145,-0.704315,-0.084213,-0.132168,0.079356,-0.081623
11.166776,0.407025,-0.417218,0.580917,-0.568151,-0.159944,-0.690531,0.127325,-0.693810,0.166448,0.682054,-0.154452,0.695156,-0.101157,-0.698929,0.072145,-0.704315,-0.084213,-0.131922,0.079356,-0.082360
11.461126,0.407025,-0.417218,0.580917,-0.568151,-0.160107,-0.691484,0.127547,-0.692782,0.166643,0.682988,-0.154792,0.694116,-0.101157,-0.698929,0.072145,-0.704315,-0.084721,-0.132689,0.079356,-0.082360
11.732309,0.407025,-0.417218,0.580917,-0.568151,-0.164033,-0.691757,0.131629,-0.690825,0.170545,0.683119,-0.158898,0.692109,-0.113288,-0.697691,0.084094,-0.702368,-0.096238,-0.144309,0.045008,-0.092966
12.022716,0.407025,-0.417218,0.580917,-0.568151,-0.164033,-0.691757,0.131629,-0.690825,0.228823,0.673862,-0.215172,0.668768,-0.113288,-0.697691,0.084094,-0.702368,-0.096238,-0.312797,0.045008,-0.095871
12.299453,0.407025,-0.417218,0.580917,-0.568151,-0.164033,-0.691757,0.131629,-0.690825,0.322343,0.641188,-0.303430,0.626819,-0.113288,-0.697691,0.084094,-0.702368,-0.096238,-0.590968,0.045008,-0.095871
12.579114,0.407025,-0.417218,0.580917,-0.568151,-0.164033,-0.691757,0.131629,-0.690825,0.408026,0.588584,-0.391533,0.577741,-0.117335,-0.698131,0.090081,-0.700522,-0.096238,-0.875882,0.030808,-0.095810
12.851017,0.407025,-0.417218,0.580917,-0.568151,-0.164033,-0.691757,0.131629,-0.690825,0.493282,0.521268,-0.478358,0.506088,-0.451755,-0.559214,0.430877,-0.545474,-0.096238,-1.188903,-1.022290,-0.182082
13.145586,0.407025,-0.417218,0.580917,-0.568151,-0.164033,-0.691757,0.131629,-0.690825,0.533529,0.476335,-0.522368,0.464310,-0.491473,-0.525135,0.473632,-0.508292,-0.096238,-1.359878,-1.176341,-0.244793
13.411515,0.407025,-0.417218,0.580917,-0.568151,-0.547480,-0.470999,0.529081,-0.445532,0.556024,0.445248,-0.547757,0.438810,-0.509920,-0.506712,0.494723,-0.488338,-1.404754,-1.464708,-1.254185,-1.265336
13.702114,0.407025,-0.417218,0.580917,-0.568151,-0.555223,-0.459293,0.539577,-0.435470,0.563031,0.436156,-0.555172,0.429590,-0.521067,-0.494480,0.506212,-0.477209,-1.444883,-1.497667,-1.300190,-1.308011
13.969253,0.407025,-0.417218,0.580917,-0.568151,-0.557433,-0.455547,0.541948,-0.433633,0.564681,0.433978,-0.556918,0.427364,-0.521499,-0.492988,0.508718,-0.475613,-1.455125,-1.505531,-1.306176,-1.313632
14.255730,0.407025,-0.417218,0.580917,-0.568151,-0.559544,-0.453790,0.544308,-0.429784,0.567299,0.430465,-0.559692,0.423812,-0.525285,-0.489011,0.512637,-0.471326,-1.465223,-1.518099,-1.322147,-1.328443
14.536582,0.407025,-0.417218,0.580917,-0.568151,-0.560785,-0.451258,0.545614,-0.429176,0.567299,0.430465,-0.559692,0.423812,-0.527707,-0.487478,0.513135,-0.469663,-1.470973,-1.518099,-1.328303,-1.334203
14.814589,0.407025,-0.417218,0.580917,-0.568151,-0.561078,-0.449567,0.548033,-0.427481,0.568923,0.428274,-0.561413,0.421573,-0.527707,-0.487478,0.513135,-0.469663,-1.477066,-1.525948,-1.328303,-1.334353
15.093020,0.407025,-0.417218,0.580917,-0.568151,-0.562445,-0.449107,0.547431,-0.426940,0.569481,0.426599,-0.561875,0.421902,-0.527164,-0.487011,0.514583,-0.469172,-1.478885,-1.528344,-1.330129,-1.336032
15.377539,0.407025,-0.417218,0.580917,-0.568151,-0.562445,-0.449107,0.547431,-0.426940,0.551972,0.438667,-0.550779,0.446700,-0.519578,-0.492975,0.508752,-0.477688,-1.478885,-1.462265,-1.302211,-1.309237
15.652127,0.407025,-0.417218,0.580917,-0.568151,-0.509565,-0.502902,0.498130,-0.489183,0.495218,0.491821,-0.502897,0.509867,-0.420211,-0.578368,0.406794,-0.568711,-1.260173,-1.240564,-0.923207,-0.970131
15.946210,0.407025,-0.417218,0.580917,-0.568151,-0.326598,-0.632430,0.306034,-0.632225,0.356305,0.594938,-0.362155,0.622847,-0.291941,-0.647834,0.271332,-0.649200,-0.601907,-0.738756,-0.493682,-0.646732
16.207537,0.407025,-0.417218,0.580917,-0.568151,-0.201959,-0.672168,0.188562,-0.686912,0.213880,0.653854,-0.223607,0.690457,-0.173913,-0.684358,0.153872,-0.691182,-0.233679,-0.301589,-0.142300,-0.264754
16.506520,0.407025,-0.417218,0.580917,-0.568151,-0.176066,-0.683614,0.141702,-0.693969,0.175261,0.675438,-0.152584,0.699846,-0.115329,-0.695455,0.086077,-0.704012,-0.128630,-0.142692,0.039168,-0.113993
16.769035,0.407025,-0.417218,0.580917,-0.568151,-0.166312,-0.687882,0.127711,-0.694873,0.166794,0.680304,-0.144328,0.698953,-0.103296,-0.697724,0.074251,-0.704980,-0.094416,-0.118368,0.073259,-0.085830
17.058959,0.407025,-0.417218,0.580917,-0.568151,-0.164099,-0.689125,0.127505,-0.694205,0.164783,0.680208,-0.146318,0.699110,-0.103296,-0.697724,0.074251,-0.704980,-0.090746,-0.118092,0.073259,-0.085313
17.328610,0.407025,-0.417218,0.580917,-0.568151,-0.162087,-0.689134,0.129487,-0.694302,0.162618,0.682138,-0.148405,0.697293,-0.103296,-0.697724,0.074251,-0.704980,-0.090475,-0.117721,0.073259,-0.082372
17.620121,0.407025,-0.417218,0.580917,-0.568151,-0.166146,-0.689736,0.129657,-0.692712,0.164631,0.682240,-0.146417,0.697142,-0.103296,-0.697724,0.074251,-0.704980,-0.096759,-0.117976,0.073259,-0.085283
17.890905,0.407025,-0.417218,0.580917,-0.568151,-0.177994,-0.688403,0.141889,-0.688685,0.188917,0.676343,-0.173222,0.690553,-0.123428,-0.696497,0.094093,-0.700575,-0.131571,-0.192188,0.016216,-0.142163
18.177482,0.407025,-0.417218,0.580917,-0.568151,-0.247029,-0.673887,0.215394,-0.662162,0.271168,0.658279,-0.256405,0.653753,-0.199872,-0.680950,0.175641,-0.682282,-0.341025,-0.438698,-0.212129,-0.333403
18.447224,0.407025,-0.417218,0.580917,-0.568151,-0.345854,-0.636653,0.310282,-0.615454,0.336440,0.633478,-0.309440,0.624308,-0.304334,-0.647508,0.279834,-0.640161,-0.639892,-0.623204,-0.526159,-0.623664
18.740672,0.407025,-0.417218,0.580917,-0.568151,-0.439456,-0.578220,0.406875,-0.554069,0.435129,0.568749,-0.415322,0.560976,-0.393999,-0.598784,0.376162,-0.587132,-0.958037,-0.964633,-0.825961,-0.861036
19.008821,0.407025,-0.417218,0.580917,-0.568151,-0.495876,-0.528139,0.471222,-0.503116,0.493506,0.519268,-0.476157,0.509988,-0.428632,-0.573427,0.415412,-0.561149,-1.180566,-1.185116,-0.953075,-1.002033
19.301195,0.407025,-0.417218,0.580917,-0.568151,-0.509597,-0.514741,0.485989,-0.489048,0.514300,0.496596,-0.499855,0.488909,-0.473944,-0.538818,0.459686,-0.523202,-1.236491,-1.273296,-1.116138,-1.141274
19.568670,0.407025,-0.417218,0.580917,-0.568151,-0.540108,-0.482975,0.516924,-0.455860,0.549839,0.459001,-0.533136,0.450291,-0.500059,-0.514322,0.486561,-0.498670,-1.362926,-1.418579,-1.218216,-1.232656
19.863934,0.407025,-0.417218,0.580917,-0.568151,-0.553299,-0.465128,0.533338,-0.439394,0.556983,0.447968,-0.542597,0.441228,-0.511369,-0.500357,0.502268,-0.485666,-1.426957,-1.455404,-1.272131,-1.281938
20.133383,0.407025,-0.417218,0.580917,-0.568151,-0.559240,-0.455471,0.541878,-0.431470,0.564616,0.435901,-0.552605,0.431076,-0.519066,-0.494497,0.508206,-0.477252,-1.459138,-1.495492,-1.300047,-1.307840
20.418120,0.407025,-0.417218,0.580917,-0.568151,-0.561431,-0.451707,0.544230,-0.429616,0.564933,0.434110,-0.554996,0.429393,-0.519494,-0.493004,0.510712,-0.475653,-1.469385,-1.501697,-1.306041,-1.313529
20.691288,0.407025,-0.417218,0.580917,-0.568151,-0.561431,-0.451707,0.544230,-0.429616,0.567558,0.430601,-0.557777,0.425846,-0.523818,-0.489496,0.513182,-0.471861,-1.469385,-1.514266,-1.320169,-1.326663
20.975560,0.407025,-0.417218,0.580917,-0.568151,-0.563385,-0.447858,0.548469,-0.425680,0.567438,0.428457,-0.559579,0.425804,-0.523280,-0.489027,0.514630,-0.471367,-1.483401,-1.518151,-1.322012,-1.328411
21.249099,0.407025,-0.417218,0.580917,-0.568151,-0.564748,-0.447397,0.547863,-0.425138,0.567438,0.428457,-0.559579,0.425804,-0.523280,-0.489027,0.514630,-0.471367,-1.485218,-1.518151,-1.322012,-1.328411
21.537458,0.407025,-0.417218,0.580917,-0.568151,-0.564094,-0.446951,0.549238,-0.424701,0.567438,0.428457,-0.559579,0.425804,-0.523280,-0.489027,0.514630,-0.471367,-1.486787,-1.518151,-1.322012,-1.328446
21.808192,0.407025,-0.417218,0.580917,-0.568151,-0.564094,-0.446951,0.549238,-0.424701,0.567438,0.428457,-0.559579,0.425804,-0.523280,-0.489027,0.514630,-0.471367,-1.486787,-1.518151,-1.322012,-1.328446
22.100726,0.407025,-0.417218,0.580917,-0.568151,-0.551152,-0.459030,0.539167,-0.441386,0.529144,0.465185,-0.526579,0.475734,-0.489568,-0.521293,0.479760,-0.508337,-1.434709,-1.359247,-1.184236,-1.200884
22.373080,0.407025,-0.417218,0.580917,-0.568151,-0.551152,-0.459030,0.539167,-0.441386,0.441497,0.542154,-0.440504,0.563120,-0.414391,-0.582340,0.400886,-0.573106,-1.434709,-1.020227,-0.902839,-0.918016
22.656841,0.407025,-0.417218,0.580917,-0.568151,-0.329065,-0.631200,0.304489,-0.632921,0.368656,0.590163,-0.373152,0.613643,-0.316237,-0.637632,0.299728,-0.635281,-0.603579,-0.777454,-0.575457,-0.543941
22.932544,0.407025,-0.417218,0.580917,-0.568151,-0.213583,-0.674170,0.192612,-0.680277,0.224119,0.655500,-0.224390,0.685375,-0.167796,-0.685782,0.145818,-0.693026,-0.257145,-0.318630,-0.121835,-0.304826
23.221813,0.407025,-0.417218,0.580917,-0.568151,-0.174181,-0.686181,0.137830,-0.692690,0.175011,0.674691,-0.158388,0.699340,-0.115326,-0.695355,0.088054,-0.703867,-0.120315,-0.150362,0.036451,-0.111061
23.494110,0.407025,-0.417218,0.580917,-0.568151,-0.168090,-0.689557,0.129628,-0.692426,0.166988,0.678727,-0.148441,0.699578,-0.103296,-0.697724,0.074251,-0.704980,-0.099641,-0.124381,0.073259,-0.085056
23.781813,0.407025,-0.417218,0.580917,-0.568151,-0.166078,-0.689568,0.131612,-0.692526,0.164823,0.680661,-0.150531,0.697763,-0.103296,-0.697724,0.074251,-0.704980,-0.099373,-0.124005,0.073259,-0.085313
24.057904,0.407025,-0.417218,0.580917,-0.568151,-0.164132,-0.689744,0.131641,-0.692809,0.162885,0.680801,-0.150580,0.698072,-0.101314,-0.697832,0.074287,-0.705157,-0.096494,-0.121157,0.076132,-0.081619
24.344798,0.407025,-0.417218,0.580917,-0.568151,-0.163866,-0.690807,0.131401,-0.691858,0.162542,0.681895,-0.150344,0.697134,-0.101314,-0.697832,0.074287,-0.705157,-0.095715,-0.120311,0.076132,-0.081619
24.613677,0.407025,-0.417218,0.580917,-0.568151,-0.165809,-0.690631,0.131373,-0.691576,0.162732,0.682832,-0.150679,0.696099,-0.101314,-0.697832,0.074287,-0.705157,-0.098587,-0.121063,0.076132,-0.081593
24.902245,0.407025,-0.417218,0.580917,-0.568151,-0.164132,-0.689744,0.131641,-0.692809,0.162312,0.683674,-0.152379,0.695000,-0.101314,-0.697832,0.074287,-0.705157,-0.096494,-0.122812,0.076132,-0.081593
25.171154,0.407025,-0.417218,0.580917,-0.568151,-0.164064,-0.689574,0.133594,-0.692621,0.160375,0.683811,-0.152428,0.695304,-0.101314,-0.697832,0.074287,-0.705157,-0.099111,-0.119981,0.076132,-0.081593
25.467531,0.407025,-0.417218,0.580917,-0.568151,-0.177918,-0.688219,0.143837,-0.688484,0.168577,0.682842,-0.154740,0.693804,-0.119374,-0.695882,0.092061,-0.702156,-0.134176,-0.135520,0.024979,-0.128424
25.728341,0.407025,-0.417218,0.580917,-0.568151,-0.272514,-0.668464,0.233785,-0.651335,0.253421,0.664103,-0.242272,0.660340,-0.220109,-0.676220,0.191770,-0.676390,-0.407364,-0.390211,-0.265871,-0.292412
26.021749,0.407025,-0.417218,0.580917,-0.568151,-0.379411,-0.618303,0.345516,-0.595287,0.374942,0.609817,-0.357295,0.599901,-0.284596,-0.655462,0.260091,-0.649405,-0.751332,-0.762651,-0.465278,-0.618735
26.288230,0.407025,-0.417218,0.580917,-0.568151,-0.446652,-0.573749,0.414576,-0.547211,0.459172,0.549876,-0.444672,0.537647,-0.399683,-0.596470,0.377884,-0.584534,-0.984438,-1.060715,-0.838646,-0.902653
26.592613,0.407025,-0.417218,0.580917,-0.568151,-0.446652,-0.573749,0.414576,-0.547211,0.520447,0.493065,-0.504516,0.481129,-0.456235,-0.554170,0.439527,-0.539965,-0.984438,-1.295435,-1.045992,-1.087046
26.855591,0.407025,-0.417218,0.580917,-0.568151,-0.545087,-0.478353,0.520258,-0.450988,0.547784,0.465124,-0.531485,0.448459,-0.501573,-0.513836,0.486067,-0.498132,-1.380817,-1.410497,-1.220302,-1.235262
27.139516,0.407025,-0.417218,0.580917,-0.568151,-0.557122,-0.457219,0.539511,-0.435309,0.560619,0.439762,-0.550432,0.435132,-0.517163,-0.498452,0.504219,-0.479429,-1.449048,-1.481275,-1.288039,-1.295879
27.409456,0.407025,-0.417218,0.580917,-0.568151,-0.559240,-0.455471,0.541878,-0.431470,0.563594,0.434493,-0.555639,0.429933,-0.519593,-0.494966,0.506746,-0.477746,-1.459138,-1.500042,-1.298186,-1.305848
27.697641,0.407025,-0.417218,0.580917,-0.568151,-0.563095,-0.449554,0.546052,-0.427379,0.567176,0.428321,-0.561491,0.423769,-0.525285,-0.489011,0.512637,-0.471326,-1.477306,-1.521990,-1.322147,-1.328419
27.972335,0.407025,-0.417218,0.580917,-0.568151,-0.565260,-0.445768,0.548378,-0.425504,0.567176,0.428321,-0.561491,0.423769,-0.525285,-0.489011,0.512637,-0.471326,-1.487552,-1.521990,-1.322147,-1.328458
28.267598,0.407025,-0.417218,0.580917,-0.568151,-0.565260,-0.445768,0.548378,-0.425504,0.567176,0.428321,-0.561491,0.423769,-0.525797,-0.487476,0.513181,-0.471751,-1.487552,-1.521990,-1.324334,-1.330463
28.530454,0.407025,-0.417218,0.580917,-0.568151,-0.564605,-0.445323,0.549753,-0.425065,0.567733,0.426645,-0.561953,0.424100,-0.525257,-0.487009,0.514629,-0.471258,-1.489121,-1.524380,-1.326169,-1.332148
28.825977,0.407025,-0.417218,0.580917,-0.568151,-0.564605,-0.445323,0.549753,-0.425065,0.567733,0.426645,-0.561953,0.424100,-0.525257,-0.487009,0.514629,-0.471258,-1.489121,-1.524380,-1.326169,-1.332148
29.089246,0.407025,-0.417218,0.580917,-0.568151,-0.564605,-0.445323,0.549753,-0.425065,0.560866,0.431698,-0.556344,0.435370,-0.521480,-0.490993,0.510720,-0.475552,-1.489121,-1.495299,-1.310199,-1.316697
29.386423,0.407025,-0.417218,0.580917,-0.568151,-0.488812,-0.514617,0.479622,-0.515942,0.472376,0.520637,-0.471166,0.532728,-0.451551,-0.554900,0.434654,-0.547049,-1.182391,-1.134373,-1.028571,-1.054267
29.651932,0.407025,-0.417218,0.580917,-0.568151,-0.362431,-0.604430,0.351491,-0.616248,0.377001,0.584961,-0.381790,0.608217,-0.328216,-0.632083,0.311761,-0.628928,-0.732131,-0.805799,-0.613346,-0.640956
29.947991,0.407025,-0.417218,0.580917,-0.568151,-0.233902,-0.657874,0.221380,-0.680795,0.298998,0.628859,-0.299429,0.652287,-0.173989,-0.684731,0.149981,-0.691648,-0.329526,-0.547061,-0.136968,-0.523870
30.212532,0.407025,-0.417218,0.580917,-0.568151,-0.178370,-0.674014,0.153850,-0.700157,0.183660,0.663473,-0.180468,0.702498,-0.135739,-0.691436,0.112170,-0.700649,-0.149192,-0.194182,-0.027151,-0.154446
30.503942,0.407025,-0.417218,0.580917,-0.568151,-0.164516,-0.681640,0.131676,-0.700688,0.163337,0.674676,-0.150276,0.703953,-0.105440,-0.696422,0.078346,-0.705507,-0.097455,-0.121411,0.064422,-0.084554
30.770340,0.407025,-0.417218,0.580917,-0.568151,-0.158609,-0.683717,0.125654,-0.701131,0.161134,0.676162,-0.148152,0.703485,-0.101225,-0.696915,0.072189,-0.706295,-0.080199,-0.115141,0.079102,-0.070844
31.066901,0.407025,-0.417218,0.580917,-0.568151,-0.158192,-0.686662,0.127371,-0.698031,0.158969,0.678096,-0.150241,0.701671,-0.101311,-0.697914,0.072302,-0.705284,-0.081817,-0.114778,0.078866,-0.070822
31.335617,0.407025,-0.417218,0.580917,-0.568151,-0.158353,-0.687615,0.127595,-0.697014,0.158818,0.680133,-0.150341,0.699709,-0.101311,-0.697914,0.072302,-0.705284,-0.082330,-0.114705,0.078866,-0.070073
31.624080,0.407025,-0.417218,0.580917,-0.568151,-0.158256,-0.689637,0.127585,-0.695039,0.160605,0.682032,-0.150393,0.697439,-0.101311,-0.697914,0.072302,-0.705284,-0.082089,-0.117470,0.078866,-0.073280
31.889769,0.407025,-0.417218,0.580917,-0.568151,-0.160140,-0.689304,0.129514,-0.694580,0.160605,0.682032,-0.150393,0.697439,-0.103296,-0.697724,0.074251,-0.704980,-0.087592,-0.117470,0.073259,-0.075439
32.187431,0.407025,-0.417218,0.580917,-0.568151,-0.160140,-0.689304,0.129514,-0.694580,0.162732,0.682832,-0.150679,0.696099,-0.103296,-0.697724,0.074251,-0.704980,-0.087592,-0.121063,0.073259,-0.076167
32.452235,0.407025,-0.417218,0.580917,-0.568151,-0.161988,-0.691148,0.129476,-0.692323,0.162732,0.682832,-0.150679,0.696099,-0.105279,-0.697530,0.076198,-0.704672,-0.090222,-0.121063,0.067657,-0.081551
32.742052,0.407025,-0.417218,0.580917,-0.568151,-0.189827,-0.685176,0.160163,-0.684725,0.180679,0.679762,-0.169110,0.690420,-0.135509,-0.694878,0.106008,-0.698243,-0.175039,-0.173933,-0.018173,-0.130405
33.010925,0.407025,-0.417218,0.580917,-0.568151,-0.272863,-0.667860,0.242349,-0.648673,0.259122,0.663835,-0.244181,0.657688,-0.169742,-0.687956,0.141808,-0.691226,-0.420430,-0.401851,-0.119099,-0.323318
33.306524,0.407025,-0.417218,0.580917,-0.568151,-0.324096,-0.649620,0.285567,-0.625626,0.370953,0.613785,-0.351269,0.601890,-0.259983,-0.665054,0.231473,-0.660706,-0.566467,-0.746223,-0.384594,-0.586432
33.579911,0.407025,-0.417218,0.580917,-0.568151,-0.436915,-0.579599,0.408352,-0.553551,0.457347,0.554001,-0.436652,0.541527,-0.387908,-0.604476,0.370015,-0.589257,-0.955914,-1.042936,-0.805399,-0.885090
33.862165,0.407025,-0.417218,0.580917,-0.568151,-0.503203,-0.523961,0.477124,-0.494575,0.507202,0.509691,-0.488842,0.493958,-0.465954,-0.546337,0.449465,-0.531398,-1.206474,-1.237089,-1.082180,-1.111535
34.132674,0.407025,-0.417218,0.580917,-0.568151,-0.544992,-0.480348,0.520251,-0.448986,0.546017,0.467240,-0.529617,0.450619,-0.503533,-0.513888,0.486071,-0.496094,-1.380639,-1.402563,-1.224274,-1.231480
34.416816,0.407025,-0.417218,0.580917,-0.568151,-0.555013,-0.463008,0.535210,-0.437190,0.558797,0.443930,-0.548764,0.435350,-0.515238,-0.500411,0.502229,-0.481544,-1.434897,-1.473334,-1.280053,-1.288968
34.691909,0.407025,-0.417218,0.580917,-0.568151,-0.561041,-0.455391,0.541803,-0.429304,0.564791,0.436115,-0.555107,0.427400,-0.521499,-0.492988,0.508718,-0.475613,-1.463149,-1.501639,-1.306176,-1.313343
34.986055,0.407025,-0.417218,0.580917,-0.568151,-0.561344,-0.453708,0.544230,-0.427616,0.564791,0.436115,-0.555107,0.427400,-0.523396,-0.491003,0.510682,-0.473473,-1.469230,-1.501639,-1.314163,-1.320676
35.252792,0.407025,-0.417218,0.580917,-0.568151,-0.562580,-0.451176,0.545534,-0.427009,0.566997,0.432270,-0.557313,0.425510,-0.525285,-0.489011,0.512637,-0.471326,-1.474977,-1.511881,-1.322147,-1.328259
35.546816,0.407025,-0.417218,0.580917,-0.568151,-0.563523,-0.449932,0.546571,-0.425750,0.566997,0.432270,-0.557313,0.425510,-0.525285,-0.489011,0.512637,-0.471326,-1.479488,-1.511881,-1.322147,-1.328259
35.810670,0.407025,-0.417218,0.580917,-0.568151,-0.563523,-0.449932,0.546571,-0.425750,0.568627,0.430084,-0.559042,0.423276,-0.527164,-0.487011,0.514583,-0.469172,-1.479488,-1.519731,-1.330129,-1.335608
36.107075,0.407025,-0.417218,0.580917,-0.568151,-0.565175,-0.447770,0.548381,-0.423506,0.567299,0.430465,-0.559692,0.423812,-0.527164,-0.487011,0.514583,-0.469172,-1.487406,-1.518099,-1.330129,-1.335765
36.372461,0.407025,-0.417218,0.580917,-0.568151,-0.565175,-0.447770,0.548381,-0.423506,0.567299,0.430465,-0.559692,0.423812,-0.527164,-0.487011,0.514583,-0.469172,-1.487406,-1.518099,-1.330129,-1.335765
36.665757,0.407025,-0.417218,0.580917,-0.568151,-0.565175,-0.447770,0.548381,-0.423506,0.567299,0.430465,-0.559692,0.423812,-0.527164,-0.487011,0.514583,-0.469172,-1.487406,-1.518099,-1.330129,-1.335765
36.934783,0.407025,-0.417218,0.580917,-0.568151,-0.565175,-0.447770,0.548381,-0.423506,0.559272,0.440148,-0.551064,0.435675,-0.509937,-0.502770,0.498784,-0.488264,-1.487406,-1.479596,-1.262239,-1.274665
37.222002,0.407025,-0.417218,0.580917,-0.568151,-0.565175,-0.447770,0.548381,-0.423506,0.491971,0.507084,-0.487971,0.512556,-0.459774,-0.547801,0.447138,-0.537206,-1.487406,-1.204710,-1.066293,-1.118710
37.494415,0.407025,-0.417218,0.580917,-0.568151,-0.418948,-0.580266,0.399164,-0.573098,0.388985,0.581829,-0.392669,0.596638,-0.352169,-0.621105,0.335887,-0.614318,-0.907995,-0.844542,-0.690344,-0.752297
37.782859,0.407025,-0.417218,0.580917,-0.568151,-0.292673,-0.648248,0.272690,-0.647887,0.272630,0.643727,-0.274902,0.660089,-0.227818,-0.671253,0.205354,-0.674794,-0.496869,-0.468399,-0.297144,-0.420903
38.049737,0.407025,-0.417218,0.580917,-0.568151,-0.201752,-0.673518,0.186341,-0.686256,0.209363,0.663990,-0.215981,0.684571,-0.163725,-0.687570,0.141799,-0.693062,-0.230216,-0.284080,-0.110089,-0.230288
38.349401,0.407025,-0.417218,0.580917,-0.568151,-0.170048,-0.685427,0.139607,-0.694107,0.175049,0.675109,-0.162598,0.697960,-0.111379,-0.695797,0.084177,-0.704539,-0.116590,-0.156279,0.047626,-0.116715
38.610975,0.407025,-0.417218,0.580917,-0.568151,-0.162153,-0.689298,0.127532,-0.694485,0.164823,0.680661,-0.150531,0.697763,-0.105279,-0.697530,0.076198,-0.704672,-0.087861,-0.124005,0.067657,-0.072964
38.905448,0.407025,-0.417218,0.580917,-0.568151,-0.160205,-0.689469,0.127559,-0.694763,0.162542,0.681895,-0.150344,0.697134,-0.103296,-0.697724,0.074251,-0.704980,-0.084975,-0.120311,0.073259,-0.073248
39.175071,0.407025,-0.417218,0.580917,-0.568151,-0.158191,-0.689472,0.129541,-0.694855,0.160529,0.681785,-0.152330,0.697276,-0.101314,-0.697832,0.074287,-0.705157,-0.084709,-0.120063,0.076132,-0.070305
39.465407,0.407025,-0.417218,0.580917,-0.568151,-0.160140,-0.689304,0.129514,-0.694580,0.160529,0.681785,-0.152330,0.697276,-0.103296,-0.697724,0.074251,-0.704980,-0.087592,-0.120063,0.073259,-0.072498
39.728600,0.407025,-0.417218,0.580917,-0.568151,-0.185940,-0.685060,0.156113,-0.686839,0.182602,0.679599,-0.169048,0.690090,-0.131457,-0.694318,0.103975,-0.699880,-0.163512,-0.176745,-0.009385,-0.101901
40.028718,0.407025,-0.417218,0.580917,-0.568151,-0.268650,-0.668791,0.235881,-0.651848,0.259416,0.662323,-0.246386,0.658274,-0.189827,-0.684745,0.161715,-0.684791,-0.404377,-0.405564,-0.177233,-0.326533
40.290989,0.407025,-0.417218,0.580917,-0.568151,-0.323758,-0.646924,0.289209,-0.626919,0.344481,0.628011,-0.325981,0.616985,-0.272208,-0.662126,0.241704,-0.655036,-0.571500,-0.662069,-0.418644,-0.556204
40.584798,0.407025,-0.417218,0.580917,-0.568151,-0.367211,-0.623201,0.336738,-0.602813,0.439569,0.565500,-0.422102,0.555714,-0.340796,-0.629893,0.320492,-0.619982,-0.716776,-0.984473,-0.647444,-0.781701
40.850244,0.407025,-0.417218,0.580917,-0.568151,-0.477654,-0.544846,0.453797,-0.518709,0.485261,0.526898,-0.471889,0.514024,-0.442366,-0.565575,0.423339,-0.552469,-1.112483,-1.160818,-0.991751,-1.030342
41.149526,0.407025,-0.417218,0.580917,-0.568151,-0.529357,-0.495846,0.507441,-0.465211,0.530683,0.481654,-0.517453,0.467576,-0.492489,-0.522304,0.476744,-0.507315,-1.320303,-1.343532,-1.184251,-1.195781
41.412184,0.407025,-0.417218,0.580917,-0.568151,-0.550612,-0.472461,0.528462,-0.440835,0.556262,0.451611,-0.542231,0.438868,-0.507490,-0.510072,0.490157,-0.491962,-1.410508,-1.452992,-1.240257,-1.252230
41.712334,0.407025,-0.417218,0.580917,-0.568151,-0.553206,-0.467126,0.533334,-0.437392,0.564997,0.440385,-0.551466,0.427462,-0.517236,-0.498413,0.502249,-0.481453,-1.426787,-1.493849,-1.284222,-1.293001
41.973249,0.407025,-0.417218,0.580917,-0.568151,-0.562192,-0.454857,0.543113,-0.426701,0.568746,0.432224,-0.557239,0.423315,-0.523396,-0.491003,0.510682,-0.473473,-1.468739,-1.515850,-1.314163,-1.320799
42.264492,0.407025,-0.417218,0.580917,-0.568151,-0.562192,-0.454857,0.543113,-0.426701,0.569046,0.430418,-0.559614,0.421615,-0.525823,-0.489478,0.511184,-0.471818,-1.468739,-1.522062,-1.320312,-1.326626
42.531073,0.407025,-0.417218,0.580917,-0.568151,-0.565313,-0.449844,0.546484,-0.423575,0.570024,0.429078,-0.560650,0.420280,-0.527192,-0.489013,0.512591,-0.469240,-1.483496,-1.526796,-1.326109,-1.332002
42.819519,0.407025,-0.417218,0.580917,-0.568151,-0.564886,-0.449468,0.545967,-0.425208,0.568923,0.428274,-0.561413,0.421573,-0.527192,-0.489013,0.512591,-0.469240,-1.481314,-1.525948,-1.326109,-1.332002
43.094612,0.407025,-0.417218,0.580917,-0.568151,-0.562872,-0.449483,0.547951,-0.425312,0.568923,0.428274,-0.561413,0.421573,-0.525285,-0.489011,0.512637,-0.471326,-1.481065,-1.525948,-1.322147,-1.328419
43.388316,0.407025,-0.417218,0.580917,-0.568151,-0.562872,-0.449483,0.547951,-0.425312,0.568923,0.428274,-0.561413,0.421573,-0.525285,-0.489011,0.512637,-0.471326,-1.481065,-1.525948,-1.322147,-1.328308
43.650078,0.407025,-0.417218,0.580917,-0.568151,-0.562872,-0.449483,0.547951,-0.425312,0.554892,0.445755,-0.546433,0.441370,-0.501124,-0.513296,0.485566,-0.499628,-1.481065,-1.459157,-1.218415,-1.232487
43.937142,0.407025,-0.417218,0.580917,-0.568151,-0.471956,-0.536860,0.459726,-0.526964,0.468902,0.529407,-0.466166,0.531553,-0.412365,-0.584035,0.394778,-0.577069,-1.112376,-1.118443,-0.888944,-0.961714
44.210757,0.407025,-0.417218,0.580917,-0.568151,-0.319677,-0.640139,0.292776,-0.634280,0.341162,0.617948,-0.335751,0.623715,-0.300257,-0.645012,0.281701,-0.643778,-0.570438,-0.671890,-0.522469,-0.611453
44.501679,0.407025,-0.417218,0.580917,-0.568151,-0.245102,-0.665932,0.229397,-0.666211,0.229600,0.659889,-0.234939,0.675746,-0.181999,-0.682845,0.159899,-0.689225,-0.358494,-0.342603,-0.162941,-0.268448
44.786295,0.407025,-0.417218,0.580917,-0.568151,-0.179921,-0.684176,0.151842,-0.690272,0.181072,0.673779,-0.174939,0.694717,-0.125454,-0.694117,0.098044,-0.702033,-0.148506,-0.182698,0.007676,-0.134038
45.059005,0.407025,-0.417218,0.580917,-0.568151,-0.166146,-0.689736,0.129657,-0.692712,0.172699,0.678659,-0.160577,0.695566,-0.107259,-0.697330,0.078143,-0.704358,-0.096759,-0.149908,0.062059,-0.085248
45.332131,0.407025,-0.417218,0.580917,-0.568151,-0.158125,-0.691021,0.123438,-0.694442,0.164670,0.682692,-0.150630,0.695792,-0.101311,-0.697914,0.072302,-0.705284,-0.076091,-0.123903,0.078866,-0.067594
45.623490,0.407025,-0.417218,0.580917,-0.568151,-0.156112,-0.691027,0.125420,-0.694537,0.164670,0.682692,-0.150630,0.695792,-0.101311,-0.697914,0.072302,-0.705284,-0.075831,-0.123903,0.078866,-0.070044
45.894265,0.407025,-0.417218,0.580917,-0.568151,-0.156112,-0.691027,0.125420,-0.694537,0.164670,0.682692,-0.150630,0.695792,-0.101311,-0.697914,0.072302,-0.705284,-0.075831,-0.123903,0.078866,-0.067095
46.177579,0.407025,-0.417218,0.580917,-0.568151,-0.158222,-0.691816,0.125615,-0.693237,0.164670,0.682692,-0.150630,0.695792,-0.101311,-0.697914,0.072302,-0.705284,-0.079213,-0.123903,0.078866,-0.070044
46.452163,0.407025,-0.417218,0.580917,-0.568151,-0.158222,-0.691816,0.125615,-0.693237,0.164670,0.682692,-0.150630,0.695792,-0.101311,-0.697914,0.072302,-0.705284,-0.079213,-0.123903,0.078866,-0.134087
46.737738,0.407025,-0.417218,0.580917,-0.568151,-0.240791,-0.676863,0.208972,-0.663481,0.237072,0.668442,-0.227412,0.667282,-0.187739,-0.684211,0.159624,-0.686388,-0.322081,-0.343240,-0.171171,-0.258728
47.013010,0.407025,-0.417218,0.580917,-0.568151,-0.298248,-0.659889,0.258560,-0.639328,0.322025,0.638352,-0.306905,0.628184,-0.252267,-0.667615,0.223796,-0.663752,-0.484485,-0.595815,-0.361433,-0.468822
47.283055,0.407025,-0.417218,0.580917,-0.568151,-0.381318,-0.616213,0.347478,-0.595094,0.392163,0.596055,-0.381084,0.587964,-0.338470,-0.631012,0.314102,-0.623379,-0.757730,-0.830913,-0.633729,-0.730267
47.556212,0.407025,-0.417218,0.580917,-0.568151,-0.456634,-0.562427,0.429235,-0.539370,0.455791,0.554331,-0.434897,0.543908,-0.410598,-0.590445,0.389023,-0.575712,-1.028498,-1.036903,-0.876207,-0.934032
47.833132,0.407025,-0.417218,0.580917,-0.568151,-0.499808,-0.526292,0.473422,-0.499080,0.503386,0.509568,-0.488677,0.498134,-0.458343,-0.552296,0.439651,-0.539998,-1.192594,-1.229004,-1.050147,-1.072988
48.117911,0.407025,-0.417218,0.580917,-0.568151,-0.522030,-0.503881,0.497378,-0.475608,0.525256,0.487880,-0.509561,0.475843,-0.480109,-0.535214,0.461973,-0.519252,-1.284598,-1.315762,-1.132255,-1.154355
48.386452,0.407025,-0.417218,0.580917,-0.568151,-0.529010,-0.493394,0.506921,-0.468767,0.555834,0.451244,-0.541652,0.440500,-0.505539,-0.510028,0.490160,-0.494009,-1.318457,-1.450723,-1.236285,-1.248443
48.681103,0.407025,-0.417218,0.580917,-0.568151,-0.552341,-0.466318,0.532293,-0.440603,0.563805,0.438770,-0.551999,0.430001,-0.515238,-0.500411,0.502229,-0.481544,-1.422540,-1.492246,-1.280053,-1.288819
48.946804,0.407025,-0.417218,0.580917,-0.568151,-0.555013,-0.463008,0.535210,-0.437190,0.568746,0.432224,-0.557239,0.423315,-0.523396,-0.491003,0.510682,-0.473473,-1.434897,-1.515850,-1.314163,-1.320799
49.236964,0.407025,-0.417218,0.580917,-0.568151,-0.562711,-0.453243,0.543632,-0.427074,0.570370,0.430035,-0.558962,0.421081,-0.523909,-0.489472,0.511226,-0.473902,-1.471069,-1.523693,-1.316342,-1.322935
49.508200,0.407025,-0.417218,0.580917,-0.568151,-0.561344,-0.453708,0.544230,-0.427616,0.571348,0.428695,-0.559995,0.419746,-0.525285,-0.489011,0.512637,-0.471326,-1.469230,-1.528424,-1.322147,-1.328412
49.795929,0.407025,-0.417218,0.580917,-0.568151,-0.562580,-0.451176,0.545534,-0.427009,0.571222,0.426550,-0.561791,0.419703,-0.525285,-0.489011,0.512637,-0.471326,-1.474977,-1.532305,-1.322147,-1.328351
50.069476,0.407025,-0.417218,0.580917,-0.568151,-0.562580,-0.451176,0.545534,-0.427009,0.569062,0.426268,-0.561300,0.423564,-0.525285,-0.489011,0.512637,-0.471326,-1.474977,-1.526000,-1.322147,-1.328378
50.354095,0.407025,-0.417218,0.580917,-0.568151,-0.498421,-0.515063,0.486181,-0.499914,0.531340,0.469726,-0.525441,0.470050,-0.455502,-0.551232,0.442747,-0.540959,-1.214194,-1.361573,-1.050382,-1.078349
50.627492,0.407025,-0.417218,0.580917,-0.568151,-0.372753,-0.608782,0.354461,-0.603984,0.417345,0.569662,-0.410226,0.577081,-0.328414,-0.632452,0.309972,-0.629338,-0.754381,-0.923871,-0.610909,-0.746113
50.915447,0.407025,-0.417218,0.580917,-0.568151,-0.251079,-0.664254,0.233564,-0.664209,0.265862,0.650363,-0.264255,0.660692,-0.246067,-0.666692,0.223560,-0.667078,-0.373819,-0.441996,-0.351511,-0.404322
51.192232,0.407025,-0.417218,0.580917,-0.568151,-0.181948,-0.681109,0.168097,-0.689006,0.183077,0.671667,-0.180893,0.694712,-0.131618,-0.692904,0.110089,-0.700315,-0.174413,-0.194098,-0.018117,-0.158362
51.477018,0.407025,-0.417218,0.580917,-0.568151,-0.160171,-0.687117,0.131478,-0.696368,0.164745,0.680416,-0.152469,0.697601,-0.105279,-0.697530,0.076198,-0.704672,-0.090441,-0.126591,0.067657,-0.093909
51.746975,0.407025,-0.417218,0.580917,-0.568151,-0.152179,-0.690710,0.121334,-0.696448,0.160680,0.682275,-0.148453,0.697598,-0.099240,-0.697098,0.070241,-0.706592,-0.064319,-0.114876,0.084705,-0.064664
52.041037,0.407025,-0.417218,0.580917,-0.568151,-0.154224,-0.691349,0.123486,-0.694984,0.160680,0.682275,-0.148453,0.697598,-0.099328,-0.698019,0.072338,-0.705458,-0.070320,-0.114876,0.081740,-0.064642
52.315752,0.407025,-0.417218,0.580917,-0.568151,-0.154286,-0.691506,0.121526,-0.695159,0.162540,0.684407,-0.146563,0.695476,-0.099324,-0.698098,0.070351,-0.705581,-0.067692,-0.115015,0.084477,-0.067588
52.594734,0.407025,-0.417218,0.580917,-0.568151,-0.156175,-0.691186,0.123462,-0.694714,0.164401,0.684025,-0.148455,0.695013,-0.101311,-0.697914,0.072302,-0.705284,-0.073206,-0.120452,0.078866,-0.072990
52.870074,0.407025,-0.417218,0.580917,-0.568151,-0.155919,-0.692244,0.123233,-0.693759,0.164324,0.683781,-0.150393,0.694855,-0.101311,-0.697914,0.072302,-0.705284,-0.072458,-0.123047,0.078866,-0.073712
53.157726,0.407025,-0.417218,0.580917,-0.568151,-0.162055,-0.691313,0.127521,-0.692505,0.168577,0.682842,-0.154740,0.693804,-0.109334,-0.698120,0.080210,-0.703023,-0.087600,-0.135520,0.056198,-0.108188
53.429234,0.407025,-0.417218,0.580917,-0.568151,-0.230768,-0.680302,0.202703,-0.665467,0.228690,0.673535,-0.217057,0.668534,-0.193971,-0.683360,0.169815,-0.683050,-0.297623,-0.315333,-0.194926,-0.267779
53.740893,0.407025,-0.417218,0.580917,-0.568151,-0.338219,-0.640957,0.304379,-0.618171,0.340342,0.629623,-0.323744,0.618814,-0.267938,-0.663301,0.239423,-0.656443,-0.618208,-0.651768,-0.408606,-0.528735
54.015548,0.407025,-0.417218,0.580917,-0.568151,-0.379592,-0.614873,0.353868,-0.593817,0.425243,0.578718,-0.403269,0.567123,-0.358111,-0.621440,0.339913,-0.608299,-0.765002,-0.926191,-0.706590,-0.799846
54.285275,0.407025,-0.417218,0.580917,-0.568151,-0.473979,-0.549011,0.449914,-0.521064,0.495367,0.519350,-0.478363,0.506019,-0.435766,-0.570440,0.416575,-0.557827,-1.098333,-1.193043,-0.967968,-1.010907
54.550452,0.407025,-0.417218,0.580917,-0.568151,-0.503670,-0.522528,0.479699,-0.493122,0.518545,0.495084,-0.502518,0.483196,-0.481735,-0.532942,0.465652,-0.516791,-1.212339,-1.287451,-1.142256,-1.163924
54.844154,0.407025,-0.417218,0.580917,-0.568151,-0.543148,-0.480399,0.520283,-0.451123,0.549490,0.460899,-0.535214,0.446294,-0.507009,-0.507644,0.493685,-0.491440,-1.376613,-1.422340,-1.246188,-1.256357
55.112626,0.407025,-0.417218,0.580917,-0.568151,-0.553105,-0.465076,0.535266,-0.437344,0.561140,0.442246,-0.549182,0.433518,-0.515238,-0.500411,0.502229,-0.481544,-1.430716,-1.479682,-1.280053,-1.288987
55.400427,0.407025,-0.417218,0.580917,-0.568151,-0.553105,-0.465076,0.535266,-0.437344,0.567110,0.434409,-0.555503,0.425547,-0.521499,-0.492988,0.508718,-0.475613,-1.430716,-1.507994,-1.306176,-1.313524
55.670438,0.407025,-0.417218,0.580917,-0.568151,-0.560915,-0.453326,0.543711,-0.429241,0.568627,0.430084,-0.559042,0.423276,-0.525285,-0.489011,0.512637,-0.471326,-1.467061,-1.519731,-1.322147,-1.328412
55.955535,0.407025,-0.417218,0.580917,-0.568151,-0.560915,-0.453326,0.543711,-0.429241,0.568627,0.430084,-0.559042,0.423276,-0.525285,-0.489011,0.512637,-0.471326,-1.467061,-1.519731,-1.322147,-1.328439
56.227693,0.407025,-0.417218,0.580917,-0.568151,-0.559114,-0.453405,0.543786,-0.431407,0.554716,0.441499,-0.550099,0.441315,-0.499597,-0.511900,0.490108,-0.498152,-1.463054,-1.466968,-1.224186,-1.241973
56.517271,0.407025,-0.417218,0.580917,-0.568151,-0.469983,-0.536652,0.457518,-0.530846,0.482962,0.513756,-0.480449,0.521509,-0.436042,-0.566824,0.420879,-0.558067,-1.104514,-1.172486,-0.975921,-1.020059
56.796842,0.407025,-0.417218,0.580917,-0.568151,-0.330707,-0.628926,0.312341,-0.630498,0.316749,0.625588,-0.309948,0.642060,-0.272025,-0.657466,0.251450,-0.656135,-0.618298,-0.591808,-0.432723,-0.536456
57.077638,0.407025,-0.417218,0.580917,-0.568151,-0.205696,-0.671911,0.194478,-0.684399,0.201496,0.663324,-0.207552,0.690161,-0.155755,-0.687357,0.129924,-0.697424,-0.247781,-0.259865,-0.081669,-0.232597
57.353573,0.407025,-0.417218,0.580917,-0.568151,-0.162433,-0.681473,0.135610,-0.700586,0.173416,0.671168,-0.162448,0.702190,-0.111380,-0.695892,0.082197,-0.704679,-0.099725,-0.153567,0.050348,-0.122835
57.641160,0.407025,-0.417218,0.580917,-0.568151,-0.156563,-0.685914,0.125671,-0.699441,0.165125,0.676585,-0.150330,0.701689,-0.105276,-0.697614,0.074215,-0.704801,-0.077058,-0.124194,0.070387,-0.108370
57.910796,0.407025,-0.417218,0.580917,-0.568151,-0.154419,-0.687307,0.123507,-0.698935,0.163037,0.678765,-0.150480,0.700038,-0.103293,-0.697806,0.072267,-0.705107,-0.070807,-0.121247,0.075992,-0.100119
58.205618,0.407025,-0.417218,0.580917,-0.568151,-0.150263,-0.688691,0.123325,-0.698511,0.158893,0.680376,-0.148401,0.699870,-0.099324,-0.698098,0.070351,-0.705581,-0.064287,-0.112116,0.084477,-0.091081
58.470489,0.407025,-0.417218,0.580917,-0.568151,-0.148457,-0.689802,0.123565,-0.697758,0.154601,0.681487,-0.150200,0.699367,-0.099324,-0.698098,0.070351,-0.705581,-0.061888,-0.108189,0.084477,-0.092775
58.759433,0.407025,-0.417218,0.580917,-0.568151,-0.150165,-0.690710,0.123314,-0.696537,0.156542,0.681359,-0.150153,0.699070,-0.099319,-0.698174,0.068364,-0.705702,-0.064058,-0.111033,0.087214,-0.090335
59.033424,0.407025,-0.417218,0.580917,-0.568151,-0.150226,-0.690867,0.121356,-0.696712,0.156462,0.683631,-0.148313,0.697260,-0.099324,-0.698098,0.070351,-0.705581,-0.061430,-0.108358,0.084477,-0.090303
59.318150,0.407025,-0.417218,0.580917,-0.568151,-0.152080,-0.692724,0.121322,-0.694468,0.158476,0.683740,-0.146327,0.697117,-0.099319,-0.698174,0.068364,-0.705702,-0.064069,-0.108599,0.087214,-0.090335
59.587348,0.407025,-0.417218,0.580917,-0.568151,-0.156112,-0.691027,0.125420,-0.694537,0.168684,0.680985,-0.160787,0.694228,-0.103296,-0.697724,0.074251,-0.704980,-0.075831,-0.144165,0.073259,-0.124643
59.877394,0.407025,-0.417218,0.580917,-0.568151,-0.220939,-0.682293,0.198635,-0.667986,0.261100,0.661703,-0.248105,0.657587,-0.185850,-0.684628,0.157762,-0.686917,-0.276783,-0.410716,-0.165700,-0.340029
