0.000000,0.000000,-0.000000,0.000000,-0.029715,-0.074621,0.013466,-0.027789,0.084244,-0.018090,-0.011581,0.079482,-0.008612,0.002335,-0.009993,-0.015282
1.129911,0.000000,-0.000000,0.000000,-0.029715,-0.074621,0.013466,-0.027789,0.084244,-0.018090,-0.011581,0.079482,-0.008612,0.002335,-0.009993,-0.015282
2.164460,0.000000,-0.000000,0.000000,-0.029715,-0.074621,0.013466,-0.027789,0.084244,-0.018090,-0.011581,0.079482,-0.008612,0.002335,-0.009993,-0.015282
3.192479,0.000000,-0.000000,0.000000,-0.029715,-0.074621,0.013466,-0.027789,0.084244,-0.018090,-0.011581,0.079482,-0.008612,0.002335,-0.009993,-0.015282
4.239722,0.000000,-0.000000,0.000000,-0.029715,-0.074621,0.013466,-0.027789,0.084244,-0.018090,-0.011581,0.079482,-0.008612,0.002335,-0.009993,-0.015282
5.304441,0.000000,-0.000000,0.000000,-0.032483,-0.089206,0.012045,-0.027446,0.072438,-0.020222,-0.011581,0.079482,-0.008612,0.002181,-0.035807,-0.016993
6.315228,0.000000,-0.000000,0.000000,-0.031834,-0.117277,0.013726,-0.025457,0.043665,-0.018604,-0.011581,0.079482,-0.008612,0.004099,-0.053433,-0.016143
7.328912,0.000000,-0.000000,0.000000,-0.028449,-0.143088,0.014681,-0.025075,0.038125,-0.018343,-0.011581,0.079482,-0.008612,0.004099,-0.053433,-0.016143
8.337159,0.000000,-0.000000,0.000000,-0.027980,-0.165599,0.015979,-0.025075,0.038125,-0.018343,-0.011581,0.079482,-0.008612,0.002717,-0.068202,-0.018078
9.351767,0.000000,-0.000000,0.000000,-0.027867,-0.171233,0.016303,-0.025075,0.038125,-0.018343,-0.011581,0.079482,-0.008612,0.002717,-0.068202,-0.018078
10.366153,0.000000,-0.000000,0.000000,-0.027867,-0.171233,0.016303,-0.025759,0.006389,-0.016315,-0.011581,0.079482,-0.008612,0.004135,-0.079622,-0.014816
11.380005,0.000000,-0.000000,0.000000,-0.027867,-0.171233,0.016303,-0.025759,0.006389,-0.016315,-0.011581,0.079482,-0.008612,0.002888,-0.093788,-0.014187
12.393867,0.000000,-0.000000,0.000000,-0.027867,-0.171233,0.016303,-0.025759,0.006389,-0.016315,-0.011581,0.079482,-0.008612,0.003401,-0.099921,-0.016639
13.408421,0.000000,-0.000000,0.000000,-0.027867,-0.171233,0.016303,-0.025759,0.006389,-0.016315,-0.011581,0.079482,-0.008612,0.003401,-0.099921,-0.016639
14.421456,0.000000,-0.000000,0.000000,-0.027867,-0.171233,0.016303,-0.025759,0.006389,-0.016315,-0.011581,0.079482,-0.008612,0.003401,-0.099921,-0.016639
15.429569,0.000000,-0.000000,0.000000,-0.027867,-0.171233,0.016303,-0.025759,0.006389,-0.016315,-0.011581,0.079482,-0.008612,0.003401,-0.099921,-0.016639
16.435442,0.000000,-0.000000,0.000000,-0.027867,-0.171233,0.016303,-0.025759,0.006389,-0.016315,-0.011581,0.079482,-0.008612,0.003401,-0.099921,-0.016639
17.438667,0.000000,-0.000000,0.000000,-0.027867,-0.171233,0.016303,-0.025759,0.006389,-0.016315,-0.011581,0.079482,-0.008612,0.003401,-0.099921,-0.016639
18.452282,0.000000,-0.000000,0.000000,-0.027867,-0.171233,0.016303,-0.025759,0.006389,-0.016315,-0.011581,0.079482,-0.008612,0.003401,-0.099921,-0.016639
19.459871,0.000000,-0.000000,0.000000,-0.027867,-0.171233,0.016303,-0.025759,0.006389,-0.016315,-0.011581,0.079482,-0.008612,0.003401,-0.099921,-0.016639
20.471225,0.000000,-0.000000,0.000000,-0.027867,-0.171233,0.016303,-0.025759,0.006389,-0.016315,-0.011581,0.079482,-0.008612,0.003401,-0.099921,-0.016639
21.481623,0.000000,-0.000000,0.000000,-0.027867,-0.171233,0.016303,-0.025759,0.006389,-0.016315,-0.011581,0.079482,-0.008612,0.003401,-0.099921,-0.016639
22.484788,0.000000,-0.000000,0.000000,-0.027867,-0.171233,0.016303,-0.025759,0.006389,-0.016315,-0.011581,0.079482,-0.008612,0.003401,-0.099921,-0.016639
23.491825,0.000000,-0.000000,0.000000,-0.027867,-0.171233,0.016303,-0.025759,0.006389,-0.016315,-0.011581,0.079482,-0.008612,0.003401,-0.099921,-0.016639
24.500645,0.000000,-0.000000,0.000000,-0.027867,-0.171233,0.016303,-0.025759,0.006389,-0.016315,-0.011581,0.079482,-0.008612,0.003401,-0.099921,-0.016639
25.509025,0.000000,-0.000000,0.000000,-0.027867,-0.171233,0.016303,-0.025759,0.006389,-0.016315,-0.011581,0.079482,-0.008612,0.003401,-0.099921,-0.016639
26.517571,0.000000,-0.000000,0.000000,-0.027867,-0.171233,0.016303,-0.025759,0.006389,-0.016315,-0.011581,0.079482,-0.008612,0.003401,-0.099921,-0.016639
27.533238,0.000000,-0.000000,0.000000,-0.027867,-0.171233,0.016303,-0.025759,0.006389,-0.016315,-0.011581,0.079482,-0.008612,0.003401,-0.099921,-0.016639
28.539667,0.000000,-0.000000,0.000000,-0.027867,-0.171233,0.016303,-0.025759,0.006389,-0.016315,-0.011581,0.079482,-0.008612,0.003401,-0.099921,-0.016639
29.551412,0.000000,-0.000000,0.000000,-0.027867,-0.171233,0.016303,-0.025759,0.006389,-0.016315,-0.011581,0.079482,-0.008612,0.003401,-0.099921,-0.016639
30.564914,0.000000,-0.000000,0.000000,-0.027867,-0.171233,0.016303,-0.025759,0.006389,-0.016315,-0.011581,0.079482,-0.008612,0.003401,-0.099921,-0.016639
31.573069,0.000000,-0.000000,0.000000,-0.027867,-0.171233,0.016303,-0.025759,0.006389,-0.016315,-0.011581,0.079482,-0.008612,0.003401,-0.099921,-0.016639
32.586604,0.000000,-0.000000,0.000000,-0.027867,-0.171233,0.016303,-0.025759,0.006389,-0.016315,-0.011581,0.079482,-0.008612,0.003401,-0.099921,-0.016639
33.594376,0.000000,-0.000000,0.000000,-0.027867,-0.171233,0.016303,-0.025759,0.006389,-0.016315,-0.011581,0.079482,-0.008612,0.003401,-0.099921,-0.016639
34.608804,0.000000,-0.000000,0.000000,-0.027867,-0.171233,0.016303,-0.025759,0.006389,-0.016315,-0.011581,0.079482,-0.008612,0.003401,-0.099921,-0.016639
35.614265,0.000000,-0.000000,0.000000,-0.027867,-0.171233,0.016303,-0.025759,0.006389,-0.016315,-0.011581,0.079482,-0.008612,0.003401,-0.099921,-0.016639
36.629892,0.000000,-0.000000,0.000000,-0.027867,-0.171233,0.016303,-0.025759,0.006389,-0.016315,-0.011581,0.079482,-0.008612,0.003401,-0.099921,-0.016639
37.643132,0.000000,-0.000000,0.000000,-0.027867,-0.171233,0.016303,-0.025759,0.006389,-0.016315,-0.011581,0.079482,-0.008612,0.003401,-0.099921,-0.016639
38.657404,0.000000,-0.000000,0.000000,-0.027867,-0.171233,0.016303,-0.025759,0.006389,-0.016315,-0.011581,0.079482,-0.008612,0.003401,-0.099921,-0.016639
39.671058,0.000000,-0.000000,0.000000,-0.027867,-0.171233,0.016303,-0.025759,0.006389,-0.016315,-0.011581,0.079482,-0.008612,0.003401,-0.099921,-0.016639
40.684201,0.000000,-0.000000,0.000000,-0.027867,-0.171233,0.016303,-0.025759,0.006389,-0.016315,-0.011581,0.079482,-0.008612,0.003401,-0.099921,-0.016639
41.698468,0.000000,-0.000000,0.000000,-0.027867,-0.171233,0.016303,-0.025759,0.006389,-0.016315,-0.011581,0.079482,-0.008612,0.003401,-0.099921,-0.016639
42.711840,0.000000,-0.000000,0.000000,-0.027867,-0.171233,0.016303,-0.025759,0.006389,-0.016315,-0.011581,0.079482,-0.008612,0.003401,-0.099921,-0.016639
43.726777,0.000000,-0.000000,0.000000,-0.027867,-0.171233,0.016303,-0.025759,0.006389,-0.016315,-0.011581,0.079482,-0.008612,0.003401,-0.099921,-0.016639
44.740537,0.000000,-0.000000,0.000000,-0.027867,-0.171233,0.016303,-0.025759,0.006389,-0.016315,-0.011581,0.079482,-0.008612,0.003401,-0.099921,-0.016639
45.753642,0.000000,-0.000000,0.000000,-0.027867,-0.171233,0.016303,-0.025759,0.006389,-0.016315,-0.011581,0.079482,-0.008612,0.003401,-0.099921,-0.016639
46.768157,0.000000,-0.000000,0.000000,-0.027867,-0.171233,0.016303,-0.025759,0.006389,-0.016315,-0.011581,0.079482,-0.008612,0.003401,-0.099921,-0.016639
47.781073,0.000000,-0.000000,0.000000,-0.027867,-0.171233,0.016303,-0.025759,0.006389,-0.016315,-0.011581,0.079482,-0.008612,0.003401,-0.099921,-0.016639
48.794113,0.000000,-0.000000,0.000000,-0.027867,-0.171233,0.016303,-0.025759,0.006389,-0.016315,-0.011581,0.079482,-0.008612,0.003401,-0.099921,-0.016639
49.807756,0.000000,-0.000000,0.000000,-0.027867,-0.171233,0.016303,-0.025759,0.006389,-0.016315,-0.011581,0.079482,-0.008612,0.003401,-0.099921,-0.016639
50.816753,0.000000,-0.000000,0.000000,-0.027867,-0.171233,0.016303,-0.025759,0.006389,-0.016315,-0.011581,0.079482,-0.008612,0.003401,-0.099921,-0.016639
51.833981,0.000000,-0.000000,0.000000,-0.027867,-0.171233,0.016303,-0.025759,0.006389,-0.016315,-0.011581,0.079482,-0.008612,0.003401,-0.099921,-0.016639
52.840986,0.000000,-0.000000,0.000000,-0.027867,-0.171233,0.016303,-0.025759,0.006389,-0.016315,-0.011581,0.079482,-0.008612,0.003401,-0.099921,-0.016639
53.854797,0.000000,-0.000000,0.000000,-0.027867,-0.171233,0.016303,-0.025759,0.006389,-0.016315,-0.011581,0.079482,-0.008612,0.003401,-0.099921,-0.016639
54.867963,0.000000,-0.000000,0.000000,-0.027867,-0.171233,0.016303,-0.025759,0.006389,-0.016315,-0.011581,0.079482,-0.008612,0.003401,-0.099921,-0.016639
55.870911,0.000000,-0.000000,0.000000,-0.027867,-0.171233,0.016303,-0.025759,0.006389,-0.016315,-0.011581,0.079482,-0.008612,0.003401,-0.099921,-0.016639
56.884496,0.000000,-0.000000,0.000000,-0.027867,-0.171233,0.016303,-0.025759,0.006389,-0.016315,-0.011581,0.079482,-0.008612,0.003401,-0.099921,-0.016639
57.897286,0.000000,-0.000000,0.000000,-0.027867,-0.171233,0.016303,-0.025759,0.006389,-0.016315,-0.011581,0.079482,-0.008612,0.003401,-0.099921,-0.016639
58.910124,0.000000,-0.000000,0.000000,-0.027867,-0.171233,0.016303,-0.025759,0.006389,-0.016315,-0.011581,0.079482,-0.008612,0.003401,-0.099921,-0.016639
59.924803,0.000000,-0.000000,0.000000,-0.027867,-0.171233,0.016303,-0.025759,0.006389,-0.016315,-0.011581,0.079482,-0.008612,0.003401,-0.099921,-0.016639
60.938030,0.000000,-0.000000,0.000000,-0.027867,-0.171233,0.016303,-0.025759,0.006389,-0.016315,-0.011581,0.079482,-0.008612,0.003401,-0.099921,-0.016639
61.951842,0.000000,-0.000000,0.000000,-0.027867,-0.171233,0.016303,-0.025759,0.006389,-0.016315,-0.011581,0.079482,-0.008612,0.003401,-0.099921,-0.016639
62.960259,0.000000,-0.000000,0.000000,-0.027867,-0.171233,0.016303,-0.025759,0.006389,-0.016315,-0.011581,0.079482,-0.008612,0.003401,-0.099921,-0.016639
63.973312,0.000000,-0.000000,0.000000,-0.027867,-0.171233,0.016303,-0.025759,0.006389,-0.016315,-0.011581,0.079482,-0.008612,0.003401,-0.099921,-0.016639
64.981311,0.000000,-0.000000,0.000000,-0.027867,-0.171233,0.016303,-0.025759,0.006389,-0.016315,-0.011581,0.079482,-0.008612,0.003401,-0.099921,-0.016639
65.995182,0.000000,-0.000000,0.000000,-0.027867,-0.171233,0.016303,-0.025759,0.006389,-0.016315,-0.011581,0.079482,-0.008612,0.003401,-0.099921,-0.016639
67.006722,0.000000,-0.000000,0.000000,-0.027867,-0.171233,0.016303,-0.025759,0.006389,-0.016315,-0.011581,0.079482,-0.008612,0.003401,-0.099921,-0.016639
68.019790,0.000000,-0.000000,0.000000,-0.027867,-0.171233,0.016303,-0.025759,0.006389,-0.016315,-0.011581,0.079482,-0.008612,0.003401,-0.099921,-0.016639
69.029066,0.000000,-0.000000,0.000000,-0.027867,-0.171233,0.016303,-0.025759,0.006389,-0.016315,-0.011581,0.079482,-0.008612,0.003401,-0.099921,-0.016639
70.042337,0.000000,-0.000000,0.000000,-0.027867,-0.171233,0.016303,-0.025759,0.006389,-0.016315,-0.011581,0.079482,-0.008612,0.003401,-0.099921,-0.016639
71.050463,0.000000,-0.000000,0.000000,-0.027867,-0.171233,0.016303,-0.025759,0.006389,-0.016315,-0.011581,0.079482,-0.008612,0.003401,-0.099921,-0.016639
72.055314,0.000000,-0.000000,0.000000,-0.027867,-0.171233,0.016303,-0.025759,0.006389,-0.016315,-0.011581,0.079482,-0.008612,0.003401,-0.099921,-0.016639
73.068328,0.000000,-0.000000,0.000000,-0.027867,-0.171233,0.016303,-0.025759,0.006389,-0.016315,-0.011581,0.079482,-0.008612,0.003401,-0.099921,-0.016639
74.081555,0.000000,-0.000000,0.000000,-0.027867,-0.171233,0.016303,-0.025759,0.006389,-0.016315,-0.011581,0.079482,-0.008612,0.003401,-0.099921,-0.016639
75.088525,0.000000,-0.000000,0.000000,-0.027867,-0.171233,0.016303,-0.025759,0.006389,-0.016315,-0.011581,0.079482,-0.008612,0.003401,-0.099921,-0.016639
76.101390,0.000000,-0.000000,0.000000,-0.027867,-0.171233,0.016303,-0.025759,0.006389,-0.016315,-0.011581,0.079482,-0.008612,0.003401,-0.099921,-0.016639
77.114009,0.000000,-0.000000,0.000000,-0.027867,-0.171233,0.016303,-0.025759,0.006389,-0.016315,-0.011581,0.079482,-0.008612,0.003401,-0.099921,-0.016639
78.127941,0.000000,-0.000000,0.000000,-0.027867,-0.171233,0.016303,-0.025759,0.006389,-0.016315,-0.011581,0.079482,-0.008612,0.003401,-0.099921,-0.016639
79.141657,0.000000,-0.000000,0.000000,-0.027867,-0.171233,0.016303,-0.025759,0.006389,-0.016315,-0.011581,0.079482,-0.008612,0.003401,-0.099921,-0.016639
80.155206,0.000000,-0.000000,0.000000,-0.027867,-0.171233,0.016303,-0.025759,0.006389,-0.016315,-0.011581,0.079482,-0.008612,0.003401,-0.099921,-0.016639
81.162301,0.000000,-0.000000,0.000000,-0.027867,-0.171233,0.016303,-0.025759,0.006389,-0.016315,-0.011581,0.079482,-0.008612,0.003401,-0.099921,-0.016639
82.175272,0.000000,-0.000000,0.000000,-0.029103,-0.082819,0.010224,-0.026324,0.043620,-0.019296,-0.006016,-0.009511,-0.005266,0.002904,0.015591,-0.019478
83.179000,0.000000,-0.000000,0.000000,-0.029103,-0.082819,0.010224,-0.026324,0.043620,-0.019296,-0.006016,-0.009511,-0.005266,0.002904,0.015591,-0.019478
84.189373,0.000000,-0.000000,0.000000,-0.029103,-0.082819,0.010224,-0.029136,0.083487,-0.021525,-0.006016,-0.009511,-0.005266,0.002904,0.015591,-0.019478
85.196876,0.000000,-0.000000,0.000000,-0.029103,-0.082819,0.010224,-0.029408,0.132480,-0.021757,-0.006016,-0.009511,-0.005266,0.002904,0.015591,-0.019478
86.204394,0.000000,-0.000000,0.000000,-0.029103,-0.082819,0.010224,-0.026400,0.129906,-0.021739,-0.006016,-0.009511,-0.005266,0.002904,0.015591,-0.019478
87.217109,0.000000,-0.000000,0.000000,-0.029103,-0.082819,0.010224,-0.026400,0.129906,-0.021739,-0.006016,-0.009511,-0.005266,0.002904,0.015591,-0.019478
88.224552,0.000000,-0.000000,0.000000,-0.029103,-0.082819,0.010224,-0.026400,0.129906,-0.021739,-0.006016,-0.009511,-0.005266,0.002904,0.015591,-0.019478
89.237575,0.000000,-0.000000,0.000000,-0.029103,-0.082819,0.010224,-0.026400,0.129906,-0.021739,-0.006016,-0.009511,-0.005266,0.002904,0.015591,-0.019478
90.244260,0.000000,-0.000000,0.000000,-0.029103,-0.082819,0.010224,-0.026400,0.129906,-0.021739,-0.006016,-0.009511,-0.005266,0.002904,0.015591,-0.019478
91.257770,0.000000,-0.000000,0.000000,-0.029103,-0.082819,0.010224,-0.026400,0.129906,-0.021739,-0.006016,-0.009511,-0.005266,0.002904,0.015591,-0.019478
92.270722,0.000000,-0.000000,0.000000,-0.029103,-0.082819,0.010224,-0.026400,0.129906,-0.021739,-0.006016,-0.009511,-0.005266,0.002904,0.015591,-0.019478
93.283865,0.000000,-0.000000,0.000000,-0.029103,-0.082819,0.010224,-0.026400,0.129906,-0.021739,-0.006016,-0.009511,-0.005266,0.002904,0.015591,-0.019478
94.293134,0.000000,-0.000000,0.000000,-0.029103,-0.082819,0.010224,-0.026400,0.129906,-0.021739,-0.006016,-0.009511,-0.005266,0.002904,0.015591,-0.019478
95.301360,0.000000,-0.000000,0.000000,-0.029103,-0.082819,0.010224,-0.029836,0.058978,-0.037727,-0.006016,-0.009511,-0.005266,0.002904,0.015591,-0.019478
96.315332,0.000000,-0.000000,0.000000,-0.029103,-0.082819,0.010224,-0.026400,0.129906,-0.021739,-0.006016,-0.009511,-0.005266,0.002904,0.015591,-0.019478
97.330147,0.000000,-0.000000,0.000000,-0.029103,-0.082819,0.010224,-0.026400,0.129906,-0.021739,-0.006016,-0.009511,-0.005266,0.002904,0.015591,-0.019478
98.343119,0.000000,-0.000000,0.000000,-0.029103,-0.082819,0.010224,-0.026400,0.129906,-0.021739,-0.006016,-0.009511,-0.005266,0.002904,0.015591,-0.019478
99.351499,0.000000,-0.000000,0.000000,-0.029103,-0.082819,0.010224,-0.026400,0.129906,-0.021739,-0.006016,-0.009511,-0.005266,0.002904,0.015591,-0.019478
100.360046,0.000000,-0.000000,0.000000,-0.029103,-0.082819,0.010224,-0.026400,0.129906,-0.021739,-0.006016,-0.009511,-0.005266,0.002904,0.015591,-0.019478
101.368571,0.000000,-0.000000,0.000000,-0.029103,-0.082819,0.010224,-0.026400,0.129906,-0.021739,-0.006016,-0.009511,-0.005266,0.002904,0.015591,-0.019478
102.378233,0.000000,-0.000000,0.000000,-0.029103,-0.082819,0.010224,-0.026400,0.129906,-0.021739,-0.006016,-0.009511,-0.005266,0.002904,0.015591,-0.019478
103.391130,0.000000,-0.000000,0.000000,-0.029103,-0.082819,0.010224,-0.026400,0.129906,-0.021739,-0.006016,-0.009511,-0.005266,0.002904,0.015591,-0.019478
104.404794,0.000000,-0.000000,0.000000,-0.029103,-0.082819,0.010224,-0.026400,0.129906,-0.021739,-0.006016,-0.009511,-0.005266,0.002904,0.015591,-0.019478
105.419814,0.000000,-0.000000,0.000000,-0.029103,-0.082819,0.010224,-0.026400,0.129906,-0.021739,-0.006016,-0.009511,-0.005266,0.002904,0.015591,-0.019478
106.432557,0.000000,-0.000000,0.000000,-0.029103,-0.082819,0.010224,-0.026400,0.129906,-0.021739,-0.006016,-0.009511,-0.005266,0.002904,0.015591,-0.019478
107.437733,0.000000,-0.000000,0.000000,-0.029103,-0.082819,0.010224,-0.026400,0.129906,-0.021739,-0.006016,-0.009511,-0.005266,0.002904,0.015591,-0.019478
108.445663,0.000000,-0.000000,0.000000,-0.029103,-0.082819,0.010224,-0.026400,0.129906,-0.021739,-0.006016,-0.009511,-0.005266,0.002904,0.015591,-0.019478
109.458627,0.000000,-0.000000,0.000000,-0.029103,-0.082819,0.010224,-0.026400,0.129906,-0.021739,-0.006016,-0.009511,-0.005266,0.002904,0.015591,-0.019478
110.464969,0.000000,-0.000000,0.000000,-0.029103,-0.082819,0.010224,-0.026400,0.129906,-0.021739,-0.006016,-0.009511,-0.005266,0.002904,0.015591,-0.019478
111.471343,0.000000,-0.000000,0.000000,-0.029103,-0.082819,0.010224,-0.026400,0.129906,-0.021739,-0.006016,-0.009511,-0.005266,0.002904,0.015591,-0.019478
112.485440,0.000000,-0.000000,0.000000,-0.029103,-0.082819,0.010224,-0.026400,0.129906,-0.021739,-0.006016,-0.009511,-0.005266,0.002904,0.015591,-0.019478
113.499006,0.000000,-0.000000,0.000000,-0.029103,-0.082819,0.010224,-0.029836,0.058978,-0.037727,-0.006016,-0.009511,-0.005266,0.002904,0.015591,-0.019478
114.511793,0.000000,-0.000000,0.000000,-0.029103,-0.082819,0.010224,-0.026400,0.129906,-0.021739,-0.006016,-0.009511,-0.005266,0.002904,0.015591,-0.019478
115.525144,0.000000,-0.000000,0.000000,-0.029103,-0.082819,0.010224,-0.026400,0.129906,-0.021739,-0.006016,-0.009511,-0.005266,0.002904,0.015591,-0.019478
116.538467,0.000000,-0.000000,0.000000,-0.029103,-0.082819,0.010224,-0.026928,0.098222,-0.019733,-0.006793,0.073805,-0.006451,0.001831,-0.024735,-0.017576
117.551355,0.000000,-0.000000,0.000000,-0.029103,-0.082819,0.010224,-0.026928,0.098222,-0.019733,-0.006793,0.073805,-0.006451,0.001831,-0.024735,-0.017576
118.559121,0.000000,-0.000000,0.000000,-0.029103,-0.082819,0.010224,-0.026928,0.098222,-0.019733,-0.006793,0.073805,-0.006451,0.001831,-0.024735,-0.017576
119.572620,0.000000,-0.000000,0.000000,-0.029103,-0.082819,0.010224,-0.026928,0.098222,-0.019733,-0.006793,0.073805,-0.006451,0.001831,-0.024735,-0.017576
120.586474,0.000000,-0.000000,0.000000,-0.029103,-0.082819,0.010224,-0.026928,0.098222,-0.019733,-0.006793,0.073805,-0.006451,0.001831,-0.024735,-0.017576
121.599664,0.000000,-0.000000,0.000000,-0.029103,-0.082819,0.010224,-0.026928,0.098222,-0.019733,-0.006793,0.073805,-0.006451,0.001831,-0.024735,-0.017576
122.612740,0.000000,-0.000000,0.000000,-0.029103,-0.082819,0.010224,-0.026928,0.098222,-0.019733,-0.006793,0.073805,-0.006451,0.001831,-0.024735,-0.017576
123.625540,0.000000,-0.000000,0.000000,-0.029103,-0.082819,0.010224,-0.026928,0.098222,-0.019733,-0.006793,0.073805,-0.006451,0.001831,-0.024735,-0.017576
124.640086,0.000000,-0.000000,0.000000,-0.029103,-0.082819,0.010224,-0.026928,0.098222,-0.019733,-0.006793,0.073805,-0.006451,0.001831,-0.024735,-0.017576
125.647955,0.000000,-0.000000,0.000000,-0.029103,-0.082819,0.010224,-0.026928,0.098222,-0.019733,-0.006793,0.073805,-0.006451,0.001831,-0.024735,-0.017576
126.660822,0.000000,-0.000000,0.000000,-0.029103,-0.082819,0.010224,-0.026928,0.098222,-0.019733,-0.006793,0.073805,-0.006451,0.001831,-0.024735,-0.017576
127.668487,0.000000,-0.000000,0.000000,-0.029103,-0.082819,0.010224,-0.026928,0.098222,-0.019733,-0.006793,0.073805,-0.006451,0.001831,-0.024735,-0.017576
128.682230,0.000000,-0.000000,0.000000,-0.029103,-0.082819,0.010224,-0.026928,0.098222,-0.019733,-0.006793,0.073805,-0.006451,0.001831,-0.024735,-0.017576
129.688788,0.000000,-0.000000,0.000000,-0.029103,-0.082819,0.010224,-0.026928,0.098222,-0.019733,-0.006793,0.073805,-0.006451,0.001831,-0.024735,-0.017576
130.695893,0.000000,-0.000000,0.000000,-0.029103,-0.082819,0.010224,-0.026928,0.098222,-0.019733,-0.006793,0.073805,-0.006451,0.001831,-0.024735,-0.017576
131.706943,0.000000,-0.000000,0.000000,-0.029103,-0.082819,0.010224,-0.026928,0.098222,-0.019733,-0.006793,0.073805,-0.006451,0.001831,-0.024735,-0.017576
132.721547,0.000000,-0.000000,0.000000,-0.029103,-0.082819,0.010224,-0.026928,0.098222,-0.019733,-0.006793,0.073805,-0.006451,0.001831,-0.024735,-0.017576
133.734049,0.000000,-0.000000,0.000000,-0.029103,-0.082819,0.010224,-0.026928,0.098222,-0.019733,-0.006793,0.073805,-0.006451,0.001831,-0.024735,-0.017576
134.747178,0.000000,-0.000000,0.000000,-0.029103,-0.082819,0.010224,-0.026928,0.098222,-0.019733,-0.006793,0.073805,-0.006451,0.001831,-0.024735,-0.017576
135.760903,0.000000,-0.000000,0.000000,-0.029103,-0.082819,0.010224,-0.026928,0.098222,-0.019733,-0.006793,0.073805,-0.006451,0.001831,-0.024735,-0.017576
136.773728,0.000000,-0.000000,0.000000,-0.029103,-0.082819,0.010224,-0.026928,0.098222,-0.019733,-0.006793,0.073805,-0.006451,0.001831,-0.024735,-0.017576
137.786453,0.000000,-0.000000,0.000000,-0.029103,-0.082819,0.010224,-0.026928,0.098222,-0.019733,-0.006793,0.073805,-0.006451,0.001831,-0.024735,-0.017576
138.799323,0.000000,-0.000000,0.000000,-0.029103,-0.082819,0.010224,-0.026928,0.098222,-0.019733,-0.006793,0.073805,-0.006451,0.001831,-0.024735,-0.017576
139.808095,0.000000,-0.000000,0.000000,-0.029849,-0.054739,0.008566,-0.026928,0.098222,-0.019733,-0.006793,0.073805,-0.006451,0.001831,-0.024735,-0.017576
140.820922,0.000000,-0.000000,0.000000,-0.029849,-0.054739,0.008566,-0.026928,0.098222,-0.019733,-0.006793,0.073805,-0.006451,0.001831,-0.024735,-0.017576
141.833906,0.000000,-0.000000,0.000000,-0.029849,-0.054739,0.008566,-0.026928,0.098222,-0.019733,-0.006793,0.073805,-0.006451,0.001831,-0.024735,-0.017576
142.846560,0.000000,-0.000000,0.000000,-0.029849,-0.054739,0.008566,-0.026928,0.098222,-0.019733,-0.006793,0.073805,-0.006451,0.001831,-0.024735,-0.017576
143.859975,0.000000,-0.000000,0.000000,-0.029849,-0.054739,0.008566,-0.026928,0.098222,-0.019733,-0.006793,0.073805,-0.006451,0.001831,-0.024735,-0.017576
144.873124,0.000000,-0.000000,0.000000,-0.029849,-0.054739,0.008566,-0.026928,0.098222,-0.019733,-0.006793,0.073805,-0.006451,0.001831,-0.024735,-0.017576
145.887462,0.000000,-0.000000,0.000000,-0.029849,-0.054739,0.008566,-0.026928,0.098222,-0.019733,-0.006793,0.073805,-0.006451,0.001831,-0.024735,-0.017576
146.890915,0.000000,-0.000000,0.000000,-0.029849,-0.054739,0.008566,-0.026928,0.098222,-0.019733,-0.006793,0.073805,-0.006451,0.001831,-0.024735,-0.017576
147.898323,0.000000,-0.000000,0.000000,-0.029849,-0.054739,0.008566,-0.026928,0.098222,-0.019733,-0.006793,0.073805,-0.006451,0.001831,-0.024735,-0.017576
148.904106,0.000000,-0.000000,0.000000,-0.029849,-0.054739,0.008566,-0.026928,0.098222,-0.019733,-0.006793,0.073805,-0.006451,0.001831,-0.024735,-0.017576
149.911075,0.000000,-0.000000,0.000000,-0.029849,-0.054739,0.008566,-0.026928,0.098222,-0.019733,-0.006793,0.073805,-0.006451,0.001831,-0.024735,-0.017576
150.924598,0.000000,-0.000000,0.000000,-0.029849,-0.054739,0.008566,-0.026928,0.098222,-0.019733,-0.006793,0.073805,-0.006451,0.001831,-0.024735,-0.017576
151.927345,0.000000,-0.000000,0.000000,-0.029849,-0.054739,0.008566,-0.026928,0.098222,-0.019733,-0.006793,0.073805,-0.006451,0.001831,-0.024735,-0.017576
152.940396,0.000000,-0.000000,0.000000,-0.029849,-0.054739,0.008566,-0.026928,0.098222,-0.019733,-0.006793,0.073805,-0.006451,0.001831,-0.024735,-0.017576
153.953297,0.000000,-0.000000,0.000000,-0.029849,-0.054739,0.008566,-0.026928,0.098222,-0.019733,-0.006793,0.073805,-0.006451,0.001831,-0.024735,-0.017576
154.965961,0.000000,-0.000000,0.000000,-0.029849,-0.054739,0.008566,-0.026928,0.098222,-0.019733,-0.006793,0.073805,-0.006451,0.001831,-0.024735,-0.017576
155.979095,0.000000,-0.000000,0.000000,-0.029849,-0.054739,0.008566,-0.026928,0.098222,-0.019733,-0.006793,0.073805,-0.006451,0.001831,-0.024735,-0.017576
156.983907,0.000000,-0.000000,0.000000,-0.029849,-0.054739,0.008566,-0.026928,0.098222,-0.019733,-0.006793,0.073805,-0.006451,0.001831,-0.024735,-0.017576
157.997449,0.000000,-0.000000,0.000000,-0.029849,-0.054739,0.008566,-0.026928,0.098222,-0.019733,-0.006793,0.073805,-0.006451,0.001831,-0.024735,-0.017576
159.005265,0.000000,-0.000000,0.000000,-0.029849,-0.054739,0.008566,-0.026928,0.098222,-0.019733,-0.006793,0.073805,-0.006451,0.001831,-0.024735,-0.017576
160.018486,0.000000,-0.000000,0.000000,-0.029849,-0.054739,0.008566,-0.026928,0.098222,-0.019733,-0.006793,0.073805,-0.006451,0.001831,-0.024735,-0.017576
161.031489,0.000000,-0.000000,0.000000,-0.029849,-0.054739,0.008566,-0.026928,0.098222,-0.019733,-0.006793,0.073805,-0.006451,0.001831,-0.024735,-0.017576
162.048160,0.000000,-0.000000,0.000000,-0.029849,-0.054739,0.008566,-0.026928,0.098222,-0.019733,-0.006793,0.073805,-0.006451,0.001831,-0.024735,-0.017576
163.055738,0.000000,-0.000000,0.000000,-0.029849,-0.054739,0.008566,-0.026928,0.098222,-0.019733,-0.006793,0.073805,-0.006451,0.001831,-0.024735,-0.017576
164.063347,0.000000,-0.000000,0.000000,-0.029849,-0.054739,0.008566,-0.026928,0.098222,-0.019733,-0.006793,0.073805,-0.006451,0.001831,-0.024735,-0.017576
165.070319,0.000000,-0.000000,0.000000,-0.029849,-0.054739,0.008566,-0.026928,0.098222,-0.019733,-0.006793,0.073805,-0.006451,0.001831,-0.024735,-0.017576
166.077226,0.000000,-0.000000,0.000000,-0.029849,-0.054739,0.008566,-0.026928,0.098222,-0.019733,-0.006793,0.073805,-0.006451,0.001831,-0.024735,-0.017576
167.091211,0.000000,-0.000000,0.000000,-0.029849,-0.054739,0.008566,-0.026928,0.098222,-0.019733,-0.006793,0.073805,-0.006451,0.001831,-0.024735,-0.017576
168.104893,0.000000,-0.000000,0.000000,-0.029849,-0.054739,0.008566,-0.026928,0.098222,-0.019733,-0.006793,0.073805,-0.006451,0.001831,-0.024735,-0.017576
169.118033,0.000000,-0.000000,0.000000,-0.029849,-0.054739,0.008566,-0.026928,0.098222,-0.019733,-0.006793,0.073805,-0.006451,0.001831,-0.024735,-0.017576
170.130589,0.000000,-0.000000,0.000000,-0.029849,-0.054739,0.008566,-0.026928,0.098222,-0.019733,-0.006793,0.073805,-0.006451,0.001831,-0.024735,-0.017576
171.143570,0.000000,-0.000000,0.000000,-0.029849,-0.054739,0.008566,-0.026928,0.098222,-0.019733,-0.006793,0.073805,-0.006451,0.001831,-0.024735,-0.017576
172.156810,0.000000,-0.000000,0.000000,-0.029849,-0.054739,0.008566,-0.026928,0.098222,-0.019733,-0.006793,0.073805,-0.006451,0.001831,-0.024735,-0.017576
173.169700,0.000000,-0.000000,0.000000,-0.029849,-0.054739,0.008566,-0.026928,0.098222,-0.019733,-0.006793,0.073805,-0.006451,0.001831,-0.024735,-0.017576
174.182751,0.000000,-0.000000,0.000000,-0.029849,-0.054739,0.008566,-0.026928,0.098222,-0.019733,-0.006793,0.073805,-0.006451,0.001831,-0.024735,-0.017576
175.195590,0.000000,-0.000000,0.000000,-0.029849,-0.054739,0.008566,-0.026928,0.098222,-0.019733,-0.006793,0.073805,-0.006451,0.001831,-0.024735,-0.017576
176.209051,0.000000,-0.000000,0.000000,-0.029849,-0.054739,0.008566,-0.026928,0.098222,-0.019733,-0.006793,0.073805,-0.006451,0.001831,-0.024735,-0.017576
177.221891,0.000000,-0.000000,0.000000,-0.029849,-0.054739,0.008566,-0.026928,0.098222,-0.019733,-0.006793,0.073805,-0.006451,0.001831,-0.024735,-0.017576
178.226448,0.000000,-0.000000,0.000000,-0.029849,-0.054739,0.008566,-0.026928,0.098222,-0.019733,-0.006793,0.073805,-0.006451,0.001831,-0.024735,-0.017576
179.240747,0.000000,-0.000000,0.000000,-0.029849,-0.054739,0.008566,-0.026928,0.098222,-0.019733,-0.006793,0.073805,-0.006451,0.001831,-0.024735,-0.017576
180.254136,0.000000,-0.000000,0.000000,-0.029849,-0.054739,0.008566,-0.026928,0.098222,-0.019733,-0.006793,0.073805,-0.006451,0.001831,-0.024735,-0.017576
181.261914,0.000000,-0.000000,0.000000,-0.034032,-0.054926,0.006855,-0.032002,0.092554,-0.021209,-0.010235,0.044898,-0.007124,-0.002494,0.004341,-0.021335
182.269811,0.000000,-0.000000,0.000000,-0.034032,-0.054926,0.006855,-0.032002,0.092554,-0.021209,-0.010235,0.044898,-0.007124,-0.001749,0.024624,-0.019490
183.282798,0.000000,-0.000000,0.000000,-0.034032,-0.054926,0.006855,-0.032002,0.092554,-0.021209,-0.010235,0.044898,-0.007124,-0.001749,0.024624,-0.019490
184.295542,0.000000,-0.000000,0.000000,-0.034032,-0.054926,0.006855,-0.032002,0.092554,-0.021209,-0.010235,0.044898,-0.007124,-0.001749,0.024624,-0.019490
185.303534,0.000000,-0.000000,0.000000,-0.034032,-0.054926,0.006855,-0.032002,0.092554,-0.021209,-0.010235,0.044898,-0.007124,-0.001749,0.024624,-0.019490
186.316248,0.000000,-0.000000,0.000000,-0.034032,-0.054926,0.006855,-0.032002,0.092554,-0.021209,-0.010235,0.044898,-0.007124,-0.001749,0.024624,-0.019490
187.329123,0.000000,-0.000000,0.000000,-0.034032,-0.054926,0.006855,-0.032002,0.092554,-0.021209,-0.010235,0.044898,-0.007124,-0.001749,0.024624,-0.019490
188.338003,0.000000,-0.000000,0.000000,-0.034032,-0.054926,0.006855,-0.032002,0.092554,-0.021209,-0.010235,0.044898,-0.007124,-0.001749,0.024624,-0.019490
189.343800,0.000000,-0.000000,0.000000,-0.034032,-0.054926,0.006855,-0.032002,0.092554,-0.021209,-0.010235,0.044898,-0.007124,-0.001749,0.024624,-0.019490
190.347094,0.000000,-0.000000,0.000000,-0.034032,-0.054926,0.006855,-0.032002,0.092554,-0.021209,-0.010235,0.044898,-0.007124,-0.001749,0.024624,-0.019490
191.360103,0.000000,-0.000000,0.000000,-0.034032,-0.054926,0.006855,-0.032002,0.092554,-0.021209,-0.010235,0.044898,-0.007124,-0.001749,0.024624,-0.019490
192.374144,0.000000,-0.000000,0.000000,-0.034032,-0.054926,0.006855,-0.032002,0.092554,-0.021209,-0.010235,0.044898,-0.007124,-0.001749,0.024624,-0.019490
193.387195,0.000000,-0.000000,0.000000,-0.034032,-0.054926,0.006855,-0.032002,0.092554,-0.021209,-0.010235,0.044898,-0.007124,-0.001749,0.024624,-0.019490
194.400810,0.000000,-0.000000,0.000000,-0.034032,-0.054926,0.006855,-0.032002,0.092554,-0.021209,-0.010235,0.044898,-0.007124,-0.001749,0.024624,-0.019490
195.414682,0.000000,-0.000000,0.000000,-0.034032,-0.054926,0.006855,-0.032002,0.092554,-0.021209,-0.010235,0.044898,-0.007124,-0.001749,0.024624,-0.019490
196.424146,0.000000,-0.000000,0.000000,-0.034032,-0.054926,0.006855,-0.032002,0.092554,-0.021209,-0.010235,0.044898,-0.007124,-0.001749,0.024624,-0.019490
197.432763,0.000000,-0.000000,0.000000,-0.034032,-0.054926,0.006855,-0.032002,0.092554,-0.021209,-0.010235,0.044898,-0.007124,-0.001749,0.024624,-0.019490
198.445207,0.000000,-0.000000,0.000000,-0.034032,-0.054926,0.006855,-0.032002,0.092554,-0.021209,-0.010235,0.044898,-0.007124,-0.001749,0.024624,-0.019490
199.458007,0.000000,-0.000000,0.000000,-0.034032,-0.054926,0.006855,-0.032002,0.092554,-0.021209,-0.010235,0.044898,-0.007124,-0.001749,0.024624,-0.019490
200.471446,0.000000,-0.000000,0.000000,-0.034032,-0.054926,0.006855,-0.032002,0.092554,-0.021209,-0.010235,0.044898,-0.007124,-0.001749,0.024624,-0.019490
201.484277,0.000000,-0.000000,0.000000,-0.034032,-0.054926,0.006855,-0.032002,0.092554,-0.021209,-0.010235,0.044898,-0.007124,-0.001749,0.024624,-0.019490
202.487941,0.000000,-0.000000,0.000000,-0.034032,-0.054926,0.006855,-0.032002,0.092554,-0.021209,-0.010235,0.044898,-0.007124,-0.001749,0.024624,-0.019490
203.497310,0.000000,-0.000000,0.000000,-0.034032,-0.054926,0.006855,-0.032002,0.092554,-0.021209,-0.010235,0.044898,-0.007124,-0.001749,0.024624,-0.019490
204.504313,0.000000,-0.000000,0.000000,-0.034032,-0.054926,0.006855,-0.032002,0.092554,-0.021209,-0.010235,0.044898,-0.007124,-0.001749,0.024624,-0.019490
205.517558,0.000000,-0.000000,0.000000,-0.034032,-0.054926,0.006855,-0.032002,0.092554,-0.021209,-0.010235,0.044898,-0.007124,-0.001749,0.024624,-0.019490
206.530633,0.000000,-0.000000,0.000000,-0.034032,-0.054926,0.006855,-0.032002,0.092554,-0.021209,-0.010235,0.044898,-0.007124,-0.001749,0.024624,-0.019490
207.543793,0.000000,-0.000000,0.000000,-0.034032,-0.054926,0.006855,-0.032002,0.092554,-0.021209,-0.010235,0.044898,-0.007124,-0.001749,0.024624,-0.019490
208.556819,0.000000,-0.000000,0.000000,-0.034032,-0.054926,0.006855,-0.032002,0.092554,-0.021209,-0.010235,0.044898,-0.007124,-0.001749,0.024624,-0.019490
209.569505,0.000000,-0.000000,0.000000,-0.034032,-0.054926,0.006855,-0.032002,0.092554,-0.021209,-0.010235,0.044898,-0.007124,-0.001749,0.024624,-0.019490
210.582853,0.000000,-0.000000,0.000000,-0.034032,-0.054926,0.006855,-0.032002,0.092554,-0.021209,-0.010235,0.044898,-0.007124,-0.001749,0.024624,-0.019490
211.588074,0.000000,-0.000000,0.000000,-0.034032,-0.054926,0.006855,-0.032002,0.092554,-0.021209,-0.010235,0.044898,-0.007124,-0.001749,0.024624,-0.019490
212.599014,0.000000,-0.000000,0.000000,-0.034032,-0.054926,0.006855,-0.032002,0.092554,-0.021209,-0.010235,0.044898,-0.007124,-0.001749,0.024624,-0.019490
213.612469,0.000000,-0.000000,0.000000,-0.034032,-0.054926,0.006855,-0.032002,0.092554,-0.021209,-0.010235,0.044898,-0.007124,-0.001749,0.024624,-0.019490
214.615643,0.000000,-0.000000,0.000000,-0.034032,-0.054926,0.006855,-0.032002,0.092554,-0.021209,-0.010235,0.044898,-0.007124,-0.001749,0.024624,-0.019490
215.625144,0.000000,-0.000000,0.000000,-0.034032,-0.054926,0.006855,-0.032002,0.092554,-0.021209,-0.010235,0.044898,-0.007124,-0.001749,0.024624,-0.019490
216.637006,0.000000,-0.000000,0.000000,-0.034032,-0.054926,0.006855,-0.032002,0.092554,-0.021209,-0.010235,0.044898,-0.007124,-0.001749,0.024624,-0.019490
217.649681,0.000000,-0.000000,0.000000,-0.034032,-0.054926,0.006855,-0.032002,0.092554,-0.021209,-0.010235,0.044898,-0.007124,-0.001749,0.024624,-0.019490
218.663070,0.000000,-0.000000,0.000000,-0.034032,-0.054926,0.006855,-0.032002,0.092554,-0.021209,-0.010235,0.044898,-0.007124,-0.001749,0.024624,-0.019490
219.676489,0.000000,-0.000000,0.000000,-0.034032,-0.054926,0.006855,-0.032002,0.092554,-0.021209,-0.010235,0.044898,-0.007124,-0.001749,0.024624,-0.019490
220.687472,0.000000,-0.000000,0.000000,-0.034032,-0.054926,0.006855,-0.032002,0.092554,-0.021209,-0.010235,0.044898,-0.007124,-0.003628,-0.010868,-0.020229
221.700114,0.000000,-0.000000,0.000000,-0.033870,-0.060530,0.007187,-0.032002,0.092554,-0.021209,-0.010235,0.044898,-0.007124,-0.003628,-0.010868,-0.020229
222.703093,0.000000,-0.000000,0.000000,-0.033870,-0.060530,0.007187,-0.032002,0.092554,-0.021209,-0.010235,0.044898,-0.007124,-0.003628,-0.010868,-0.020229
223.716137,0.000000,-0.000000,0.000000,-0.036179,-0.069174,0.010980,-0.032002,0.092554,-0.021209,-0.010235,0.044898,-0.007124,-0.001586,-0.001592,-0.018136
224.729992,0.000000,-0.000000,0.000000,-0.033406,-0.078049,0.008232,-0.032002,0.092554,-0.021209,-0.010235,0.044898,-0.007124,-0.001586,-0.001592,-0.018136
225.732710,0.000000,-0.000000,0.000000,-0.032946,-0.094875,0.009216,-0.032002,0.092554,-0.021209,-0.010235,0.044898,-0.007124,-0.004064,-0.004653,-0.017816
226.738077,0.000000,-0.000000,0.000000,-0.033098,-0.089262,0.008888,-0.032002,0.092554,-0.021209,-0.010235,0.044898,-0.007124,-0.000936,-0.007098,-0.018007
227.751035,0.000000,-0.000000,0.000000,-0.033098,-0.089262,0.008888,-0.032002,0.092554,-0.021209,-0.010235,0.044898,-0.007124,-0.000936,-0.007098,-0.018007
228.764608,0.000000,-0.000000,0.000000,-0.033098,-0.089262,0.008888,-0.032002,0.092554,-0.021209,-0.010235,0.044898,-0.007124,-0.000936,-0.007098,-0.018007
229.772444,0.000000,-0.000000,0.000000,-0.033098,-0.089262,0.008888,-0.032002,0.092554,-0.021209,-0.010235,0.044898,-0.007124,-0.000936,-0.007098,-0.018007
230.782603,0.000000,-0.000000,0.000000,-0.033098,-0.089262,0.008888,-0.032002,0.092554,-0.021209,-0.010235,0.044898,-0.007124,-0.000936,-0.007098,-0.018007
231.795712,0.000000,-0.000000,0.000000,-0.033098,-0.089262,0.008888,-0.032002,0.092554,-0.021209,-0.010235,0.044898,-0.007124,-0.000936,-0.007098,-0.018007
232.808639,0.000000,-0.000000,0.000000,-0.033098,-0.089262,0.008888,-0.032002,0.092554,-0.021209,-0.010235,0.044898,-0.007124,-0.000936,-0.007098,-0.018007
233.821041,0.000000,-0.000000,0.000000,-0.033098,-0.089262,0.008888,-0.032002,0.092554,-0.021209,-0.010235,0.044898,-0.007124,-0.000936,-0.007098,-0.018007
234.833504,0.000000,-0.000000,0.000000,-0.033098,-0.089262,0.008888,-0.032002,0.092554,-0.021209,-0.010235,0.044898,-0.007124,-0.000936,-0.007098,-0.018007
235.847189,0.000000,-0.000000,0.000000,-0.033098,-0.089262,0.008888,-0.032002,0.092554,-0.021209,-0.010235,0.044898,-0.007124,-0.000936,-0.007098,-0.018007
236.860758,0.000000,-0.000000,0.000000,-0.033098,-0.089262,0.008888,-0.032002,0.092554,-0.021209,-0.010235,0.044898,-0.007124,-0.000936,-0.007098,-0.018007
237.874312,0.000000,-0.000000,0.000000,-0.033098,-0.089262,0.008888,-0.032002,0.092554,-0.021209,-0.010235,0.044898,-0.007124,-0.000936,-0.007098,-0.018007
238.886772,0.000000,-0.000000,0.000000,-0.033098,-0.089262,0.008888,-0.032002,0.092554,-0.021209,-0.010235,0.044898,-0.007124,-0.000936,-0.007098,-0.018007
239.899996,0.000000,-0.000000,0.000000,-0.033098,-0.089262,0.008888,-0.032002,0.092554,-0.021209,-0.010235,0.044898,-0.007124,-0.000936,-0.007098,-0.018007
240.913373,0.000000,-0.000000,0.000000,-0.033098,-0.089262,0.008888,-0.032002,0.092554,-0.021209,-0.010235,0.044898,-0.007124,-0.000936,-0.007098,-0.018007
241.920287,0.000000,-0.000000,0.000000,-0.033098,-0.089262,0.008888,-0.032002,0.092554,-0.021209,-0.010235,0.044898,-0.007124,-0.000936,-0.007098,-0.018007
242.927146,0.000000,-0.000000,0.000000,-0.033098,-0.089262,0.008888,-0.032002,0.092554,-0.021209,-0.010235,0.044898,-0.007124,-0.000936,-0.007098,-0.018007
243.939799,0.000000,-0.000000,0.000000,-0.033098,-0.089262,0.008888,-0.032002,0.092554,-0.021209,-0.010235,0.044898,-0.007124,-0.000936,-0.007098,-0.018007
244.952667,0.000000,-0.000000,0.000000,-0.033098,-0.089262,0.008888,-0.032002,0.092554,-0.021209,-0.010235,0.044898,-0.007124,-0.000936,-0.007098,-0.018007
245.966313,0.000000,-0.000000,0.000000,-0.033098,-0.089262,0.008888,-0.032002,0.092554,-0.021209,-0.010235,0.044898,-0.007124,-0.000936,-0.007098,-0.018007
246.975474,0.000000,-0.000000,0.000000,-0.033098,-0.089262,0.008888,-0.032002,0.092554,-0.021209,-0.010235,0.044898,-0.007124,-0.000936,-0.007098,-0.018007
247.989780,0.000000,-0.000000,0.000000,-0.033098,-0.089262,0.008888,-0.032002,0.092554,-0.021209,-0.010235,0.044898,-0.007124,-0.000936,-0.007098,-0.018007
249.009324,0.000000,-0.000000,0.000000,-0.033098,-0.089262,0.008888,-0.032002,0.092554,-0.021209,-0.010235,0.044898,-0.007124,-0.000936,-0.007098,-0.018007
250.017163,0.000000,-0.000000,0.000000,-0.033098,-0.089262,0.008888,-0.032002,0.092554,-0.021209,-0.010235,0.044898,-0.007124,-0.000936,-0.007098,-0.018007
251.024818,0.000000,-0.000000,0.000000,-0.033098,-0.089262,0.008888,-0.032002,0.092554,-0.021209,-0.010235,0.044898,-0.007124,-0.000936,-0.007098,-0.018007
252.030472,0.000000,-0.000000,0.000000,-0.033098,-0.089262,0.008888,-0.032002,0.092554,-0.021209,-0.010235,0.044898,-0.007124,-0.000936,-0.007098,-0.018007
253.043101,0.000000,-0.000000,0.000000,-0.033098,-0.089262,0.008888,-0.032002,0.092554,-0.021209,-0.010235,0.044898,-0.007124,-0.000936,-0.007098,-0.018007
254.055967,0.000000,-0.000000,0.000000,-0.033098,-0.089262,0.008888,-0.032002,0.092554,-0.021209,-0.010235,0.044898,-0.007124,-0.000936,-0.007098,-0.018007
255.061765,0.000000,-0.000000,0.000000,-0.033098,-0.089262,0.008888,-0.032002,0.092554,-0.021209,-0.010235,0.044898,-0.007124,-0.000936,-0.007098,-0.018007
256.074943,0.000000,-0.000000,0.000000,-0.033098,-0.089262,0.008888,-0.032002,0.092554,-0.021209,-0.010235,0.044898,-0.007124,-0.000936,-0.007098,-0.018007
257.087843,0.000000,-0.000000,0.000000,-0.033098,-0.089262,0.008888,-0.032002,0.092554,-0.021209,-0.010235,0.044898,-0.007124,-0.000936,-0.007098,-0.018007
258.100313,0.000000,-0.000000,0.000000,-0.033098,-0.089262,0.008888,-0.032002,0.092554,-0.021209,-0.010235,0.044898,-0.007124,-0.003153,0.009840,-0.021470
259.108787,0.000000,-0.000000,0.000000,-0.033098,-0.089262,0.008888,-0.032002,0.092554,-0.021209,-0.010235,0.044898,-0.007124,-0.003153,0.009840,-0.021470
260.118776,0.000000,-0.000000,0.000000,-0.033098,-0.089262,0.008888,-0.032002,0.092554,-0.021209,-0.010235,0.044898,-0.007124,-0.003153,0.009840,-0.021470
261.126009,0.000000,-0.000000,0.000000,-0.033098,-0.089262,0.008888,-0.032002,0.092554,-0.021209,-0.010235,0.044898,-0.007124,-0.003153,0.009840,-0.021470
262.139042,0.000000,-0.000000,0.000000,-0.033098,-0.089262,0.008888,-0.032002,0.092554,-0.021209,-0.010235,0.044898,-0.007124,-0.003153,0.009840,-0.021470
263.151626,0.000000,-0.000000,0.000000,-0.033098,-0.089262,0.008888,-0.032002,0.092554,-0.021209,-0.010235,0.044898,-0.007124,-0.003153,0.009840,-0.021470
264.165446,0.000000,-0.000000,0.000000,-0.033098,-0.089262,0.008888,-0.032002,0.092554,-0.021209,-0.010235,0.044898,-0.007124,-0.003153,0.009840,-0.021470
265.178345,0.000000,-0.000000,0.000000,-0.033098,-0.089262,0.008888,-0.032002,0.092554,-0.021209,-0.010235,0.044898,-0.007124,-0.003153,0.009840,-0.021470
266.192610,0.000000,-0.000000,0.000000,-0.033098,-0.089262,0.008888,-0.032002,0.092554,-0.021209,-0.010235,0.044898,-0.007124,-0.003153,0.009840,-0.021470
267.206182,0.000000,-0.000000,0.000000,-0.033098,-0.089262,0.008888,-0.032002,0.092554,-0.021209,-0.010235,0.044898,-0.007124,-0.003153,0.009840,-0.021470
268.219085,0.000000,-0.000000,0.000000,-0.033098,-0.089262,0.008888,-0.032002,0.092554,-0.021209,-0.010235,0.044898,-0.007124,-0.003153,0.009840,-0.021470
269.224275,0.000000,-0.000000,0.000000,-0.033098,-0.089262,0.008888,-0.032002,0.092554,-0.021209,-0.010235,0.044898,-0.007124,-0.003153,0.009840,-0.021470
270.229885,0.000000,-0.000000,0.000000,-0.033098,-0.089262,0.008888,-0.032002,0.092554,-0.021209,-0.010235,0.044898,-0.007124,-0.003153,0.009840,-0.021470
271.242468,0.000000,-0.000000,0.000000,-0.033098,-0.089262,0.008888,-0.032002,0.092554,-0.021209,-0.010235,0.044898,-0.007124,-0.003153,0.009840,-0.021470
272.254987,0.000000,-0.000000,0.000000,-0.033098,-0.089262,0.008888,-0.032002,0.092554,-0.021209,-0.010235,0.044898,-0.007124,-0.003153,0.009840,-0.021470
273.267741,0.000000,-0.000000,0.000000,-0.033098,-0.089262,0.008888,-0.032002,0.092554,-0.021209,-0.010235,0.044898,-0.007124,-0.003153,0.009840,-0.021470
274.277743,0.000000,-0.000000,0.000000,-0.033098,-0.089262,0.008888,-0.032002,0.092554,-0.021209,-0.010235,0.044898,-0.007124,-0.003153,0.009840,-0.021470
275.284957,0.000000,-0.000000,0.000000,-0.033098,-0.089262,0.008888,-0.032002,0.092554,-0.021209,-0.010235,0.044898,-0.007124,-0.003153,0.009840,-0.021470
276.287865,0.000000,-0.000000,0.000000,-0.033098,-0.089262,0.008888,-0.032002,0.092554,-0.021209,-0.010235,0.044898,-0.007124,-0.003153,0.009840,-0.021470
277.301128,0.000000,-0.000000,0.000000,-0.033098,-0.089262,0.008888,-0.032002,0.092554,-0.021209,-0.010235,0.044898,-0.007124,-0.003153,0.009840,-0.021470
278.309416,0.000000,-0.000000,0.000000,-0.033098,-0.089262,0.008888,-0.032002,0.092554,-0.021209,-0.010235,0.044898,-0.007124,-0.003153,0.009840,-0.021470
279.316315,0.000000,-0.000000,0.000000,-0.033098,-0.089262,0.008888,-0.032002,0.092554,-0.021209,-0.010235,0.044898,-0.007124,-0.003153,0.009840,-0.021470
280.319022,0.000000,-0.000000,0.000000,-0.033098,-0.089262,0.008888,-0.032002,0.092554,-0.021209,-0.010235,0.044898,-0.007124,-0.003153,0.009840,-0.021470
281.326813,0.000000,-0.000000,0.000000,-0.033098,-0.089262,0.008888,-0.032002,0.092554,-0.021209,-0.010235,0.044898,-0.007124,-0.003153,0.009840,-0.021470
282.335491,0.000000,-0.000000,0.000000,-0.033098,-0.089262,0.008888,-0.032002,0.092554,-0.021209,-0.010235,0.044898,-0.007124,-0.003153,0.009840,-0.021470
283.343359,0.000000,-0.000000,0.000000,-0.033098,-0.089262,0.008888,-0.032002,0.092554,-0.021209,-0.010235,0.044898,-0.007124,-0.003153,0.009840,-0.021470
284.356624,0.000000,-0.000000,0.000000,-0.033098,-0.089262,0.008888,-0.032002,0.092554,-0.021209,-0.010235,0.044898,-0.007124,-0.003153,0.009840,-0.021470
285.369320,0.000000,-0.000000,0.000000,-0.033098,-0.089262,0.008888,-0.032002,0.092554,-0.021209,-0.010235,0.044898,-0.007124,-0.003153,0.009840,-0.021470
286.381933,0.000000,-0.000000,0.000000,-0.033098,-0.089262,0.008888,-0.032002,0.092554,-0.021209,-0.010235,0.044898,-0.007124,-0.003153,0.009840,-0.021470
287.394837,0.000000,-0.000000,0.000000,-0.033098,-0.089262,0.008888,-0.032002,0.092554,-0.021209,-0.010235,0.044898,-0.007124,-0.003153,0.009840,-0.021470
288.402811,0.000000,-0.000000,0.000000,-0.033098,-0.089262,0.008888,-0.032002,0.092554,-0.021209,-0.010235,0.044898,-0.007124,-0.003153,0.009840,-0.021470
289.410669,0.000000,-0.000000,0.000000,-0.033098,-0.089262,0.008888,-0.032002,0.092554,-0.021209,-0.010235,0.044898,-0.007124,-0.003153,0.009840,-0.021470
290.423310,0.000000,-0.000000,0.000000,-0.033098,-0.089262,0.008888,-0.032002,0.092554,-0.021209,-0.010235,0.044898,-0.007124,-0.003153,0.009840,-0.021470
291.435738,0.000000,-0.000000,0.000000,-0.033098,-0.089262,0.008888,-0.032002,0.092554,-0.021209,-0.010235,0.044898,-0.007124,-0.003153,0.009840,-0.021470
292.449399,0.000000,-0.000000,0.000000,-0.033098,-0.089262,0.008888,-0.032002,0.092554,-0.021209,-0.010235,0.044898,-0.007124,-0.003153,0.009840,-0.021470
293.461971,0.000000,-0.000000,0.000000,-0.033098,-0.089262,0.008888,-0.032002,0.092554,-0.021209,-0.010235,0.044898,-0.007124,-0.003153,0.009840,-0.021470
294.469708,0.000000,-0.000000,0.000000,-0.033098,-0.089262,0.008888,-0.032002,0.092554,-0.021209,-0.010235,0.044898,-0.007124,-0.003153,0.009840,-0.021470
295.481929,0.000000,-0.000000,0.000000,-0.033098,-0.089262,0.008888,-0.032002,0.092554,-0.021209,-0.010235,0.044898,-0.007124,-0.003153,0.009840,-0.021470
296.494441,0.000000,-0.000000,0.000000,-0.033098,-0.089262,0.008888,-0.032002,0.092554,-0.021209,-0.010235,0.044898,-0.007124,-0.003153,0.009840,-0.021470
297.502252,0.000000,-0.000000,0.000000,-0.033098,-0.089262,0.008888,-0.032002,0.092554,-0.021209,-0.010235,0.044898,-0.007124,-0.003153,0.009840,-0.021470
298.514970,0.000000,-0.000000,0.000000,-0.033098,-0.089262,0.008888,-0.032002,0.092554,-0.021209,-0.010235,0.044898,-0.007124,-0.003153,0.009840,-0.021470
