0.000000,0.000000,-0.000000,0.000000,0.000000,-0.000000,0.000000,1.947474,-0.001549,0.009214,0.000000,-0.000000,0.000000,0.000000,-0.000000,0.000000
0.107676,0.000000,-0.000000,0.000000,0.000000,-0.000000,0.000000,1.947474,-0.001549,0.009214,0.000000,-0.000000,0.000000,0.000000,-0.000000,0.000000
0.142091,0.000000,-0.000000,0.000000,0.000000,-0.000000,0.000000,1.947474,-0.001549,0.009214,0.000000,-0.000000,0.000000,0.000000,-0.000000,0.000000
0.430332,0.000000,-0.000000,0.000000,0.000000,-0.000000,0.000000,1.947474,-0.001549,0.009214,0.000000,-0.000000,0.000000,0.000000,-0.000000,0.000000
0.677692,0.000000,-0.000000,0.000000,0.000000,-0.000000,0.000000,1.947474,-0.001549,0.009214,0.000000,-0.000000,0.000000,0.000000,-0.000000,0.000000
0.948405,0.000000,-0.000000,0.000000,0.000000,-0.000000,0.000000,1.947474,-0.001549,0.009214,0.000000,-0.000000,0.000000,0.000000,-0.000000,0.000000
1.188131,0.000000,-0.000000,0.000000,0.000000,-0.000000,0.000000,1.947474,-0.001549,0.009214,0.000000,-0.000000,0.000000,0.000000,-0.000000,0.000000
1.444064,0.000000,-0.000000,0.000000,0.000000,-0.000000,0.000000,1.947474,-0.001549,0.009214,0.000000,-0.000000,0.000000,0.000000,-0.000000,0.000000
1.685423,0.000000,-0.000000,0.000000,0.000000,-0.000000,0.000000,1.947474,-0.001549,0.009214,0.000000,-0.000000,0.000000,0.000000,-0.000000,0.000000
1.944007,0.000000,-0.000000,0.000000,0.000000,-0.000000,0.000000,1.947474,-0.001549,0.009214,0.000000,-0.000000,0.000000,0.000000,-0.000000,0.000000
2.180088,0.000000,-0.000000,0.000000,0.000000,-0.000000,0.000000,1.947474,-0.001549,0.009214,0.000000,-0.000000,0.000000,0.000000,-0.000000,0.000000
2.417427,0.000000,-0.000000,0.000000,0.000000,-0.000000,0.000000,1.947474,-0.001549,0.009214,0.000000,-0.000000,0.000000,0.000000,-0.000000,0.000000
2.675955,0.000000,-0.000000,0.000000,0.000000,-0.000000,0.000000,1.947474,-0.001549,0.009214,0.000000,-0.000000,0.000000,0.000000,-0.000000,0.000000
2.934426,0.000000,-0.000000,0.000000,0.000000,-0.000000,0.000000,1.947474,-0.001549,0.009214,0.000000,-0.000000,0.000000,0.000000,-0.000000,0.000000
3.209211,0.000000,-0.000000,0.000000,0.000000,-0.000000,0.000000,1.947474,-0.001549,0.009214,0.000000,-0.000000,0.000000,0.000000,-0.000000,0.000000
3.460876,0.000000,-0.000000,0.000000,0.000000,-0.000000,0.000000,1.947474,-0.001549,0.009214,0.000000,-0.000000,0.000000,0.000000,-0.000000,0.000000
3.694418,0.000000,-0.000000,0.000000,0.000000,-0.000000,0.000000,1.947474,-0.001549,0.009214,0.000000,-0.000000,0.000000,0.000000,-0.000000,0.000000
3.935551,0.000000,-0.000000,0.000000,0.000000,-0.000000,0.000000,1.947474,-0.001549,0.009214,0.000000,-0.000000,0.000000,0.000000,-0.000000,0.000000
4.169992,0.000000,-0.000000,0.000000,0.000000,-0.000000,0.000000,1.947474,-0.001549,0.009214,0.000000,-0.000000,0.000000,0.000000,-0.000000,0.000000
4.420722,0.000000,-0.000000,0.000000,0.000000,-0.000000,0.000000,1.947474,-0.001549,0.009214,0.000000,-0.000000,0.000000,0.000000,-0.000000,0.000000
4.649255,0.000000,-0.000000,0.000000,0.000000,-0.000000,0.000000,1.947474,-0.001549,0.009214,0.000000,-0.000000,0.000000,0.000000,-0.000000,0.000000
4.895448,0.000000,-0.000000,0.000000,0.000000,-0.000000,0.000000,1.947474,-0.001549,0.009214,0.000000,-0.000000,0.000000,0.000000,-0.000000,0.000000
5.166933,0.000000,-0.000000,0.000000,0.000000,-0.000000,0.000000,1.947474,-0.001549,0.009214,0.000000,-0.000000,0.000000,0.000000,-0.000000,0.000000
5.418997,0.000000,-0.000000,0.000000,0.000000,-0.000000,0.000000,1.947474,-0.001549,0.009214,0.000000,-0.000000,0.000000,0.000000,-0.000000,0.000000
5.695010,0.000000,-0.000000,0.000000,0.000000,-0.000000,0.000000,1.947474,-0.001549,0.009214,0.000000,-0.000000,0.000000,0.000000,-0.000000,0.000000
5.928288,0.000000,-0.000000,0.000000,0.000000,-0.000000,0.000000,1.947474,-0.001549,0.009214,0.000000,-0.000000,0.000000,0.000000,-0.000000,0.000000
6.185208,0.000000,-0.000000,0.000000,0.000000,-0.000000,0.000000,1.947474,-0.001549,0.009214,0.000000,-0.000000,0.000000,0.000000,-0.000000,0.000000
6.445053,0.000000,-0.000000,0.000000,0.000000,-0.000000,0.000000,1.947474,-0.001549,0.009214,0.000000,-0.000000,0.000000,0.000000,-0.000000,0.000000
6.701710,0.000000,-0.000000,0.000000,0.000000,-0.000000,0.000000,1.947474,-0.001549,0.009214,0.000000,-0.000000,0.000000,0.000000,-0.000000,0.000000
6.971714,0.000000,-0.000000,0.000000,0.000000,-0.000000,0.000000,1.947474,-0.001549,0.009214,0.000000,-0.000000,0.000000,0.000000,-0.000000,0.000000
7.218072,0.000000,-0.000000,0.000000,0.000000,-0.000000,0.000000,1.947474,-0.001549,0.009214,0.000000,-0.000000,0.000000,0.000000,-0.000000,0.000000
7.445575,0.000000,-0.000000,0.000000,0.000000,-0.000000,0.000000,1.947474,-0.001549,0.009214,0.000000,-0.000000,0.000000,0.000000,-0.000000,0.000000
7.692351,0.000000,-0.000000,0.000000,0.000000,-0.000000,0.000000,1.947474,-0.001549,0.009214,0.000000,-0.000000,0.000000,0.000000,-0.000000,0.000000
7.939311,0.000000,-0.000000,0.000000,0.000000,-0.000000,0.000000,1.947474,-0.001549,0.009214,0.000000,-0.000000,0.000000,0.000000,-0.000000,0.000000
8.203839,0.000000,-0.000000,0.000000,0.000000,-0.000000,0.000000,1.947474,-0.001549,0.009214,0.000000,-0.000000,0.000000,0.000000,-0.000000,0.000000
8.450267,0.000000,-0.000000,0.000000,0.000000,-0.000000,0.000000,1.947474,-0.001549,0.009214,0.000000,-0.000000,0.000000,0.000000,-0.000000,0.000000
8.709712,0.000000,-0.000000,0.000000,0.000000,-0.000000,0.000000,1.947474,-0.001549,0.009214,0.000000,-0.000000,0.000000,0.000000,-0.000000,0.000000
8.971352,0.000000,-0.000000,0.000000,0.000000,-0.000000,0.000000,1.947474,-0.001549,0.009214,0.000000,-0.000000,0.000000,0.000000,-0.000000,0.000000
9.227991,0.000000,-0.000000,0.000000,0.000000,-0.000000,0.000000,1.947474,-0.001549,0.009214,0.000000,-0.000000,0.000000,0.000000,-0.000000,0.000000
9.486340,0.000000,-0.000000,0.000000,0.000000,-0.000000,0.000000,1.947474,-0.001549,0.009214,0.000000,-0.000000,0.000000,0.000000,-0.000000,0.000000
9.730751,0.000000,-0.000000,0.000000,0.000000,-0.000000,0.000000,1.947474,-0.001549,0.009214,0.000000,-0.000000,0.000000,0.000000,-0.000000,0.000000
9.995709,0.000000,-0.000000,0.000000,0.000000,-0.000000,0.000000,1.947474,-0.001549,0.009214,0.000000,-0.000000,0.000000,0.000000,-0.000000,0.000000
10.249313,0.000000,-0.000000,0.000000,0.000000,-0.000000,0.000000,1.947474,-0.001549,0.009214,0.000000,-0.000000,0.000000,0.000000,-0.000000,0.000000
10.500039,0.000000,-0.000000,0.000000,0.000000,-0.000000,0.000000,1.947474,-0.001549,0.009214,0.000000,-0.000000,0.000000,0.000000,-0.000000,0.000000
10.765044,0.000000,-0.000000,0.000000,0.000000,-0.000000,0.000000,1.947474,-0.001549,0.009214,0.000000,-0.000000,0.000000,0.000000,-0.000000,0.000000
11.011149,0.000000,-0.000000,0.000000,0.000000,-0.000000,0.000000,1.947474,-0.001549,0.009214,0.000000,-0.000000,0.000000,0.000000,-0.000000,0.000000
11.274427,0.000000,-0.000000,0.000000,0.000000,-0.000000,0.000000,1.947474,-0.001549,0.009214,0.000000,-0.000000,0.000000,0.000000,-0.000000,0.000000
11.537118,0.000000,-0.000000,0.000000,0.000000,-0.000000,0.000000,1.947474,-0.001549,0.009214,0.000000,-0.000000,0.000000,0.000000,-0.000000,0.000000
11.768584,0.000000,-0.000000,0.000000,0.000000,-0.000000,0.000000,1.947474,-0.001549,0.009214,0.000000,-0.000000,0.000000,0.000000,-0.000000,0.000000
12.014051,0.000000,-0.000000,0.000000,0.000000,-0.000000,0.000000,1.947474,-0.001549,0.009214,0.000000,-0.000000,0.000000,0.000000,-0.000000,0.000000
12.263295,0.000000,-0.000000,0.000000,0.000000,-0.000000,0.000000,1.947474,-0.001549,0.009214,0.000000,-0.000000,0.000000,0.000000,-0.000000,0.000000
12.518602,0.000000,-0.000000,0.000000,0.000000,-0.000000,0.000000,1.947474,-0.001549,0.009214,0.000000,-0.000000,0.000000,0.000000,-0.000000,0.000000
12.769823,0.000000,-0.000000,0.000000,0.000000,-0.000000,0.000000,1.947474,-0.001549,0.009214,0.000000,-0.000000,0.000000,0.000000,-0.000000,0.000000
13.043907,0.000000,-0.000000,0.000000,0.000000,-0.000000,0.000000,1.947474,-0.001549,0.009214,0.000000,-0.000000,0.000000,0.000000,-0.000000,0.000000
13.297586,0.000000,-0.000000,0.000000,0.000000,-0.000000,0.000000,1.947474,-0.001549,0.009214,0.000000,-0.000000,0.000000,0.000000,-0.000000,0.000000
13.531640,0.000000,-0.000000,0.000000,0.000000,-0.000000,0.000000,1.947474,-0.001549,0.009214,0.000000,-0.000000,0.000000,0.000000,-0.000000,0.000000
13.784486,0.000000,-0.000000,0.000000,0.000000,-0.000000,0.000000,1.947474,-0.001549,0.009214,0.000000,-0.000000,0.000000,0.000000,-0.000000,0.000000
14.032072,0.000000,-0.000000,0.000000,0.000000,-0.000000,0.000000,1.947474,-0.001549,0.009214,0.000000,-0.000000,0.000000,0.000000,-0.000000,0.000000
14.306453,0.000000,-0.000000,0.000000,0.000000,-0.000000,0.000000,1.947474,-0.001549,0.009214,0.000000,-0.000000,0.000000,0.000000,-0.000000,0.000000
14.570237,0.000000,-0.000000,0.000000,0.000000,-0.000000,0.000000,1.947474,-0.001549,0.009214,0.000000,-0.000000,0.000000,0.000000,-0.000000,0.000000
14.810114,0.000000,-0.000000,0.000000,0.000000,-0.000000,0.000000,1.947474,-0.001549,0.009214,0.000000,-0.000000,0.000000,0.000000,-0.000000,0.000000
15.060226,0.000000,-0.000000,0.000000,0.000000,-0.000000,0.000000,1.947474,-0.001549,0.009214,0.000000,-0.000000,0.000000,0.000000,-0.000000,0.000000
15.325114,0.000000,-0.000000,0.000000,0.000000,-0.000000,0.000000,1.947474,-0.001549,0.009214,0.000000,-0.000000,0.000000,0.000000,-0.000000,0.000000
15.573895,0.000000,-0.000000,0.000000,0.000000,-0.000000,0.000000,1.947474,-0.001549,0.009214,0.000000,-0.000000,0.000000,0.000000,-0.000000,0.000000
15.838363,0.000000,-0.000000,0.000000,0.000000,-0.000000,0.000000,1.947474,-0.001549,0.009214,0.000000,-0.000000,0.000000,0.000000,-0.000000,0.000000
16.088957,0.000000,-0.000000,0.000000,0.000000,-0.000000,0.000000,1.947474,-0.001549,0.009214,0.000000,-0.000000,0.000000,0.000000,-0.000000,0.000000
16.347951,0.000000,-0.000000,0.000000,0.000000,-0.000000,0.000000,1.947474,-0.001549,0.009214,0.000000,-0.000000,0.000000,0.000000,-0.000000,0.000000
16.606937,0.000000,-0.000000,0.000000,0.000000,-0.000000,0.000000,1.947474,-0.001549,0.009214,0.000000,-0.000000,0.000000,0.000000,-0.000000,0.000000
16.859318,0.000000,-0.000000,0.000000,0.000000,-0.000000,0.000000,1.947474,-0.001549,0.009214,0.000000,-0.000000,0.000000,0.000000,-0.000000,0.000000
17.122937,0.000000,-0.000000,0.000000,0.000000,-0.000000,0.000000,1.947474,-0.001549,0.009214,0.000000,-0.000000,0.000000,0.000000,-0.000000,0.000000
17.363121,0.000000,-0.000000,0.000000,0.000000,-0.000000,0.000000,1.947474,-0.001549,0.009214,0.000000,-0.000000,0.000000,0.000000,-0.000000,0.000000
17.610037,0.000000,-0.000000,0.000000,0.000000,-0.000000,0.000000,1.947474,-0.001549,0.009214,0.000000,-0.000000,0.000000,0.000000,-0.000000,0.000000
17.861094,0.000000,-0.000000,0.000000,0.000000,-0.000000,0.000000,1.947474,-0.001549,0.009214,0.000000,-0.000000,0.000000,0.000000,-0.000000,0.000000
18.110040,0.000000,-0.000000,0.000000,0.000000,-0.000000,0.000000,1.947474,-0.001549,0.009214,0.000000,-0.000000,0.000000,0.000000,-0.000000,0.000000
18.356453,0.000000,-0.000000,0.000000,0.000000,-0.000000,0.000000,1.947474,-0.001549,0.009214,0.000000,-0.000000,0.000000,0.000000,-0.000000,0.000000
18.611821,0.000000,-0.000000,0.000000,0.000000,-0.000000,0.000000,1.947474,-0.001549,0.009214,0.000000,-0.000000,0.000000,0.000000,-0.000000,0.000000
18.859357,0.000000,-0.000000,0.000000,0.000000,-0.000000,0.000000,1.947474,-0.001549,0.009214,0.000000,-0.000000,0.000000,0.000000,-0.000000,0.000000
19.125543,0.000000,-0.000000,0.000000,0.000000,-0.000000,0.000000,1.947474,-0.001549,0.009214,0.000000,-0.000000,0.000000,0.000000,-0.000000,0.000000
19.377858,0.000000,-0.000000,0.000000,0.000000,-0.000000,0.000000,1.947474,-0.001549,0.009214,0.000000,-0.000000,0.000000,0.000000,-0.000000,0.000000
19.620204,0.000000,-0.000000,0.000000,0.000000,-0.000000,0.000000,1.947474,-0.001549,0.009214,0.000000,-0.000000,0.000000,0.000000,-0.000000,0.000000
19.853119,0.000000,-0.000000,0.000000,0.000000,-0.000000,0.000000,1.947474,-0.001549,0.009214,0.000000,-0.000000,0.000000,0.000000,-0.000000,0.000000
20.102327,0.000000,-0.000000,0.000000,0.000000,-0.000000,0.000000,1.947474,-0.001549,0.009214,0.000000,-0.000000,0.000000,0.000000,-0.000000,0.000000
20.358562,0.000000,-0.000000,0.000000,0.000000,-0.000000,0.000000,1.947474,-0.001549,0.009214,0.000000,-0.000000,0.000000,0.000000,-0.000000,0.000000
20.598367,0.000000,-0.000000,0.000000,0.000000,-0.000000,0.000000,1.947474,-0.001549,0.009214,0.000000,-0.000000,0.000000,0.000000,-0.000000,0.000000
20.855714,0.000000,-0.000000,0.000000,0.000000,-0.000000,0.000000,1.947474,-0.001549,0.009214,0.000000,-0.000000,0.000000,0.000000,-0.000000,0.000000
21.096499,0.000000,-0.000000,0.000000,0.000000,-0.000000,0.000000,1.947474,-0.001549,0.009214,0.000000,-0.000000,0.000000,0.000000,-0.000000,0.000000
21.351261,0.000000,-0.000000,0.000000,0.000000,-0.000000,0.000000,1.947474,-0.001549,0.009214,0.000000,-0.000000,0.000000,0.000000,-0.000000,0.000000
21.613736,0.000000,-0.000000,0.000000,0.000000,-0.000000,0.000000,1.947474,-0.001549,0.009214,0.000000,-0.000000,0.000000,0.000000,-0.000000,0.000000
21.869307,0.000000,-0.000000,0.000000,0.000000,-0.000000,0.000000,1.947474,-0.001549,0.009214,0.000000,-0.000000,0.000000,0.000000,-0.000000,0.000000
22.121011,0.000000,-0.000000,0.000000,0.000000,-0.000000,0.000000,1.947474,-0.001549,0.009214,0.000000,-0.000000,0.000000,0.000000,-0.000000,0.000000
22.372273,0.000000,-0.000000,0.000000,0.000000,-0.000000,0.000000,1.947474,-0.001549,0.009214,0.000000,-0.000000,0.000000,0.000000,-0.000000,0.000000
22.626244,0.000000,-0.000000,0.000000,0.000000,-0.000000,0.000000,1.947474,-0.001549,0.009214,0.000000,-0.000000,0.000000,0.000000,-0.000000,0.000000
22.894334,0.000000,-0.000000,0.000000,0.000000,-0.000000,0.000000,1.947474,-0.001549,0.009214,0.000000,-0.000000,0.000000,0.000000,-0.000000,0.000000
23.150741,0.000000,-0.000000,0.000000,0.000000,-0.000000,0.000000,1.947474,-0.001549,0.009214,0.000000,-0.000000,0.000000,0.000000,-0.000000,0.000000
23.391840,0.000000,-0.000000,0.000000,0.000000,-0.000000,0.000000,1.947474,-0.001549,0.009214,0.000000,-0.000000,0.000000,0.000000,-0.000000,0.000000
23.627534,0.000000,-0.000000,0.000000,0.000000,-0.000000,0.000000,1.947474,-0.001549,0.009214,0.000000,-0.000000,0.000000,0.000000,-0.000000,0.000000
23.884224,0.000000,-0.000000,0.000000,0.000000,-0.000000,0.000000,1.947474,-0.001549,0.009214,0.000000,-0.000000,0.000000,0.000000,-0.000000,0.000000
24.141919,0.000000,-0.000000,0.000000,0.000000,-0.000000,0.000000,1.947474,-0.001549,0.009214,0.000000,-0.000000,0.000000,0.000000,-0.000000,0.000000
24.400159,0.000000,-0.000000,0.000000,0.000000,-0.000000,0.000000,1.947474,-0.001549,0.009214,0.000000,-0.000000,0.000000,0.000000,-0.000000,0.000000
24.645711,0.000000,-0.000000,0.000000,0.000000,-0.000000,0.000000,1.947474,-0.001549,0.009214,0.000000,-0.000000,0.000000,0.000000,-0.000000,0.000000
24.895666,0.000000,-0.000000,0.000000,0.000000,-0.000000,0.000000,1.947474,-0.001549,0.009214,0.000000,-0.000000,0.000000,0.000000,-0.000000,0.000000
25.151696,0.000000,-0.000000,0.000000,0.000000,-0.000000,0.000000,1.947474,-0.001549,0.009214,0.000000,-0.000000,0.000000,0.000000,-0.000000,0.000000
25.409399,0.000000,-0.000000,0.000000,0.000000,-0.000000,0.000000,1.947474,-0.001549,0.009214,0.000000,-0.000000,0.000000,0.000000,-0.000000,0.000000
25.667089,0.000000,-0.000000,0.000000,0.000000,-0.000000,0.000000,1.947474,-0.001549,0.009214,0.000000,-0.000000,0.000000,0.000000,-0.000000,0.000000
25.924154,0.000000,-0.000000,0.000000,0.000000,-0.000000,0.000000,1.947474,-0.001549,0.009214,0.000000,-0.000000,0.000000,0.000000,-0.000000,0.000000
26.173694,0.000000,-0.000000,0.000000,0.000000,-0.000000,0.000000,1.947474,-0.001549,0.009214,0.000000,-0.000000,0.000000,0.000000,-0.000000,0.000000
26.424785,0.000000,-0.000000,0.000000,0.000000,-0.000000,0.000000,1.947474,-0.001549,0.009214,0.000000,-0.000000,0.000000,0.000000,-0.000000,0.000000
26.675226,0.000000,-0.000000,0.000000,0.000000,-0.000000,0.000000,1.947474,-0.001549,0.009214,0.000000,-0.000000,0.000000,0.000000,-0.000000,0.000000
26.944540,0.000000,-0.000000,0.000000,0.000000,-0.000000,0.000000,1.947474,-0.001549,0.009214,0.000000,-0.000000,0.000000,0.000000,-0.000000,0.000000
27.196155,0.000000,-0.000000,0.000000,0.000000,-0.000000,0.000000,1.947474,-0.001549,0.009214,0.000000,-0.000000,0.000000,0.000000,-0.000000,0.000000
27.465599,0.000000,-0.000000,0.000000,0.000000,-0.000000,0.000000,1.947474,-0.001549,0.009214,0.000000,-0.000000,0.000000,0.000000,-0.000000,0.000000
27.712886,0.000000,-0.000000,0.000000,0.000000,-0.000000,0.000000,1.947474,-0.001549,0.009214,0.000000,-0.000000,0.000000,0.000000,-0.000000,0.000000
27.976433,0.000000,-0.000000,0.000000,0.000000,-0.000000,0.000000,1.947474,-0.001549,0.009214,0.000000,-0.000000,0.000000,0.000000,-0.000000,0.000000
28.226756,0.000000,-0.000000,0.000000,0.000000,-0.000000,0.000000,1.947474,-0.001549,0.009214,0.000000,-0.000000,0.000000,0.000000,-0.000000,0.000000
28.478456,0.000000,-0.000000,0.000000,0.000000,-0.000000,0.000000,1.947474,-0.001549,0.009214,0.000000,-0.000000,0.000000,0.000000,-0.000000,0.000000
28.743495,0.000000,-0.000000,0.000000,0.000000,-0.000000,0.000000,1.947474,-0.001549,0.009214,0.000000,-0.000000,0.000000,0.000000,-0.000000,0.000000
28.993799,0.000000,-0.000000,0.000000,0.000000,-0.000000,0.000000,1.947474,-0.001549,0.009214,0.000000,-0.000000,0.000000,0.000000,-0.000000,0.000000
29.252228,0.000000,-0.000000,0.000000,0.000000,-0.000000,0.000000,1.947474,-0.001549,0.009214,0.000000,-0.000000,0.000000,0.000000,-0.000000,0.000000
29.491284,0.000000,-0.000000,0.000000,0.000000,-0.000000,0.000000,1.947474,-0.001549,0.009214,0.000000,-0.000000,0.000000,0.000000,-0.000000,0.000000
29.731753,0.000000,-0.000000,0.000000,0.000000,-0.000000,0.000000,1.947474,-0.001549,0.009214,0.000000,-0.000000,0.000000,0.000000,-0.000000,0.000000
29.975326,0.000000,-0.000000,0.000000,0.000000,-0.000000,0.000000,1.947474,-0.001549,0.009214,0.000000,-0.000000,0.000000,0.000000,-0.000000,0.000000
30.208642,0.000000,-0.000000,0.000000,0.000000,-0.000000,0.000000,1.947474,-0.001549,0.009214,0.000000,-0.000000,0.000000,0.000000,-0.000000,0.000000
30.465461,0.000000,-0.000000,0.000000,0.000000,-0.000000,0.000000,1.947474,-0.001549,0.009214,0.000000,-0.000000,0.000000,0.000000,-0.000000,0.000000
30.723152,0.000000,-0.000000,0.000000,0.000000,-0.000000,0.000000,1.947474,-0.001549,0.009214,0.000000,-0.000000,0.000000,0.000000,-0.000000,0.000000
30.970690,0.000000,-0.000000,0.000000,0.000000,-0.000000,0.000000,1.947474,-0.001549,0.009214,0.000000,-0.000000,0.000000,0.000000,-0.000000,0.000000
31.225947,0.000000,-0.000000,0.000000,0.000000,-0.000000,0.000000,1.947474,-0.001549,0.009214,0.000000,-0.000000,0.000000,2.576060,-0.004648,-0.006974
31.471821,0.000000,-0.000000,0.000000,0.000000,-0.000000,0.000000,1.947474,-0.001549,0.009214,0.000000,-0.000000,0.000000,2.576060,-0.004648,-0.006974
31.721029,0.000000,-0.000000,0.000000,0.000000,-0.000000,0.000000,1.947474,-0.001549,0.009214,0.000000,-0.000000,0.000000,2.576060,-0.004648,-0.006974
31.952460,0.000000,-0.000000,0.000000,0.000000,-0.000000,0.000000,1.947474,-0.001549,0.009214,0.000000,-0.000000,0.000000,2.576060,-0.004648,-0.006974
32.182584,0.000000,-0.000000,0.000000,0.000000,-0.000000,0.000000,1.947474,-0.001549,0.009214,0.000000,-0.000000,0.000000,2.576060,-0.004648,-0.006974
32.452580,0.000000,-0.000000,0.000000,0.000000,-0.000000,0.000000,1.947474,-0.001549,0.009214,0.000000,-0.000000,0.000000,2.576060,-0.004648,-0.006974
32.721756,0.000000,-0.000000,0.000000,0.000000,-0.000000,0.000000,1.947474,-0.001549,0.009214,0.000000,-0.000000,0.000000,2.576060,-0.004648,-0.006974
32.969060,0.000000,-0.000000,0.000000,0.000000,-0.000000,0.000000,1.947474,-0.001549,0.009214,0.000000,-0.000000,0.000000,2.576060,-0.004648,-0.006974
33.242858,0.000000,-0.000000,0.000000,0.000000,-0.000000,0.000000,1.947474,-0.001549,0.009214,0.000000,-0.000000,0.000000,2.576060,-0.004648,-0.006974
33.482663,0.000000,-0.000000,0.000000,0.000000,-0.000000,0.000000,1.947474,-0.001549,0.009214,0.000000,-0.000000,0.000000,2.576060,-0.004648,-0.006974
33.740037,0.000000,-0.000000,0.000000,0.000000,-0.000000,0.000000,1.947474,-0.001549,0.009214,0.000000,-0.000000,0.000000,2.576060,-0.004648,-0.006974
33.993184,0.000000,-0.000000,0.000000,0.000000,-0.000000,0.000000,1.947474,-0.001549,0.009214,0.000000,-0.000000,0.000000,2.576060,-0.004648,-0.006974
34.267561,0.000000,-0.000000,0.000000,0.000000,-0.000000,0.000000,1.947474,-0.001549,0.009214,0.000000,-0.000000,0.000000,2.576060,-0.004648,-0.006974
34.525841,0.000000,-0.000000,0.000000,0.000000,-0.000000,0.000000,1.947474,-0.001549,0.009214,0.000000,-0.000000,0.000000,2.576060,-0.004648,-0.006974
34.755985,0.000000,-0.000000,0.000000,2.649069,0.012400,0.001085,1.947474,-0.001549,0.009214,0.000000,-0.000000,0.000000,2.576060,-0.004648,-0.006974
35.033888,0.000000,-0.000000,0.000000,0.185389,0.028005,-0.008828,-0.516027,0.003975,-0.008428,0.634317,0.018565,0.030148,0.112550,0.010193,-0.017996
35.300527,0.000000,-0.000000,0.000000,0.185389,0.028005,-0.008828,-0.516027,0.003975,-0.008428,0.634317,0.018565,0.030148,0.112550,0.010193,-0.017996
35.546327,0.000000,-0.000000,0.000000,0.185389,0.028005,-0.008828,-0.516027,0.003975,-0.008428,0.634317,0.018565,0.030148,0.112550,0.010193,-0.017996
35.793523,0.000000,-0.000000,0.000000,0.185389,0.028005,-0.008828,-0.516027,0.003975,-0.008428,0.634317,0.018565,0.030148,0.112550,0.010193,-0.017996
36.058780,0.000000,-0.000000,0.000000,0.185389,0.028005,-0.008828,-0.516027,0.003975,-0.008428,0.634317,0.018565,0.030148,0.112550,0.010193,-0.017996
36.323604,0.000000,-0.000000,0.000000,0.185389,0.028005,-0.008828,-0.516027,0.003975,-0.008428,0.634317,0.018565,0.030148,0.112550,0.010193,-0.017996
36.601328,0.000000,-0.000000,0.000000,0.185389,0.028005,-0.008828,-0.516027,0.003975,-0.008428,0.634317,0.018565,0.030148,0.112550,0.010193,-0.017996
36.859650,0.000000,-0.000000,0.000000,0.185389,0.028005,-0.008828,-0.516027,0.003975,-0.008428,0.634317,0.018565,0.030148,0.112550,0.010193,-0.017996
37.107753,0.000000,-0.000000,0.000000,0.185389,0.028005,-0.008828,-0.516027,0.003975,-0.008428,0.634317,0.018565,0.030148,0.112550,0.010193,-0.017996
37.377104,0.000000,-0.000000,0.000000,0.185389,0.028005,-0.008828,-0.516027,0.003975,-0.008428,0.634317,0.018565,0.030148,0.112550,0.010193,-0.017996
37.619910,0.000000,-0.000000,0.000000,0.185389,0.028005,-0.008828,-0.516027,0.003975,-0.008428,0.634317,0.018565,0.030148,0.112550,0.010193,-0.017996
37.878361,0.000000,-0.000000,0.000000,0.185389,0.028005,-0.008828,-0.516027,0.003975,-0.008428,0.634317,0.018565,0.030148,0.112550,0.010193,-0.017996
38.113813,0.000000,-0.000000,0.000000,0.185389,0.028005,-0.008828,-0.516027,0.003975,-0.008428,0.634317,0.018565,0.030148,0.112550,0.010193,-0.017996
38.352878,0.000000,-0.000000,0.000000,0.185389,0.028005,-0.008828,-0.516027,0.003975,-0.008428,0.634317,0.018565,0.030148,0.112550,0.010193,-0.017996
38.594226,0.000000,-0.000000,0.000000,0.185389,0.028005,-0.008828,-0.516027,0.003975,-0.008428,0.634317,0.018565,0.030148,0.112550,0.010193,-0.017996
38.835286,0.000000,-0.000000,0.000000,0.185389,0.028005,-0.008828,-0.516027,0.003975,-0.008428,0.634317,0.018565,0.030148,0.112550,0.010193,-0.017996
39.088536,0.000000,-0.000000,0.000000,0.185389,0.028005,-0.008828,-0.516027,0.003975,-0.008428,0.634317,0.018565,0.030148,0.112550,0.010193,-0.017996
39.356484,0.000000,-0.000000,0.000000,0.185389,0.028005,-0.008828,-0.516027,0.003975,-0.008428,0.634317,0.018565,0.030148,0.112550,0.010193,-0.017996
39.622943,0.000000,-0.000000,0.000000,0.185389,0.028005,-0.008828,-0.516027,0.003975,-0.008428,0.634317,0.018565,0.030148,0.112550,0.010193,-0.017996
39.897915,0.000000,-0.000000,0.000000,0.185389,0.028005,-0.008828,-0.516027,0.003975,-0.008428,0.634317,0.018565,0.030148,0.112550,0.010193,-0.017996
40.150879,0.000000,-0.000000,0.000000,0.185389,0.028005,-0.008828,-0.516027,0.003975,-0.008428,0.634317,0.018565,0.030148,0.112550,0.010193,-0.017996
40.417596,0.000000,-0.000000,0.000000,0.185389,0.028005,-0.008828,-0.516027,0.003975,-0.008428,0.634317,0.018565,0.030148,0.112550,0.010193,-0.017996
40.691688,0.000000,-0.000000,0.000000,0.185389,0.028005,-0.008828,-0.516027,0.003975,-0.008428,0.634317,0.018565,0.030148,0.112550,0.010193,-0.017996
40.932299,0.000000,-0.000000,0.000000,0.185389,0.028005,-0.008828,-0.516027,0.003975,-0.008428,0.634317,0.018565,0.030148,0.112550,0.010193,-0.017996
41.173026,0.000000,-0.000000,0.000000,0.185389,0.028005,-0.008828,-0.516027,0.003975,-0.008428,0.634317,0.018565,0.030148,0.112550,0.010193,-0.017996
41.413755,0.000000,-0.000000,0.000000,0.185389,0.028005,-0.008828,-0.516027,0.003975,-0.008428,0.634317,0.018565,0.030148,0.112550,0.010193,-0.017996
41.672526,0.000000,-0.000000,0.000000,0.185389,0.028005,-0.008828,-0.516027,0.003975,-0.008428,0.634317,0.018565,0.030148,0.112550,0.010193,-0.017996
41.949742,0.000000,-0.000000,0.000000,0.185389,0.028005,-0.008828,-0.516027,0.003975,-0.008428,0.634317,0.018565,0.030148,0.112550,0.010193,-0.017996
42.209219,0.000000,-0.000000,0.000000,0.185389,0.028005,-0.008828,-0.516027,0.003975,-0.008428,0.634317,0.018565,0.030148,0.112550,0.010193,-0.017996
42.448738,0.000000,-0.000000,0.000000,0.185389,0.028005,-0.008828,-0.516027,0.003975,-0.008428,0.634317,0.018565,0.030148,0.112550,0.010193,-0.017996
42.702038,0.000000,-0.000000,0.000000,0.185389,0.028005,-0.008828,-0.516027,0.003975,-0.008428,0.634317,0.018565,0.030148,0.112550,0.010193,-0.017996
42.953371,0.000000,-0.000000,0.000000,0.185389,0.028005,-0.008828,-0.516027,0.003975,-0.008428,0.634317,0.018565,0.030148,0.112550,0.010193,-0.017996
43.229877,0.000000,-0.000000,0.000000,0.185389,0.028005,-0.008828,-0.516027,0.003975,-0.008428,0.634317,0.018565,0.030148,0.112550,0.010193,-0.017996
43.463293,0.000000,-0.000000,0.000000,0.185389,0.028005,-0.008828,-0.516027,0.003975,-0.008428,0.634317,0.018565,0.030148,0.112550,0.010193,-0.017996
43.714635,0.000000,-0.000000,0.000000,0.185389,0.028005,-0.008828,-0.516027,0.003975,-0.008428,0.634317,0.018565,0.030148,0.112550,0.010193,-0.017996
43.953025,0.000000,-0.000000,0.000000,0.185389,0.028005,-0.008828,-0.516027,0.003975,-0.008428,0.634317,0.018565,0.030148,0.112550,0.010193,-0.017996
44.168634,0.000000,-0.000000,0.000000,0.185389,0.028005,-0.008828,-0.516027,0.003975,-0.008428,0.634317,0.018565,0.030148,0.112550,0.010193,-0.017996
44.424543,0.000000,-0.000000,0.000000,0.185389,0.028005,-0.008828,-0.516027,0.003975,-0.008428,0.634317,0.018565,0.030148,0.112550,0.010193,-0.017996
44.673614,0.000000,-0.000000,0.000000,0.185389,0.028005,-0.008828,-0.516027,0.003975,-0.008428,0.634317,0.018565,0.030148,0.112550,0.010193,-0.017996
44.947618,0.000000,-0.000000,0.000000,0.185389,0.028005,-0.008828,-0.516027,0.003975,-0.008428,0.634317,0.018565,0.030148,0.112550,0.010193,-0.017996
45.201007,0.000000,-0.000000,0.000000,0.185389,0.028005,-0.008828,-0.516027,0.003975,-0.008428,0.634317,0.018565,0.030148,0.112550,0.010193,-0.017996
45.451075,0.000000,-0.000000,0.000000,0.185389,0.028005,-0.008828,-0.516027,0.003975,-0.008428,0.634317,0.018565,0.030148,0.112550,0.010193,-0.017996
45.698945,0.000000,-0.000000,0.000000,0.185389,0.028005,-0.008828,-0.516027,0.003975,-0.008428,0.634317,0.018565,0.030148,0.112550,0.010193,-0.017996
45.928763,0.000000,-0.000000,0.000000,0.185389,0.028005,-0.008828,-0.516027,0.003975,-0.008428,0.634317,0.018565,0.030148,0.112550,0.010193,-0.017996
46.183739,0.000000,-0.000000,0.000000,0.185389,0.028005,-0.008828,-0.516027,0.003975,-0.008428,0.634317,0.018565,0.030148,0.112550,0.010193,-0.017996
46.438342,0.000000,-0.000000,0.000000,0.185389,0.028005,-0.008828,-0.516027,0.003975,-0.008428,0.634317,0.018565,0.030148,0.112550,0.010193,-0.017996
46.677908,0.000000,-0.000000,0.000000,0.185389,0.028005,-0.008828,-0.516027,0.003975,-0.008428,0.634317,0.018565,0.030148,0.112550,0.010193,-0.017996
46.919746,0.000000,-0.000000,0.000000,0.185389,0.028005,-0.008828,-0.516027,0.003975,-0.008428,0.634317,0.018565,0.030148,0.112550,0.010193,-0.017996
47.172207,0.000000,-0.000000,0.000000,0.185389,0.028005,-0.008828,-0.516027,0.003975,-0.008428,0.634317,0.018565,0.030148,0.112550,0.010193,-0.017996
47.429883,0.000000,-0.000000,0.000000,0.185389,0.028005,-0.008828,-0.516027,0.003975,-0.008428,0.634317,0.018565,0.030148,0.112550,0.010193,-0.017996
47.688800,0.000000,-0.000000,0.000000,0.185389,0.028005,-0.008828,-0.516027,0.003975,-0.008428,0.634317,0.018565,0.030148,0.112550,0.010193,-0.017996
47.948945,0.000000,-0.000000,0.000000,0.185389,0.028005,-0.008828,-0.516027,0.003975,-0.008428,0.634317,0.018565,0.030148,0.112550,0.010193,-0.017996
48.209059,0.000000,-0.000000,0.000000,0.185389,0.028005,-0.008828,-0.516027,0.003975,-0.008428,0.634317,0.018565,0.030148,0.112550,0.010193,-0.017996
48.449899,0.000000,-0.000000,0.000000,0.185389,0.028005,-0.008828,-0.516027,0.003975,-0.008428,0.634317,0.018565,0.030148,0.112550,0.010193,-0.017996
48.691011,0.000000,-0.000000,0.000000,0.185389,0.028005,-0.008828,-0.516027,0.003975,-0.008428,0.634317,0.018565,0.030148,0.112550,0.010193,-0.017996
48.950511,0.000000,-0.000000,0.000000,0.185389,0.028005,-0.008828,-0.516027,0.003975,-0.008428,0.634317,0.018565,0.030148,0.112550,0.010193,-0.017996
49.221260,0.000000,-0.000000,0.000000,0.185389,0.028005,-0.008828,-0.516027,0.003975,-0.008428,0.634317,0.018565,0.030148,0.112550,0.010193,-0.017996
49.459772,0.000000,-0.000000,0.000000,0.185389,0.028005,-0.008828,-0.516027,0.003975,-0.008428,0.634317,0.018565,0.030148,0.112550,0.010193,-0.017996
49.699417,0.000000,-0.000000,0.000000,0.185389,0.028005,-0.008828,-0.516027,0.003975,-0.008428,0.634317,0.018565,0.030148,0.112550,0.010193,-0.017996
49.935438,0.000000,-0.000000,0.000000,0.185389,0.028005,-0.008828,-0.516027,0.003975,-0.008428,0.634317,0.018565,0.030148,0.112550,0.010193,-0.017996
50.185917,0.000000,-0.000000,0.000000,0.185389,0.028005,-0.008828,-0.516027,0.003975,-0.008428,0.634317,0.018565,0.030148,0.112550,0.010193,-0.017996
50.418277,0.000000,-0.000000,0.000000,0.185389,0.028005,-0.008828,-0.516027,0.003975,-0.008428,0.634317,0.018565,0.030148,0.112550,0.010193,-0.017996
50.650449,0.000000,-0.000000,0.000000,0.185389,0.028005,-0.008828,-0.516027,0.003975,-0.008428,0.634317,0.018565,0.030148,0.112550,0.010193,-0.017996
50.900082,0.000000,-0.000000,0.000000,0.185389,0.028005,-0.008828,-0.516027,0.003975,-0.008428,0.634317,0.018565,0.030148,0.112550,0.010193,-0.017996
51.138851,0.000000,-0.000000,0.000000,0.185389,0.028005,-0.008828,-0.516027,0.003975,-0.008428,0.634317,0.018565,0.030148,0.112550,0.010193,-0.017996
51.380917,0.000000,-0.000000,0.000000,0.185389,0.028005,-0.008828,-0.516027,0.003975,-0.008428,0.634317,0.018565,0.030148,0.112550,0.010193,-0.017996
51.622623,0.000000,-0.000000,0.000000,0.185389,0.028005,-0.008828,-0.516027,0.003975,-0.008428,0.634317,0.018565,0.030148,0.112550,0.010193,-0.017996
51.862105,0.000000,-0.000000,0.000000,0.185389,0.028005,-0.008828,-0.516027,0.003975,-0.008428,0.634317,0.018565,0.030148,0.112550,0.010193,-0.017996
52.097590,0.000000,-0.000000,0.000000,0.185389,0.028005,-0.008828,-0.516027,0.003975,-0.008428,0.634317,0.018565,0.030148,0.112550,0.010193,-0.017996
52.351888,0.000000,-0.000000,0.000000,0.185389,0.028005,-0.008828,-0.516027,0.003975,-0.008428,0.634317,0.018565,0.030148,0.112550,0.010193,-0.017996
52.605584,0.000000,-0.000000,0.000000,0.185389,0.028005,-0.008828,-0.516027,0.003975,-0.008428,0.634317,0.018565,0.030148,0.112550,0.010193,-0.017996
52.857679,0.000000,-0.000000,0.000000,0.185389,0.028005,-0.008828,-0.516027,0.003975,-0.008428,0.634317,0.018565,0.030148,0.112550,0.010193,-0.017996
53.107066,0.000000,-0.000000,0.000000,0.185389,0.028005,-0.008828,-0.516027,0.003975,-0.008428,0.634317,0.018565,0.030148,0.112550,0.010193,-0.017996
53.379397,0.000000,-0.000000,0.000000,0.185389,0.028005,-0.008828,-0.516027,0.003975,-0.008428,0.634317,0.018565,0.030148,0.112550,0.010193,-0.017996
53.616653,0.000000,-0.000000,0.000000,0.185389,0.028005,-0.008828,-0.516027,0.003975,-0.008428,0.634317,0.018565,0.030148,0.112550,0.010193,-0.017996
53.849559,0.000000,-0.000000,0.000000,0.185389,0.028005,-0.008828,-0.516027,0.003975,-0.008428,0.634317,0.018565,0.030148,0.112550,0.010193,-0.017996
54.117152,0.000000,-0.000000,0.000000,0.185389,0.028005,-0.008828,-0.516027,0.003975,-0.008428,0.634317,0.018565,0.030148,0.112550,0.010193,-0.017996
54.354263,0.000000,-0.000000,0.000000,0.185389,0.028005,-0.008828,-0.516027,0.003975,-0.008428,0.634317,0.018565,0.030148,0.112550,0.010193,-0.017996
54.588109,0.000000,-0.000000,0.000000,0.185389,0.028005,-0.008828,-0.516027,0.003975,-0.008428,0.634317,0.018565,0.030148,0.112550,0.010193,-0.017996
54.836404,0.000000,-0.000000,0.000000,0.185389,0.028005,-0.008828,-0.516027,0.003975,-0.008428,0.634317,0.018565,0.030148,0.112550,0.010193,-0.017996
55.085716,0.000000,-0.000000,0.000000,0.185389,0.028005,-0.008828,-0.516027,0.003975,-0.008428,0.634317,0.018565,0.030148,0.112550,0.010193,-0.017996
55.337036,0.000000,-0.000000,0.000000,0.185389,0.028005,-0.008828,-0.516027,0.003975,-0.008428,0.634317,0.018565,0.030148,0.112550,0.010193,-0.017996
55.586630,0.000000,-0.000000,0.000000,0.185389,0.028005,-0.008828,-0.516027,0.003975,-0.008428,0.634317,0.018565,0.030148,0.112550,0.010193,-0.017996
55.862087,0.000000,-0.000000,0.000000,0.185389,0.028005,-0.008828,-0.516027,0.003975,-0.008428,0.634317,0.018565,0.030148,0.112550,0.010193,-0.017996
56.132687,0.000000,-0.000000,0.000000,0.185389,0.028005,-0.008828,-0.516027,0.003975,-0.008428,0.634317,0.018565,0.030148,0.112550,0.010193,-0.017996
56.388690,0.000000,-0.000000,0.000000,0.185389,0.028005,-0.008828,-0.516027,0.003975,-0.008428,0.634317,0.018565,0.030148,0.112550,0.010193,-0.017996
56.640994,0.000000,-0.000000,0.000000,0.185389,0.028005,-0.008828,-0.516027,0.003975,-0.008428,0.634317,0.018565,0.030148,0.112550,0.010193,-0.017996
56.890425,0.000000,-0.000000,0.000000,0.185389,0.028005,-0.008828,-0.516027,0.003975,-0.008428,0.634317,0.018565,0.030148,0.112550,0.010193,-0.017996
57.148282,0.000000,-0.000000,0.000000,0.185389,0.028005,-0.008828,-0.516027,0.003975,-0.008428,0.634317,0.018565,0.030148,0.112550,0.010193,-0.017996
57.402725,0.000000,-0.000000,0.000000,0.185389,0.028005,-0.008828,-0.516027,0.003975,-0.008428,0.634317,0.018565,0.030148,0.112550,0.010193,-0.017996
57.637378,0.000000,-0.000000,0.000000,0.185389,0.028005,-0.008828,-0.516027,0.003975,-0.008428,0.634317,0.018565,0.030148,0.112550,0.010193,-0.017996
57.907254,0.000000,-0.000000,0.000000,0.185389,0.028005,-0.008828,-0.516027,0.003975,-0.008428,0.634317,0.018565,0.030148,0.112550,0.010193,-0.017996
58.174746,0.000000,-0.000000,0.000000,0.185389,0.028005,-0.008828,-0.516027,0.003975,-0.008428,0.634317,0.018565,0.030148,0.112550,0.010193,-0.017996
58.432078,0.000000,-0.000000,0.000000,0.185389,0.028005,-0.008828,-0.516027,0.003975,-0.008428,0.634317,0.018565,0.030148,0.112550,0.010193,-0.017996
58.689275,0.000000,-0.000000,0.000000,0.185389,0.028005,-0.008828,-0.516027,0.003975,-0.008428,0.634317,0.018565,0.030148,0.112550,0.010193,-0.017996
58.918744,0.000000,-0.000000,0.000000,0.185389,0.028005,-0.008828,-0.516027,0.003975,-0.008428,0.634317,0.018565,0.030148,0.112550,0.010193,-0.017996
59.157140,0.000000,-0.000000,0.000000,0.185389,0.028005,-0.008828,-0.516027,0.003975,-0.008428,0.634317,0.018565,0.030148,0.112550,0.010193,-0.017996
59.398074,0.000000,-0.000000,0.000000,0.185389,0.028005,-0.008828,-0.516027,0.003975,-0.008428,0.634317,0.018565,0.030148,0.112550,0.010193,-0.017996
59.639072,0.000000,-0.000000,0.000000,0.185389,0.028005,-0.008828,-0.516027,0.003975,-0.008428,0.634317,0.018565,0.030148,0.112550,0.010193,-0.017996
59.881249,0.000000,-0.000000,0.000000,0.185389,0.028005,-0.008828,-0.516027,0.003975,-0.008428,0.634317,0.018565,0.030148,0.112550,0.010193,-0.017996
