0.000000,0.000000,-0.000000,0.000000,0.082466,-0.002156,-0.036610,-0.053550,-0.013748,0.015412,0.018889,-0.048426,-0.052221,0.033246,-0.053308,-0.057195
0.230804,0.000000,-0.000000,0.000000,-0.000570,-0.015031,-0.008646,-0.141745,-0.030723,0.042019,-0.164465,-0.074120,0.018778,-0.027582,-0.052513,-0.027746
0.363224,0.000000,-0.000000,0.000000,-0.056538,-0.020305,0.016593,-0.202548,-0.049557,0.052645,-0.289843,-0.081467,0.078578,-0.067847,-0.054625,-0.004813
0.472255,0.000000,-0.000000,0.000000,-0.077787,-0.023051,0.025145,-0.227474,-0.050268,0.062210,-0.345044,-0.076333,0.101710,-0.092521,-0.057246,0.004439
0.601395,0.000000,-0.000000,0.000000,-0.077787,-0.023051,0.025145,-0.233169,-0.056439,0.056068,-0.357528,-0.076600,0.104607,-0.092521,-0.057246,0.004439
0.769947,0.000000,-0.000000,0.000000,-0.077787,-0.023051,0.025145,-0.233169,-0.056439,0.056068,-0.357339,-0.069237,0.107527,-0.092521,-0.057246,0.004439
0.873971,0.000000,-0.000000,0.000000,-0.077787,-0.023051,0.025145,-0.233169,-0.056439,0.056068,-0.361789,-0.063802,0.115054,-0.092521,-0.057246,0.004439
0.985416,0.000000,-0.000000,0.000000,-0.077787,-0.023051,0.025145,-0.233169,-0.056439,0.056068,-0.365255,-0.059996,0.117411,-0.092521,-0.057246,0.004439
1.090899,0.000000,-0.000000,0.000000,-0.077787,-0.023051,0.025145,-0.233169,-0.056439,0.056068,-0.368847,-0.059861,0.118325,-0.092521,-0.057246,0.004439
1.197436,0.000000,-0.000000,0.000000,-0.077787,-0.023051,0.025145,-0.233169,-0.056439,0.056068,-0.368847,-0.059861,0.118325,-0.092521,-0.057246,0.004439
1.472820,0.000000,-0.000000,0.000000,-0.077787,-0.023051,0.025145,-0.233169,-0.056439,0.056068,-0.368847,-0.059861,0.118325,-0.092521,-0.057246,0.004439
1.747586,0.000000,-0.000000,0.000000,-0.077787,-0.023051,0.025145,-0.233169,-0.056439,0.056068,-0.368847,-0.059861,0.118325,-0.092521,-0.057246,0.004439
1.996035,0.000000,-0.000000,0.000000,-0.077787,-0.023051,0.025145,-0.233169,-0.056439,0.056068,-0.368847,-0.059861,0.118325,-0.092521,-0.057246,0.004439
2.261774,0.000000,-0.000000,0.000000,-0.077787,-0.023051,0.025145,-0.233169,-0.056439,0.056068,-0.368847,-0.059861,0.118325,-0.092521,-0.057246,0.004439
2.526391,0.000000,-0.000000,0.000000,-0.077787,-0.023051,0.025145,-0.233169,-0.056439,0.056068,-0.368847,-0.059861,0.118325,-0.092521,-0.057246,0.004439
2.794893,0.000000,-0.000000,0.000000,-0.077787,-0.023051,0.025145,-0.233169,-0.056439,0.056068,-0.368847,-0.059861,0.118325,-0.092521,-0.057246,0.004439
3.049602,0.000000,-0.000000,0.000000,-0.077787,-0.023051,0.025145,-0.233169,-0.056439,0.056068,-0.368847,-0.059861,0.118325,-0.092521,-0.057246,0.004439
3.316349,0.000000,-0.000000,0.000000,-0.077787,-0.023051,0.025145,-0.233169,-0.056439,0.056068,-0.368847,-0.059861,0.118325,-0.092521,-0.057246,0.004439
3.591070,0.000000,-0.000000,0.000000,-0.077787,-0.023051,0.025145,-0.233169,-0.056439,0.056068,-0.368847,-0.059861,0.118325,-0.092521,-0.057246,0.004439
3.818180,0.000000,-0.000000,0.000000,-0.077787,-0.023051,0.025145,-0.233169,-0.056439,0.056068,-0.368847,-0.059861,0.118325,-0.092521,-0.057246,0.004439
4.063297,0.000000,-0.000000,0.000000,-0.077787,-0.023051,0.025145,-0.233169,-0.056439,0.056068,-0.368847,-0.059861,0.118325,-0.092521,-0.057246,0.004439
4.318980,0.000000,-0.000000,0.000000,-0.077787,-0.023051,0.025145,-0.233169,-0.056439,0.056068,-0.362069,-0.038889,0.129637,-0.092521,-0.057246,0.004439
4.580484,0.000000,-0.000000,0.000000,-0.077787,-0.023051,0.025145,-0.233169,-0.056439,0.056068,-0.362069,-0.038889,0.129637,-0.092521,-0.057246,0.004439
4.857393,0.000000,-0.000000,0.000000,-0.077787,-0.023051,0.025145,-0.233169,-0.056439,0.056068,-0.362069,-0.038889,0.129637,-0.092521,-0.057246,0.004439
5.112792,0.000000,-0.000000,0.000000,-0.077787,-0.023051,0.025145,-0.233169,-0.056439,0.056068,-0.362069,-0.038889,0.129637,-0.092521,-0.057246,0.004439
5.369949,0.000000,-0.000000,0.000000,-0.077787,-0.023051,0.025145,-0.233169,-0.056439,0.056068,-0.362069,-0.038889,0.129637,-0.092521,-0.057246,0.004439
5.639469,0.000000,-0.000000,0.000000,-0.077787,-0.023051,0.025145,-0.233169,-0.056439,0.056068,-0.362069,-0.038889,0.129637,-0.092521,-0.057246,0.004439
5.913192,0.000000,-0.000000,0.000000,-0.077787,-0.023051,0.025145,-0.233169,-0.056439,0.056068,-0.362069,-0.038889,0.129637,-0.092521,-0.057246,0.004439
6.161446,0.000000,-0.000000,0.000000,-0.077787,-0.023051,0.025145,-0.233169,-0.056439,0.056068,-0.362069,-0.038889,0.129637,-0.092521,-0.057246,0.004439
6.434996,0.000000,-0.000000,0.000000,-0.077787,-0.023051,0.025145,-0.233169,-0.056439,0.056068,-0.362069,-0.038889,0.129637,-0.092521,-0.057246,0.004439
6.706817,0.000000,-0.000000,0.000000,-0.077787,-0.023051,0.025145,-0.233169,-0.056439,0.056068,-0.362069,-0.038889,0.129637,-0.092521,-0.057246,0.004439
6.943740,0.000000,-0.000000,0.000000,-0.077787,-0.023051,0.025145,-0.233169,-0.056439,0.056068,-0.362069,-0.038889,0.129637,-0.092521,-0.057246,0.004439
7.168385,0.000000,-0.000000,0.000000,-0.077787,-0.023051,0.025145,-0.233169,-0.056439,0.056068,-0.362069,-0.038889,0.129637,-0.092521,-0.057246,0.004439
7.413915,0.000000,-0.000000,0.000000,-0.077787,-0.023051,0.025145,-0.233169,-0.056439,0.056068,-0.362069,-0.038889,0.129637,-0.092521,-0.057246,0.004439
7.659053,0.000000,-0.000000,0.000000,-0.077787,-0.023051,0.025145,-0.233169,-0.056439,0.056068,-0.362069,-0.038889,0.129637,-0.092521,-0.057246,0.004439
7.903275,0.000000,-0.000000,0.000000,-0.077787,-0.023051,0.025145,-0.233169,-0.056439,0.056068,-0.362069,-0.038889,0.129637,-0.092521,-0.057246,0.004439
8.156000,0.000000,-0.000000,0.000000,-0.077787,-0.023051,0.025145,-0.233169,-0.056439,0.056068,-0.362069,-0.038889,0.129637,-0.092521,-0.057246,0.004439
8.391783,0.000000,-0.000000,0.000000,-0.077787,-0.023051,0.025145,-0.233169,-0.056439,0.056068,-0.362069,-0.038889,0.129637,-0.092521,-0.057246,0.004439
8.627395,0.000000,-0.000000,0.000000,-0.077787,-0.023051,0.025145,-0.233169,-0.056439,0.056068,-0.362069,-0.038889,0.129637,-0.092521,-0.057246,0.004439
8.867478,0.000000,-0.000000,0.000000,-0.077787,-0.023051,0.025145,-0.233169,-0.056439,0.056068,-0.362069,-0.038889,0.129637,-0.092521,-0.057246,0.004439
9.123179,0.000000,-0.000000,0.000000,-0.077787,-0.023051,0.025145,-0.233169,-0.056439,0.056068,-0.362069,-0.038889,0.129637,-0.092521,-0.057246,0.004439
9.396954,0.000000,-0.000000,0.000000,-0.077787,-0.023051,0.025145,-0.233169,-0.056439,0.056068,-0.362069,-0.038889,0.129637,-0.092521,-0.057246,0.004439
9.652890,0.000000,-0.000000,0.000000,-0.077787,-0.023051,0.025145,-0.233169,-0.056439,0.056068,-0.362069,-0.038889,0.129637,-0.092521,-0.057246,0.004439
9.901276,0.000000,-0.000000,0.000000,-0.077787,-0.023051,0.025145,-0.233169,-0.056439,0.056068,-0.362069,-0.038889,0.129637,-0.092521,-0.057246,0.004439
10.153418,0.000000,-0.000000,0.000000,-0.077787,-0.023051,0.025145,-0.233169,-0.056439,0.056068,-0.362069,-0.038889,0.129637,-0.092521,-0.057246,0.004439
10.410182,0.000000,-0.000000,0.000000,-0.077787,-0.023051,0.025145,-0.233169,-0.056439,0.056068,-0.362069,-0.038889,0.129637,-0.092521,-0.057246,0.004439
10.684154,0.000000,-0.000000,0.000000,-0.077787,-0.023051,0.025145,-0.233169,-0.056439,0.056068,-0.362069,-0.038889,0.129637,-0.092521,-0.057246,0.004439
10.958144,0.000000,-0.000000,0.000000,-2.968919,1.190424,-2.906784,-0.233169,-0.056439,0.056068,-0.362069,-0.038889,0.129637,-0.092521,-0.057246,0.004439
11.231806,0.000000,-0.000000,0.000000,-2.994992,1.157575,-2.972964,-0.233169,-0.056439,0.056068,-0.362069,-0.038889,0.129637,-0.092521,-0.057246,0.004439
11.495112,0.000000,-0.000000,0.000000,-2.999105,1.154736,-2.978704,-0.233169,-0.056439,0.056068,-0.362069,-0.038889,0.129637,-0.092521,-0.057246,0.004439
11.746913,0.000000,-0.000000,0.000000,-2.999105,1.154736,-2.978704,-0.233169,-0.056439,0.056068,-0.362069,-0.038889,0.129637,-0.092521,-0.057246,0.004439
12.001558,0.000000,-0.000000,0.000000,-2.999105,1.154736,-2.978704,-0.233169,-0.056439,0.056068,-0.362069,-0.038889,0.129637,-0.092521,-0.057246,0.004439
12.265042,0.000000,-0.000000,0.000000,-2.999105,1.154736,-2.978704,-0.233169,-0.056439,0.056068,-0.362069,-0.038889,0.129637,-0.092521,-0.057246,0.004439
12.525568,0.000000,-0.000000,0.000000,-2.999105,1.154736,-2.978704,-0.233169,-0.056439,0.056068,-0.362069,-0.038889,0.129637,-0.092521,-0.057246,0.004439
12.770622,0.000000,-0.000000,0.000000,-2.999105,1.154736,-2.978704,-0.233169,-0.056439,0.056068,-0.362069,-0.038889,0.129637,-0.092521,-0.057246,0.004439
13.013808,0.000000,-0.000000,0.000000,-3.136587,1.405756,-2.824212,-0.233835,-0.055238,0.052342,-0.362795,-0.038176,0.125791,-0.093196,-0.055535,0.000919
13.269581,0.000000,-0.000000,0.000000,0.010189,0.054321,0.055630,1.251920,-1.439801,-1.135514,-0.049777,-1.504963,0.229440,1.455016,-1.304519,-1.378722
13.496012,0.000000,-0.000000,0.000000,-0.005921,0.113712,0.019653,0.822356,-1.325023,-0.709990,0.263129,-1.372705,-0.096233,1.118150,-1.214035,-1.036698
13.749335,0.000000,-0.000000,0.000000,-0.007363,0.158501,0.015607,0.715627,-1.290187,-0.600404,0.229499,-1.328332,-0.062693,1.020256,-1.189201,-0.932709
13.995838,0.000000,-0.000000,0.000000,-0.001600,0.177517,0.014089,0.683976,-1.274723,-0.561116,0.224236,-1.309479,-0.051047,0.988770,-1.177802,-0.892209
14.257409,0.000000,-0.000000,0.000000,0.012662,0.192049,0.031962,0.620398,-1.273710,-0.483160,0.162130,-1.298472,0.024715,0.946287,-1.183906,-0.834411
14.544511,0.000000,-0.000000,0.000000,0.024470,0.212586,0.042416,0.566858,-1.262040,-0.416898,0.127809,-1.279385,0.070549,0.901181,-1.179276,-0.775169
14.792611,0.000000,-0.000000,0.000000,0.170604,0.364268,0.177854,0.225435,-1.152540,0.061508,-0.071823,-1.117190,0.398780,0.561812,-1.132949,-0.288654
15.036618,0.000000,-0.000000,0.000000,0.322267,0.478204,0.310405,0.107673,-1.028650,0.303295,-0.106734,-0.969525,0.551306,-0.091579,-0.100596,-0.006082
15.290694,0.000000,-0.000000,0.000000,0.022619,0.114624,0.112206,0.097071,-0.876069,0.461739,-0.063796,-0.802728,0.649077,-0.027336,-0.006626,0.032051
15.563280,0.000000,-0.000000,0.000000,0.022619,0.114624,0.112206,0.097071,-0.876069,0.461739,-0.063796,-0.802728,0.649077,-0.085266,-0.103707,-0.032080
15.838197,0.000000,-0.000000,0.000000,0.022619,0.114624,0.112206,0.097071,-0.876069,0.461739,-0.063796,-0.802728,0.649077,-0.123993,-0.158530,-0.098483
16.083316,0.000000,-0.000000,0.000000,0.022619,0.114624,0.112206,0.097071,-0.876069,0.461739,-0.063796,-0.802728,0.649077,-0.166547,-0.215952,-0.155226
16.354468,0.000000,-0.000000,0.000000,0.022619,0.114624,0.112206,0.097071,-0.876069,0.461739,-0.063796,-0.802728,0.649077,-0.166547,-0.215952,-0.155226
16.629615,0.000000,-0.000000,0.000000,0.022619,0.114624,0.112206,0.097071,-0.876069,0.461739,-0.063796,-0.802728,0.649077,-0.166547,-0.215952,-0.155226
16.860490,0.000000,-0.000000,0.000000,0.022619,0.114624,0.112206,0.097071,-0.876069,0.461739,-0.063796,-0.802728,0.649077,-0.166547,-0.215952,-0.155226
17.114577,0.000000,-0.000000,0.000000,0.022619,0.114624,0.112206,0.097071,-0.876069,0.461739,-0.063796,-0.802728,0.649077,-0.166547,-0.215952,-0.155226
17.368517,0.000000,-0.000000,0.000000,0.022619,0.114624,0.112206,0.097071,-0.876069,0.461739,-0.063796,-0.802728,0.649077,-0.166547,-0.215952,-0.155226
17.642268,0.000000,-0.000000,0.000000,0.022619,0.114624,0.112206,0.097071,-0.876069,0.461739,-0.063796,-0.802728,0.649077,-0.166547,-0.215952,-0.155226
17.896286,0.000000,-0.000000,0.000000,0.022619,0.114624,0.112206,0.097071,-0.876069,0.461739,-0.063796,-0.802728,0.649077,-0.166547,-0.215952,-0.155226
18.141793,0.000000,-0.000000,0.000000,0.022619,0.114624,0.112206,0.097071,-0.876069,0.461739,-0.063796,-0.802728,0.649077,-0.166547,-0.215952,-0.155226
18.386821,0.000000,-0.000000,0.000000,0.022619,0.114624,0.112206,0.097071,-0.876069,0.461739,-0.063796,-0.802728,0.649077,-0.166547,-0.215952,-0.155226
18.631827,0.000000,-0.000000,0.000000,0.022619,0.114624,0.112206,0.097071,-0.876069,0.461739,-0.063796,-0.802728,0.649077,-0.166547,-0.215952,-0.155226
18.877506,0.000000,-0.000000,0.000000,0.022619,0.114624,0.112206,0.097071,-0.876069,0.461739,-0.063796,-0.802728,0.649077,-0.166547,-0.215952,-0.155226
19.142452,0.000000,-0.000000,0.000000,0.022619,0.114624,0.112206,0.097071,-0.876069,0.461739,-0.063796,-0.802728,0.649077,-0.166547,-0.215952,-0.155226
19.413588,0.000000,-0.000000,0.000000,0.022619,0.114624,0.112206,0.097071,-0.876069,0.461739,-0.063796,-0.802728,0.649077,-0.166547,-0.215952,-0.155226
19.667224,0.000000,-0.000000,0.000000,0.022619,0.114624,0.112206,0.097071,-0.876069,0.461739,-0.063796,-0.802728,0.649077,-0.166547,-0.215952,-0.155226
19.903490,0.000000,-0.000000,0.000000,0.022619,0.114624,0.112206,0.097071,-0.876069,0.461739,-0.063796,-0.802728,0.649077,-0.166547,-0.215952,-0.155226
20.154452,0.000000,-0.000000,0.000000,0.022619,0.114624,0.112206,0.097071,-0.876069,0.461739,-0.063796,-0.802728,0.649077,-0.166547,-0.215952,-0.155226
20.389196,0.000000,-0.000000,0.000000,0.022619,0.114624,0.112206,0.097071,-0.876069,0.461739,-0.063796,-0.802728,0.649077,-0.166547,-0.215952,-0.155226
20.643078,0.000000,-0.000000,0.000000,0.022619,0.114624,0.112206,0.097071,-0.876069,0.461739,-0.063796,-0.802728,0.649077,-0.166547,-0.215952,-0.155226
20.916502,0.000000,-0.000000,0.000000,0.022619,0.114624,0.112206,0.097071,-0.876069,0.461739,-0.063796,-0.802728,0.649077,-0.166547,-0.215952,-0.155226
21.181727,0.000000,-0.000000,0.000000,0.022619,0.114624,0.112206,0.097071,-0.876069,0.461739,-0.063796,-0.802728,0.649077,-0.166547,-0.215952,-0.155226
21.429159,0.000000,-0.000000,0.000000,0.022619,0.114624,0.112206,0.097071,-0.876069,0.461739,-0.063796,-0.802728,0.649077,-0.166547,-0.215952,-0.155226
21.675700,0.000000,-0.000000,0.000000,0.022619,0.114624,0.112206,0.097071,-0.876069,0.461739,-0.063796,-0.802728,0.649077,-0.166547,-0.215952,-0.155226
21.922564,0.000000,-0.000000,0.000000,0.022619,0.114624,0.112206,0.097071,-0.876069,0.461739,-0.063796,-0.802728,0.649077,-0.166547,-0.215952,-0.155226
22.192742,0.000000,-0.000000,0.000000,0.022619,0.114624,0.112206,0.097071,-0.876069,0.461739,-0.063796,-0.802728,0.649077,-0.166547,-0.215952,-0.155226
22.445732,0.000000,-0.000000,0.000000,0.022619,0.114624,0.112206,0.097071,-0.876069,0.461739,-0.063796,-0.802728,0.649077,-0.166547,-0.215952,-0.155226
22.705667,0.000000,-0.000000,0.000000,0.022619,0.114624,0.112206,0.097071,-0.876069,0.461739,-0.063796,-0.802728,0.649077,-0.166547,-0.215952,-0.155226
22.956321,0.000000,-0.000000,0.000000,0.022619,0.114624,0.112206,0.097071,-0.876069,0.461739,-0.063796,-0.802728,0.649077,-0.166547,-0.215952,-0.155226
23.191632,0.000000,-0.000000,0.000000,0.022619,0.114624,0.112206,0.097071,-0.876069,0.461739,-0.063796,-0.802728,0.649077,-0.166547,-0.215952,-0.155226
23.439521,0.000000,-0.000000,0.000000,0.022619,0.114624,0.112206,0.097071,-0.876069,0.461739,-0.063796,-0.802728,0.649077,-0.166547,-0.215952,-0.155226
23.712850,0.000000,-0.000000,0.000000,0.022619,0.114624,0.112206,0.097071,-0.876069,0.461739,-0.063796,-0.802728,0.649077,-0.166547,-0.215952,-0.155226
23.994492,0.000000,-0.000000,0.000000,0.022619,0.114624,0.112206,0.097071,-0.876069,0.461739,-0.063796,-0.802728,0.649077,-0.166547,-0.215952,-0.155226
24.241076,0.000000,-0.000000,0.000000,0.022619,0.114624,0.112206,0.097071,-0.876069,0.461739,-0.063796,-0.802728,0.649077,-0.166547,-0.215952,-0.155226
24.512307,0.000000,-0.000000,0.000000,0.022619,0.114624,0.112206,0.097071,-0.876069,0.461739,-0.063796,-0.802728,0.649077,-0.166547,-0.215952,-0.155226
24.784734,0.000000,-0.000000,0.000000,0.022619,0.114624,0.112206,0.097071,-0.876069,0.461739,-0.063796,-0.802728,0.649077,-0.166547,-0.215952,-0.155226
25.025623,0.000000,-0.000000,0.000000,0.022619,0.114624,0.112206,0.097071,-0.876069,0.461739,-0.063796,-0.802728,0.649077,-0.166547,-0.215952,-0.155226
25.286841,0.000000,-0.000000,0.000000,0.022619,0.114624,0.112206,0.097071,-0.876069,0.461739,-0.063796,-0.802728,0.649077,-0.166547,-0.215952,-0.155226
25.559424,0.000000,-0.000000,0.000000,0.022619,0.114624,0.112206,0.097071,-0.876069,0.461739,-0.063796,-0.802728,0.649077,-0.166547,-0.215952,-0.155226
25.823352,0.000000,-0.000000,0.000000,0.022619,0.114624,0.112206,0.097071,-0.876069,0.461739,-0.063796,-0.802728,0.649077,-0.166547,-0.215952,-0.155226
26.046106,0.000000,-0.000000,0.000000,0.022619,0.114624,0.112206,0.097071,-0.876069,0.461739,-0.063796,-0.802728,0.649077,-0.166547,-0.215952,-0.155226
26.306151,0.000000,-0.000000,0.000000,0.022619,0.114624,0.112206,0.097071,-0.876069,0.461739,-0.063796,-0.802728,0.649077,-0.166547,-0.215952,-0.155226
26.533154,0.000000,-0.000000,0.000000,0.022619,0.114624,0.112206,0.097071,-0.876069,0.461739,-0.063796,-0.802728,0.649077,-0.166547,-0.215952,-0.155226
26.779759,0.000000,-0.000000,0.000000,0.022619,0.114624,0.112206,0.097071,-0.876069,0.461739,-0.063796,-0.802728,0.649077,-0.166547,-0.215952,-0.155226
27.040987,0.000000,-0.000000,0.000000,0.022619,0.114624,0.112206,0.097071,-0.876069,0.461739,-0.063796,-0.802728,0.649077,-0.166547,-0.215952,-0.155226
27.307277,0.000000,-0.000000,0.000000,0.022619,0.114624,0.112206,0.097071,-0.876069,0.461739,-0.063796,-0.802728,0.649077,-0.166547,-0.215952,-0.155226
27.575942,0.000000,-0.000000,0.000000,0.022619,0.114624,0.112206,0.097071,-0.876069,0.461739,-0.063796,-0.802728,0.649077,-0.166547,-0.215952,-0.155226
27.819266,0.000000,-0.000000,0.000000,0.022619,0.114624,0.112206,0.097071,-0.876069,0.461739,-0.063796,-0.802728,0.649077,-0.166547,-0.215952,-0.155226
28.070694,0.000000,-0.000000,0.000000,0.022619,0.114624,0.112206,0.097071,-0.876069,0.461739,-0.063796,-0.802728,0.649077,-0.166547,-0.215952,-0.155226
28.326958,0.000000,-0.000000,0.000000,0.022619,0.114624,0.112206,0.097071,-0.876069,0.461739,-0.063796,-0.802728,0.649077,-0.166547,-0.215952,-0.155226
28.600753,0.000000,-0.000000,0.000000,0.022619,0.114624,0.112206,0.097071,-0.876069,0.461739,-0.063796,-0.802728,0.649077,-0.166547,-0.215952,-0.155226
28.842390,0.000000,-0.000000,0.000000,0.022619,0.114624,0.112206,0.097071,-0.876069,0.461739,-0.063796,-0.802728,0.649077,-0.166547,-0.215952,-0.155226
29.115191,0.000000,-0.000000,0.000000,0.022619,0.114624,0.112206,0.097071,-0.876069,0.461739,-0.063796,-0.802728,0.649077,-0.166547,-0.215952,-0.155226
29.350699,0.000000,-0.000000,0.000000,0.022619,0.114624,0.112206,0.097071,-0.876069,0.461739,-0.063796,-0.802728,0.649077,-0.166547,-0.215952,-0.155226
29.605930,0.000000,-0.000000,0.000000,0.022619,0.114624,0.112206,0.097071,-0.876069,0.461739,-0.063796,-0.802728,0.649077,-0.166547,-0.215952,-0.155226
29.869597,0.000000,-0.000000,0.000000,0.022619,0.114624,0.112206,0.097071,-0.876069,0.461739,-0.063796,-0.802728,0.649077,-0.166547,-0.215952,-0.155226
30.118305,0.000000,-0.000000,0.000000,0.014631,0.105231,0.106547,0.097071,-0.876069,0.461739,-0.063796,-0.802728,0.649077,-0.166547,-0.215952,-0.155226
30.383105,0.000000,-0.000000,0.000000,0.014631,0.105231,0.106547,0.097071,-0.876069,0.461739,-0.063796,-0.802728,0.649077,-0.166547,-0.215952,-0.155226
30.645217,0.000000,-0.000000,0.000000,0.014631,0.105231,0.106547,0.097071,-0.876069,0.461739,-0.063796,-0.802728,0.649077,-0.166547,-0.215952,-0.155226
30.917176,0.000000,-0.000000,0.000000,0.014631,0.105231,0.106547,0.097071,-0.876069,0.461739,-0.063796,-0.802728,0.649077,-0.166547,-0.215952,-0.155226
31.186965,0.000000,-0.000000,0.000000,0.014631,0.105231,0.106547,0.097071,-0.876069,0.461739,-0.063796,-0.802728,0.649077,-0.166547,-0.215952,-0.155226
31.435284,0.000000,-0.000000,0.000000,0.014631,0.105231,0.106547,0.097071,-0.876069,0.461739,-0.063796,-0.802728,0.649077,-0.166547,-0.215952,-0.155226
31.698721,0.000000,-0.000000,0.000000,0.014631,0.105231,0.106547,0.097071,-0.876069,0.461739,-0.063796,-0.802728,0.649077,-0.166547,-0.215952,-0.155226
31.983350,0.000000,-0.000000,0.000000,0.014631,0.105231,0.106547,0.097071,-0.876069,0.461739,-0.063796,-0.802728,0.649077,-0.166547,-0.215952,-0.155226
32.228643,0.000000,-0.000000,0.000000,0.014631,0.105231,0.106547,0.097071,-0.876069,0.461739,-0.063796,-0.802728,0.649077,-0.166547,-0.215952,-0.155226
32.472311,0.000000,-0.000000,0.000000,0.014631,0.105231,0.106547,0.097071,-0.876069,0.461739,-0.063796,-0.802728,0.649077,-0.166547,-0.215952,-0.155226
32.735616,0.000000,-0.000000,0.000000,0.014631,0.105231,0.106547,0.097071,-0.876069,0.461739,-0.063796,-0.802728,0.649077,-0.166547,-0.215952,-0.155226
33.019790,0.000000,-0.000000,0.000000,0.014631,0.105231,0.106547,0.097071,-0.876069,0.461739,-0.063796,-0.802728,0.649077,-0.166547,-0.215952,-0.155226
33.271076,0.000000,-0.000000,0.000000,0.014631,0.105231,0.106547,0.097071,-0.876069,0.461739,-0.063796,-0.802728,0.649077,-0.166547,-0.215952,-0.155226
33.525198,0.000000,-0.000000,0.000000,0.014631,0.105231,0.106547,1.466975,-0.202931,0.752091,-0.063796,-0.802728,0.649077,-0.166547,-0.215952,-0.155226
33.790820,0.000000,-0.000000,0.000000,0.014631,0.105231,0.106547,1.463562,-0.208723,0.712693,-0.063796,-0.802728,0.649077,-0.166547,-0.215952,-0.155226
34.054923,0.000000,-0.000000,0.000000,0.014631,0.105231,0.106547,1.442161,-0.209744,0.688936,-0.063796,-0.802728,0.649077,-0.166547,-0.215952,-0.155226
34.313617,0.000000,-0.000000,0.000000,0.014631,0.105231,0.106547,1.443090,-0.214917,0.688234,-0.063796,-0.802728,0.649077,-0.166547,-0.215952,-0.155226
34.556964,0.000000,-0.000000,0.000000,0.014631,0.105231,0.106547,1.446435,-0.215605,0.681887,-0.063796,-0.802728,0.649077,-0.166547,-0.215952,-0.155226
34.800797,0.000000,-0.000000,0.000000,0.040378,-0.144570,0.060959,-0.027621,-0.010022,-0.001296,-0.001692,0.056433,0.010176,0.005373,-0.063011,-0.007770
35.063733,0.000000,-0.000000,0.000000,0.034182,-0.140740,0.058135,-0.026290,-0.005819,-0.007361,-0.003440,0.068551,0.007842,0.001796,-0.053807,-0.010657
35.326661,0.000000,-0.000000,0.000000,0.031283,-0.143642,0.057415,-0.021859,-0.006929,-0.008586,-0.001313,0.067870,0.002768,0.004661,-0.057852,-0.008676
35.596291,0.000000,-0.000000,0.000000,0.019233,-0.140980,0.060969,-0.027415,-0.004478,-0.005042,-0.000085,0.068207,0.000303,-0.007080,-0.055097,-0.005224
35.843833,0.000000,-0.000000,0.000000,0.026681,-0.141811,0.064939,-0.021871,-0.006855,-0.008491,0.000030,0.068586,0.000151,0.000708,-0.055825,-0.001267
36.106352,0.000000,-0.000000,0.000000,0.026681,-0.141811,0.064939,-0.024302,-0.008602,-0.015898,0.000030,0.068586,0.000151,0.000708,-0.055825,-0.001267
36.376119,0.000000,-0.000000,0.000000,0.029388,-0.143928,0.066296,-0.026835,-0.007926,-0.010877,0.000030,0.068586,0.000151,0.000708,-0.055825,-0.001267
36.627254,0.000000,-0.000000,0.000000,0.029388,-0.143928,0.066296,-0.029778,-0.005949,-0.012545,0.000030,0.068586,0.000151,0.000708,-0.055825,-0.001267
36.862011,0.000000,-0.000000,0.000000,0.029388,-0.143928,0.066296,-0.034739,-0.007040,-0.014928,0.000030,0.068586,0.000151,0.000708,-0.055825,-0.001267
37.093965,0.000000,-0.000000,0.000000,0.029388,-0.143928,0.066296,-0.034739,-0.007040,-0.014928,0.000030,0.068586,0.000151,0.000708,-0.055825,-0.001267
37.348153,0.000000,-0.000000,0.000000,0.029388,-0.143928,0.066296,-0.034739,-0.007040,-0.014928,0.000030,0.068586,0.000151,0.000708,-0.055825,-0.001267
37.581732,0.000000,-0.000000,0.000000,0.029388,-0.143928,0.066296,-0.034739,-0.007040,-0.014928,0.000030,0.068586,0.000151,0.000708,-0.055825,-0.001267
37.829412,0.000000,-0.000000,0.000000,0.029388,-0.143928,0.066296,-0.034739,-0.007040,-0.014928,0.000030,0.068586,0.000151,0.000708,-0.055825,-0.001267
38.073418,0.000000,-0.000000,0.000000,0.029388,-0.143928,0.066296,-0.034739,-0.007040,-0.014928,0.000030,0.068586,0.000151,0.000708,-0.055825,-0.001267
38.326715,0.000000,-0.000000,0.000000,0.029388,-0.143928,0.066296,-0.034739,-0.007040,-0.014928,0.000030,0.068586,0.000151,0.000708,-0.055825,-0.001267
38.598228,0.000000,-0.000000,0.000000,0.029388,-0.143928,0.066296,-0.034739,-0.007040,-0.014928,0.000030,0.068586,0.000151,0.000708,-0.055825,-0.001267
38.870847,0.000000,-0.000000,0.000000,0.029388,-0.143928,0.066296,-0.034739,-0.007040,-0.014928,0.000030,0.068586,0.000151,0.000708,-0.055825,-0.001267
39.119053,0.000000,-0.000000,0.000000,0.029388,-0.143928,0.066296,-0.034739,-0.007040,-0.014928,0.000030,0.068586,0.000151,0.000708,-0.055825,-0.001267
39.388318,0.000000,-0.000000,0.000000,0.029388,-0.143928,0.066296,-0.034739,-0.007040,-0.014928,0.000030,0.068586,0.000151,0.000708,-0.055825,-0.001267
39.660008,0.000000,-0.000000,0.000000,0.029388,-0.143928,0.066296,-0.034739,-0.007040,-0.014928,0.000030,0.068586,0.000151,0.000708,-0.055825,-0.001267
39.913041,0.000000,-0.000000,0.000000,0.029388,-0.143928,0.066296,-0.034739,-0.007040,-0.014928,0.000030,0.068586,0.000151,0.000708,-0.055825,-0.001267
40.145217,0.000000,-0.000000,0.000000,0.029388,-0.143928,0.066296,-0.034739,-0.007040,-0.014928,0.000030,0.068586,0.000151,0.000708,-0.055825,-0.001267
40.392199,0.000000,-0.000000,0.000000,0.029388,-0.143928,0.066296,-0.034739,-0.007040,-0.014928,0.000030,0.068586,0.000151,0.000708,-0.055825,-0.001267
40.620323,0.000000,-0.000000,0.000000,0.029388,-0.143928,0.066296,-0.034739,-0.007040,-0.014928,0.000030,0.068586,0.000151,0.000708,-0.055825,-0.001267
40.882507,0.000000,-0.000000,0.000000,0.029388,-0.143928,0.066296,-0.034739,-0.007040,-0.014928,0.000030,0.068586,0.000151,0.000708,-0.055825,-0.001267
41.148328,0.000000,-0.000000,0.000000,0.029388,-0.143928,0.066296,-0.034739,-0.007040,-0.014928,0.000030,0.068586,0.000151,0.000708,-0.055825,-0.001267
41.412911,0.000000,-0.000000,0.000000,0.029388,-0.143928,0.066296,-0.034739,-0.007040,-0.014928,0.000030,0.068586,0.000151,0.000708,-0.055825,-0.001267
41.658624,0.000000,-0.000000,0.000000,0.029388,-0.143928,0.066296,-0.034739,-0.007040,-0.014928,0.000030,0.068586,0.000151,0.000708,-0.055825,-0.001267
41.923570,0.000000,-0.000000,0.000000,0.029388,-0.143928,0.066296,-0.034739,-0.007040,-0.014928,0.000030,0.068586,0.000151,0.000708,-0.055825,-0.001267
42.185619,0.000000,-0.000000,0.000000,0.029388,-0.143928,0.066296,-0.034739,-0.007040,-0.014928,0.000030,0.068586,0.000151,0.000708,-0.055825,-0.001267
42.448796,0.000000,-0.000000,0.000000,0.029388,-0.143928,0.066296,-0.034739,-0.007040,-0.014928,0.000030,0.068586,0.000151,0.000708,-0.055825,-0.001267
42.689112,0.000000,-0.000000,0.000000,0.029388,-0.143928,0.066296,-0.034739,-0.007040,-0.014928,0.000030,0.068586,0.000151,0.000708,-0.055825,-0.001267
42.941491,0.000000,-0.000000,0.000000,0.029388,-0.143928,0.066296,-0.034739,-0.007040,-0.014928,0.000030,0.068586,0.000151,0.000708,-0.055825,-0.001267
43.186419,0.000000,-0.000000,0.000000,0.029388,-0.143928,0.066296,-0.034739,-0.007040,-0.014928,0.000030,0.068586,0.000151,0.000708,-0.055825,-0.001267
43.451637,0.000000,-0.000000,0.000000,0.029388,-0.143928,0.066296,-0.034739,-0.007040,-0.014928,0.000030,0.068586,0.000151,0.000708,-0.055825,-0.001267
43.716904,0.000000,-0.000000,0.000000,0.029388,-0.143928,0.066296,-0.034739,-0.007040,-0.014928,0.000030,0.068586,0.000151,0.000708,-0.055825,-0.001267
43.968155,0.000000,-0.000000,0.000000,0.029388,-0.143928,0.066296,-0.034739,-0.007040,-0.014928,0.000030,0.068586,0.000151,0.000708,-0.055825,-0.001267
44.219144,0.000000,-0.000000,0.000000,0.029388,-0.143928,0.066296,-0.034739,-0.007040,-0.014928,0.000030,0.068586,0.000151,0.000708,-0.055825,-0.001267
44.472725,0.000000,-0.000000,0.000000,0.029388,-0.143928,0.066296,-0.034739,-0.007040,-0.014928,0.000030,0.068586,0.000151,0.000708,-0.055825,-0.001267
44.724985,0.000000,-0.000000,0.000000,0.029388,-0.143928,0.066296,-0.034739,-0.007040,-0.014928,0.000030,0.068586,0.000151,0.000708,-0.055825,-0.001267
44.988282,0.000000,-0.000000,0.000000,0.029388,-0.143928,0.066296,-0.034739,-0.007040,-0.014928,0.000030,0.068586,0.000151,0.000708,-0.055825,-0.001267
45.251430,0.000000,-0.000000,0.000000,0.029388,-0.143928,0.066296,-0.034739,-0.007040,-0.014928,0.000030,0.068586,0.000151,0.000708,-0.055825,-0.001267
45.502085,0.000000,-0.000000,0.000000,0.029388,-0.143928,0.066296,-0.034739,-0.007040,-0.014928,0.000030,0.068586,0.000151,0.000708,-0.055825,-0.001267
45.754214,0.000000,-0.000000,0.000000,0.029388,-0.143928,0.066296,-0.034739,-0.007040,-0.014928,0.000030,0.068586,0.000151,0.000708,-0.055825,-0.001267
46.011831,0.000000,-0.000000,0.000000,0.029388,-0.143928,0.066296,-0.034739,-0.007040,-0.014928,0.000030,0.068586,0.000151,0.000708,-0.055825,-0.001267
46.277799,0.000000,-0.000000,0.000000,0.029388,-0.143928,0.066296,-0.034739,-0.007040,-0.014928,0.000030,0.068586,0.000151,0.000708,-0.055825,-0.001267
46.544186,0.000000,-0.000000,0.000000,0.029388,-0.143928,0.066296,-0.034739,-0.007040,-0.014928,0.000030,0.068586,0.000151,0.000708,-0.055825,-0.001267
46.790389,0.000000,-0.000000,0.000000,0.029388,-0.143928,0.066296,-0.034739,-0.007040,-0.014928,0.000030,0.068586,0.000151,0.000708,-0.055825,-0.001267
47.013188,0.000000,-0.000000,0.000000,0.029388,-0.143928,0.066296,-0.034739,-0.007040,-0.014928,0.000030,0.068586,0.000151,0.000708,-0.055825,-0.001267
47.265489,0.000000,-0.000000,0.000000,0.029388,-0.143928,0.066296,-0.034739,-0.007040,-0.014928,0.000030,0.068586,0.000151,0.000708,-0.055825,-0.001267
47.518284,0.000000,-0.000000,0.000000,0.029388,-0.143928,0.066296,-0.034739,-0.007040,-0.014928,0.000030,0.068586,0.000151,0.000708,-0.055825,-0.001267
47.808580,0.000000,-0.000000,0.000000,0.029388,-0.143928,0.066296,-0.034739,-0.007040,-0.014928,0.000030,0.068586,0.000151,0.000708,-0.055825,-0.001267
48.070149,0.000000,-0.000000,0.000000,0.029388,-0.143928,0.066296,-0.034739,-0.007040,-0.014928,0.000030,0.068586,0.000151,0.000708,-0.055825,-0.001267
48.315009,0.000000,-0.000000,0.000000,0.029388,-0.143928,0.066296,-0.034739,-0.007040,-0.014928,0.000030,0.068586,0.000151,0.000708,-0.055825,-0.001267
48.559961,0.000000,-0.000000,0.000000,0.029388,-0.143928,0.066296,-0.034739,-0.007040,-0.014928,0.000030,0.068586,0.000151,0.000708,-0.055825,-0.001267
48.830115,0.000000,-0.000000,0.000000,0.029388,-0.143928,0.066296,-0.034739,-0.007040,-0.014928,0.000030,0.068586,0.000151,0.000708,-0.055825,-0.001267
49.092464,0.000000,-0.000000,0.000000,0.029388,-0.143928,0.066296,-0.034739,-0.007040,-0.014928,0.000030,0.068586,0.000151,0.000708,-0.055825,-0.001267
49.345427,0.000000,-0.000000,0.000000,0.029388,-0.143928,0.066296,-0.034739,-0.007040,-0.014928,0.000030,0.068586,0.000151,0.000708,-0.055825,-0.001267
49.579087,0.000000,-0.000000,0.000000,0.029388,-0.143928,0.066296,-0.034739,-0.007040,-0.014928,0.000030,0.068586,0.000151,0.000708,-0.055825,-0.001267
49.832082,0.000000,-0.000000,0.000000,0.029388,-0.143928,0.066296,-0.034739,-0.007040,-0.014928,0.000030,0.068586,0.000151,0.000708,-0.055825,-0.001267
50.076542,0.000000,-0.000000,0.000000,0.029388,-0.143928,0.066296,-0.034739,-0.007040,-0.014928,0.000030,0.068586,0.000151,0.000708,-0.055825,-0.001267
50.321824,0.000000,-0.000000,0.000000,0.029388,-0.143928,0.066296,-0.034739,-0.007040,-0.014928,0.000030,0.068586,0.000151,0.000708,-0.055825,-0.001267
50.584735,0.000000,-0.000000,0.000000,0.029388,-0.143928,0.066296,-0.034739,-0.007040,-0.014928,0.000030,0.068586,0.000151,0.000708,-0.055825,-0.001267
50.847262,0.000000,-0.000000,0.000000,0.029388,-0.143928,0.066296,-0.034739,-0.007040,-0.014928,0.000030,0.068586,0.000151,0.000708,-0.055825,-0.001267
51.087866,0.000000,-0.000000,0.000000,0.029388,-0.143928,0.066296,-0.034739,-0.007040,-0.014928,0.000030,0.068586,0.000151,0.000708,-0.055825,-0.001267
51.331486,0.000000,-0.000000,0.000000,0.029388,-0.143928,0.066296,-0.034739,-0.007040,-0.014928,0.000030,0.068586,0.000151,0.000708,-0.055825,-0.001267
51.601650,0.000000,-0.000000,0.000000,0.029388,-0.143928,0.066296,-0.034739,-0.007040,-0.014928,0.000030,0.068586,0.000151,0.000708,-0.055825,-0.001267
51.855609,0.000000,-0.000000,0.000000,0.029388,-0.143928,0.066296,-0.034739,-0.007040,-0.014928,0.000030,0.068586,0.000151,0.000708,-0.055825,-0.001267
52.141217,0.000000,-0.000000,0.000000,0.029388,-0.143928,0.066296,-0.034739,-0.007040,-0.014928,0.000030,0.068586,0.000151,0.000708,-0.055825,-0.001267
52.393087,0.000000,-0.000000,0.000000,0.029388,-0.143928,0.066296,-0.034739,-0.007040,-0.014928,0.000030,0.068586,0.000151,0.000708,-0.055825,-0.001267
52.633980,0.000000,-0.000000,0.000000,0.029388,-0.143928,0.066296,-0.034739,-0.007040,-0.014928,0.000030,0.068586,0.000151,0.000708,-0.055825,-0.001267
52.903268,0.000000,-0.000000,0.000000,0.029388,-0.143928,0.066296,-0.034739,-0.007040,-0.014928,0.000030,0.068586,0.000151,0.000708,-0.055825,-0.001267
53.172410,0.000000,-0.000000,0.000000,0.029388,-0.143928,0.066296,-0.034739,-0.007040,-0.014928,0.000030,0.068586,0.000151,0.000708,-0.055825,-0.001267
53.405762,0.000000,-0.000000,0.000000,0.029388,-0.143928,0.066296,-0.034739,-0.007040,-0.014928,0.000030,0.068586,0.000151,0.000708,-0.055825,-0.001267
53.658264,0.000000,-0.000000,0.000000,0.029388,-0.143928,0.066296,-0.034739,-0.007040,-0.014928,0.000030,0.068586,0.000151,0.000708,-0.055825,-0.001267
53.910940,0.000000,-0.000000,0.000000,0.029388,-0.143928,0.066296,-0.034739,-0.007040,-0.014928,0.000030,0.068586,0.000151,0.000708,-0.055825,-0.001267
54.154498,0.000000,-0.000000,0.000000,0.029388,-0.143928,0.066296,-0.034739,-0.007040,-0.014928,0.000030,0.068586,0.000151,0.000708,-0.055825,-0.001267
54.424292,0.000000,-0.000000,0.000000,0.029388,-0.143928,0.066296,-0.034739,-0.007040,-0.014928,0.000030,0.068586,0.000151,0.000708,-0.055825,-0.001267
54.695453,0.000000,-0.000000,0.000000,0.029388,-0.143928,0.066296,-0.034739,-0.007040,-0.014928,0.000030,0.068586,0.000151,0.000708,-0.055825,-0.001267
54.947649,0.000000,-0.000000,0.000000,0.029388,-0.143928,0.066296,-0.034739,-0.007040,-0.014928,0.000030,0.068586,0.000151,0.000708,-0.055825,-0.001267
55.169547,0.000000,-0.000000,0.000000,0.029388,-0.143928,0.066296,-0.034739,-0.007040,-0.014928,0.000030,0.068586,0.000151,0.000708,-0.055825,-0.001267
55.420531,0.000000,-0.000000,0.000000,0.029388,-0.143928,0.066296,-0.034739,-0.007040,-0.014928,0.000030,0.068586,0.000151,0.000708,-0.055825,-0.001267
55.666228,0.000000,-0.000000,0.000000,0.029388,-0.143928,0.066296,-0.034739,-0.007040,-0.014928,0.000030,0.068586,0.000151,0.000708,-0.055825,-0.001267
55.887984,0.000000,-0.000000,0.000000,0.029388,-0.143928,0.066296,-0.034739,-0.007040,-0.014928,0.000030,0.068586,0.000151,0.000708,-0.055825,-0.001267
56.134070,0.000000,-0.000000,0.000000,0.029388,-0.143928,0.066296,-0.034739,-0.007040,-0.014928,0.000030,0.068586,0.000151,0.000708,-0.055825,-0.001267
56.382087,0.000000,-0.000000,0.000000,0.029388,-0.143928,0.066296,-0.034739,-0.007040,-0.014928,0.000030,0.068586,0.000151,0.000708,-0.055825,-0.001267
56.611195,0.000000,-0.000000,0.000000,0.029388,-0.143928,0.066296,-0.034739,-0.007040,-0.014928,0.000030,0.068586,0.000151,0.000708,-0.055825,-0.001267
56.861404,0.000000,-0.000000,0.000000,0.029388,-0.143928,0.066296,-0.034739,-0.007040,-0.014928,0.000030,0.068586,0.000151,0.000708,-0.055825,-0.001267
57.111487,0.000000,-0.000000,0.000000,0.029388,-0.143928,0.066296,-0.034739,-0.007040,-0.014928,0.000030,0.068586,0.000151,0.000708,-0.055825,-0.001267
57.351065,0.000000,-0.000000,0.000000,0.029388,-0.143928,0.066296,-0.034739,-0.007040,-0.014928,0.000030,0.068586,0.000151,0.000708,-0.055825,-0.001267
57.622583,0.000000,-0.000000,0.000000,0.029388,-0.143928,0.066296,-0.034739,-0.007040,-0.014928,0.000030,0.068586,0.000151,0.000708,-0.055825,-0.001267
57.887927,0.000000,-0.000000,0.000000,0.029388,-0.143928,0.066296,-0.034739,-0.007040,-0.014928,0.000030,0.068586,0.000151,0.000708,-0.055825,-0.001267
58.137149,0.000000,-0.000000,0.000000,0.029388,-0.143928,0.066296,-0.034739,-0.007040,-0.014928,0.000030,0.068586,0.000151,0.000708,-0.055825,-0.001267
58.383355,0.000000,-0.000000,0.000000,0.029388,-0.143928,0.066296,-0.034739,-0.007040,-0.014928,0.000030,0.068586,0.000151,0.000708,-0.055825,-0.001267
58.629462,0.000000,-0.000000,0.000000,0.029388,-0.143928,0.066296,-0.034739,-0.007040,-0.014928,0.000030,0.068586,0.000151,0.000708,-0.055825,-0.001267
58.875805,0.000000,-0.000000,0.000000,0.029388,-0.143928,0.066296,-0.034739,-0.007040,-0.014928,0.000030,0.068586,0.000151,0.000708,-0.055825,-0.001267
59.137567,0.000000,-0.000000,0.000000,0.029388,-0.143928,0.066296,-0.034739,-0.007040,-0.014928,0.000030,0.068586,0.000151,0.000708,-0.055825,-0.001267
59.427220,0.000000,-0.000000,0.000000,0.029388,-0.143928,0.066296,-0.034739,-0.007040,-0.014928,0.000030,0.068586,0.000151,0.000708,-0.055825,-0.001267
59.660769,0.000000,-0.000000,0.000000,0.029388,-0.143928,0.066296,-0.034739,-0.007040,-0.014928,0.000030,0.068586,0.000151,0.000708,-0.055825,-0.001267
59.895435,0.000000,-0.000000,0.000000,0.029388,-0.143928,0.066296,-0.034739,-0.007040,-0.014928,0.000030,0.068586,0.000151,0.000708,-0.055825,-0.001267
60.140946,0.000000,-0.000000,0.000000,0.029388,-0.143928,0.066296,-0.034739,-0.007040,-0.014928,0.000030,0.068586,0.000151,0.000708,-0.055825,-0.001267
60.411011,0.000000,-0.000000,0.000000,0.029388,-0.143928,0.066296,-0.034739,-0.007040,-0.014928,0.000030,0.068586,0.000151,0.000708,-0.055825,-0.001267
60.681410,0.000000,-0.000000,0.000000,0.029388,-0.143928,0.066296,-0.034739,-0.007040,-0.014928,0.000030,0.068586,0.000151,0.000708,-0.055825,-0.001267
60.953158,0.000000,-0.000000,0.000000,0.029388,-0.143928,0.066296,-0.034739,-0.007040,-0.014928,0.000030,0.068586,0.000151,0.000708,-0.055825,-0.001267
61.206089,0.000000,-0.000000,0.000000,0.029388,-0.143928,0.066296,-0.034739,-0.007040,-0.014928,0.000030,0.068586,0.000151,0.000708,-0.055825,-0.001267
61.476432,0.000000,-0.000000,0.000000,0.029388,-0.143928,0.066296,-0.034739,-0.007040,-0.014928,0.000030,0.068586,0.000151,0.000708,-0.055825,-0.001267
61.729214,0.000000,-0.000000,0.000000,0.029388,-0.143928,0.066296,-0.034739,-0.007040,-0.014928,0.000030,0.068586,0.000151,0.000708,-0.055825,-0.001267
61.965628,0.000000,-0.000000,0.000000,0.029388,-0.143928,0.066296,-0.034739,-0.007040,-0.014928,0.000030,0.068586,0.000151,0.000708,-0.055825,-0.001267
62.211679,0.000000,-0.000000,0.000000,0.029388,-0.143928,0.066296,-0.034739,-0.007040,-0.014928,0.000030,0.068586,0.000151,0.000708,-0.055825,-0.001267
62.454983,0.000000,-0.000000,0.000000,0.029388,-0.143928,0.066296,-0.034739,-0.007040,-0.014928,0.000030,0.068586,0.000151,0.000708,-0.055825,-0.001267
62.714421,0.000000,-0.000000,0.000000,0.029388,-0.143928,0.066296,-0.034739,-0.007040,-0.014928,0.000030,0.068586,0.000151,0.000708,-0.055825,-0.001267
62.986858,0.000000,-0.000000,0.000000,0.029388,-0.143928,0.066296,-0.034739,-0.007040,-0.014928,0.000030,0.068586,0.000151,0.000708,-0.055825,-0.001267
63.258025,0.000000,-0.000000,0.000000,0.029388,-0.143928,0.066296,-0.034739,-0.007040,-0.014928,0.000030,0.068586,0.000151,0.000708,-0.055825,-0.001267
63.509869,0.000000,-0.000000,0.000000,0.029388,-0.143928,0.066296,-0.034739,-0.007040,-0.014928,0.000030,0.068586,0.000151,0.000708,-0.055825,-0.001267
63.757624,0.000000,-0.000000,0.000000,0.029388,-0.143928,0.066296,-0.034739,-0.007040,-0.014928,0.000030,0.068586,0.000151,0.000708,-0.055825,-0.001267
64.019799,0.000000,-0.000000,0.000000,0.029388,-0.143928,0.066296,-0.034739,-0.007040,-0.014928,0.000030,0.068586,0.000151,0.000708,-0.055825,-0.001267
64.300144,0.000000,-0.000000,0.000000,0.029388,-0.143928,0.066296,-0.034739,-0.007040,-0.014928,0.000030,0.068586,0.000151,0.000708,-0.055825,-0.001267
64.564873,0.000000,-0.000000,0.000000,0.029388,-0.143928,0.066296,-0.034739,-0.007040,-0.014928,0.000030,0.068586,0.000151,0.000708,-0.055825,-0.001267
64.834736,0.000000,-0.000000,0.000000,0.029388,-0.143928,0.066296,-0.034739,-0.007040,-0.014928,0.000030,0.068586,0.000151,0.000708,-0.055825,-0.001267
65.106246,0.000000,-0.000000,0.000000,0.029388,-0.143928,0.066296,-0.034739,-0.007040,-0.014928,0.000030,0.068586,0.000151,0.000708,-0.055825,-0.001267
65.377409,0.000000,-0.000000,0.000000,0.029388,-0.143928,0.066296,-0.034739,-0.007040,-0.014928,0.000030,0.068586,0.000151,0.000708,-0.055825,-0.001267
65.656657,0.000000,-0.000000,0.000000,0.029388,-0.143928,0.066296,-0.034739,-0.007040,-0.014928,0.000030,0.068586,0.000151,0.000708,-0.055825,-0.001267
65.910037,0.000000,-0.000000,0.000000,0.029388,-0.143928,0.066296,-0.034739,-0.007040,-0.014928,0.000030,0.068586,0.000151,0.000708,-0.055825,-0.001267
66.156537,0.000000,-0.000000,0.000000,0.029388,-0.143928,0.066296,-0.034739,-0.007040,-0.014928,0.000030,0.068586,0.000151,0.000708,-0.055825,-0.001267
66.417850,0.000000,-0.000000,0.000000,0.029388,-0.143928,0.066296,-0.034739,-0.007040,-0.014928,0.000030,0.068586,0.000151,0.000708,-0.055825,-0.001267
66.686659,0.000000,-0.000000,0.000000,0.029388,-0.143928,0.066296,-0.034739,-0.007040,-0.014928,0.000030,0.068586,0.000151,0.000708,-0.055825,-0.001267
66.960284,0.000000,-0.000000,0.000000,0.029388,-0.143928,0.066296,-0.034739,-0.007040,-0.014928,0.000030,0.068586,0.000151,0.000708,-0.055825,-0.001267
67.223204,0.000000,-0.000000,0.000000,0.029388,-0.143928,0.066296,-0.034739,-0.007040,-0.014928,0.000030,0.068586,0.000151,0.000708,-0.055825,-0.001267
67.486259,0.000000,-0.000000,0.000000,0.029388,-0.143928,0.066296,-0.034739,-0.007040,-0.014928,0.000030,0.068586,0.000151,0.000708,-0.055825,-0.001267
67.755366,0.000000,-0.000000,0.000000,0.029388,-0.143928,0.066296,-0.034739,-0.007040,-0.014928,0.000030,0.068586,0.000151,0.000708,-0.055825,-0.001267
68.023546,0.000000,-0.000000,0.000000,0.029388,-0.143928,0.066296,-0.034739,-0.007040,-0.014928,0.000030,0.068586,0.000151,0.000708,-0.055825,-0.001267
68.287204,0.000000,-0.000000,0.000000,0.029388,-0.143928,0.066296,-0.034739,-0.007040,-0.014928,0.000030,0.068586,0.000151,0.000708,-0.055825,-0.001267
68.547880,0.000000,-0.000000,0.000000,0.029388,-0.143928,0.066296,-0.034739,-0.007040,-0.014928,0.000030,0.068586,0.000151,0.000708,-0.055825,-0.001267
68.789348,0.000000,-0.000000,0.000000,0.029388,-0.143928,0.066296,-0.034739,-0.007040,-0.014928,0.000030,0.068586,0.000151,0.000708,-0.055825,-0.001267
69.031951,0.000000,-0.000000,0.000000,0.029388,-0.143928,0.066296,-0.034739,-0.007040,-0.014928,0.000030,0.068586,0.000151,0.000708,-0.055825,-0.001267
69.284646,0.000000,-0.000000,0.000000,0.029388,-0.143928,0.066296,-0.034739,-0.007040,-0.014928,0.000030,0.068586,0.000151,0.000708,-0.055825,-0.001267
69.552455,0.000000,-0.000000,0.000000,0.029388,-0.143928,0.066296,-0.034739,-0.007040,-0.014928,0.000030,0.068586,0.000151,0.000708,-0.055825,-0.001267
69.805780,0.000000,-0.000000,0.000000,0.029388,-0.143928,0.066296,-0.034739,-0.007040,-0.014928,0.000030,0.068586,0.000151,0.000708,-0.055825,-0.001267
70.043727,0.000000,-0.000000,0.000000,0.029388,-0.143928,0.066296,-0.034739,-0.007040,-0.014928,0.000030,0.068586,0.000151,0.000708,-0.055825,-0.001267
70.300248,0.000000,-0.000000,0.000000,0.029388,-0.143928,0.066296,-0.034739,-0.007040,-0.014928,0.000030,0.068586,0.000151,0.000708,-0.055825,-0.001267
70.533446,0.000000,-0.000000,0.000000,0.029388,-0.143928,0.066296,-0.034739,-0.007040,-0.014928,0.000030,0.068586,0.000151,0.000708,-0.055825,-0.001267
70.785754,0.000000,-0.000000,0.000000,0.029388,-0.143928,0.066296,-0.034739,-0.007040,-0.014928,0.000030,0.068586,0.000151,0.000708,-0.055825,-0.001267
71.049537,0.000000,-0.000000,0.000000,0.029388,-0.143928,0.066296,-0.034739,-0.007040,-0.014928,0.000030,0.068586,0.000151,0.000708,-0.055825,-0.001267
71.332437,0.000000,-0.000000,0.000000,0.029388,-0.143928,0.066296,-0.034739,-0.007040,-0.014928,0.000030,0.068586,0.000151,0.000708,-0.055825,-0.001267
71.558871,0.000000,-0.000000,0.000000,0.029388,-0.143928,0.066296,-0.034739,-0.007040,-0.014928,0.000030,0.068586,0.000151,0.000708,-0.055825,-0.001267
71.806441,0.000000,-0.000000,0.000000,0.029388,-0.143928,0.066296,-0.034739,-0.007040,-0.014928,0.000030,0.068586,0.000151,0.000708,-0.055825,-0.001267
72.065486,0.000000,-0.000000,0.000000,0.029388,-0.143928,0.066296,-0.034739,-0.007040,-0.014928,0.000030,0.068586,0.000151,0.000708,-0.055825,-0.001267
72.326598,0.000000,-0.000000,0.000000,0.029388,-0.143928,0.066296,-0.034739,-0.007040,-0.014928,0.000030,0.068586,0.000151,0.000708,-0.055825,-0.001267
72.579924,0.000000,-0.000000,0.000000,0.029388,-0.143928,0.066296,-0.034739,-0.007040,-0.014928,0.000030,0.068586,0.000151,0.000708,-0.055825,-0.001267
72.843187,0.000000,-0.000000,0.000000,0.029388,-0.143928,0.066296,-0.034739,-0.007040,-0.014928,0.000030,0.068586,0.000151,0.000708,-0.055825,-0.001267
73.098718,0.000000,-0.000000,0.000000,0.029388,-0.143928,0.066296,-0.034739,-0.007040,-0.014928,0.000030,0.068586,0.000151,0.000708,-0.055825,-0.001267
73.346376,0.000000,-0.000000,0.000000,0.029388,-0.143928,0.066296,-0.034739,-0.007040,-0.014928,0.000030,0.068586,0.000151,0.000708,-0.055825,-0.001267
73.590058,0.000000,-0.000000,0.000000,0.029388,-0.143928,0.066296,-0.034739,-0.007040,-0.014928,0.000030,0.068586,0.000151,0.000708,-0.055825,-0.001267
73.829926,0.000000,-0.000000,0.000000,0.029388,-0.143928,0.066296,-0.034739,-0.007040,-0.014928,0.000030,0.068586,0.000151,0.000708,-0.055825,-0.001267
74.072865,0.000000,-0.000000,0.000000,0.029388,-0.143928,0.066296,-0.034739,-0.007040,-0.014928,0.000030,0.068586,0.000151,0.000708,-0.055825,-0.001267
74.334945,0.000000,-0.000000,0.000000,0.029388,-0.143928,0.066296,-0.034739,-0.007040,-0.014928,0.000030,0.068586,0.000151,0.000708,-0.055825,-0.001267
74.610183,0.000000,-0.000000,0.000000,0.029388,-0.143928,0.066296,-0.034739,-0.007040,-0.014928,0.000030,0.068586,0.000151,0.000708,-0.055825,-0.001267
74.853413,0.000000,-0.000000,0.000000,0.029388,-0.143928,0.066296,-0.034739,-0.007040,-0.014928,0.000030,0.068586,0.000151,0.000708,-0.055825,-0.001267
75.098700,0.000000,-0.000000,0.000000,0.029388,-0.143928,0.066296,-0.034739,-0.007040,-0.014928,0.000030,0.068586,0.000151,0.000708,-0.055825,-0.001267
75.370618,0.000000,-0.000000,0.000000,0.029388,-0.143928,0.066296,-0.034739,-0.007040,-0.014928,0.000030,0.068586,0.000151,0.000708,-0.055825,-0.001267
75.638158,0.000000,-0.000000,0.000000,0.029388,-0.143928,0.066296,-0.034739,-0.007040,-0.014928,0.000030,0.068586,0.000151,0.000708,-0.055825,-0.001267
75.897472,0.000000,-0.000000,0.000000,0.029388,-0.143928,0.066296,-0.034739,-0.007040,-0.014928,0.000030,0.068586,0.000151,0.000708,-0.055825,-0.001267
76.143922,0.000000,-0.000000,0.000000,0.029388,-0.143928,0.066296,-0.034739,-0.007040,-0.014928,0.000030,0.068586,0.000151,0.000708,-0.055825,-0.001267
76.388539,0.000000,-0.000000,0.000000,0.029388,-0.143928,0.066296,-0.034739,-0.007040,-0.014928,0.000030,0.068586,0.000151,0.000708,-0.055825,-0.001267
76.633985,0.000000,-0.000000,0.000000,0.029388,-0.143928,0.066296,-0.034739,-0.007040,-0.014928,0.000030,0.068586,0.000151,0.000708,-0.055825,-0.001267
76.875468,0.000000,-0.000000,0.000000,0.029388,-0.143928,0.066296,-0.034739,-0.007040,-0.014928,0.000030,0.068586,0.000151,0.002291,-0.054952,-0.003915
77.136346,0.000000,-0.000000,0.000000,0.105886,0.792148,-0.185639,-0.034739,-0.007040,-0.014928,0.000030,0.068586,0.000151,0.135640,0.770733,-0.195617
77.407718,0.000000,-0.000000,0.000000,0.105886,0.792148,-0.185639,-0.034739,-0.007040,-0.014928,0.000030,0.068586,0.000151,0.135640,0.770733,-0.195617
77.648000,0.000000,-0.000000,0.000000,0.005777,-0.093953,0.008729,0.011950,-0.016495,-0.011604,0.034758,-0.053049,0.013014,0.022745,-0.118853,-0.024009
77.877114,0.000000,-0.000000,0.000000,0.005777,-0.093953,0.008729,0.011950,-0.016495,-0.011604,0.034758,-0.053049,0.013014,0.022745,-0.118853,-0.024009
78.126456,0.000000,-0.000000,0.000000,0.005777,-0.093953,0.008729,0.011950,-0.016495,-0.011604,0.034758,-0.053049,0.013014,0.022745,-0.118853,-0.024009
78.389515,0.000000,-0.000000,0.000000,0.005777,-0.093953,0.008729,0.011950,-0.016495,-0.011604,0.034758,-0.053049,0.013014,0.022745,-0.118853,-0.024009
78.634441,0.000000,-0.000000,0.000000,0.005777,-0.093953,0.008729,0.011950,-0.016495,-0.011604,0.034758,-0.053049,0.013014,0.022745,-0.118853,-0.024009
78.876647,0.000000,-0.000000,0.000000,0.005777,-0.093953,0.008729,0.011950,-0.016495,-0.011604,0.034758,-0.053049,0.013014,0.022745,-0.118853,-0.024009
79.142459,0.000000,-0.000000,0.000000,0.005777,-0.093953,0.008729,0.011950,-0.016495,-0.011604,0.034758,-0.053049,0.013014,0.022745,-0.118853,-0.024009
79.414110,0.000000,-0.000000,0.000000,0.005777,-0.093953,0.008729,0.011950,-0.016495,-0.011604,0.034758,-0.053049,0.013014,0.022745,-0.118853,-0.024009
79.660047,0.000000,-0.000000,0.000000,0.005777,-0.093953,0.008729,0.011950,-0.016495,-0.011604,0.034758,-0.053049,0.013014,0.022745,-0.118853,-0.024009
79.911929,0.000000,-0.000000,0.000000,0.005777,-0.093953,0.008729,0.011950,-0.016495,-0.011604,0.034758,-0.053049,0.013014,0.022745,-0.118853,-0.024009
80.164760,0.000000,-0.000000,0.000000,0.005777,-0.093953,0.008729,0.011950,-0.016495,-0.011604,0.034758,-0.053049,0.013014,0.024493,-0.110070,-0.024260
80.428082,0.000000,-0.000000,0.000000,0.005777,-0.093953,0.008729,0.011950,-0.016495,-0.011604,0.034758,-0.053049,0.013014,0.023075,-0.098845,-0.024583
80.699470,0.000000,-0.000000,0.000000,0.005777,-0.093953,0.008729,0.011950,-0.016495,-0.011604,0.034758,-0.053049,0.013014,0.023075,-0.098845,-0.024583
80.951512,0.000000,-0.000000,0.000000,0.005777,-0.093953,0.008729,0.011950,-0.016495,-0.011604,0.034758,-0.053049,0.013014,0.021655,-0.087622,-0.024921
81.202864,0.000000,-0.000000,0.000000,0.005777,-0.093953,0.008729,0.011950,-0.016495,-0.011604,0.034758,-0.053049,0.013014,0.022365,-0.093233,-0.024750
81.459661,0.000000,-0.000000,0.000000,0.005777,-0.093953,0.008729,0.011950,-0.016495,-0.011604,0.034758,-0.053049,0.013014,0.019205,-0.090790,-0.024854
81.733974,0.000000,-0.000000,0.000000,0.005777,-0.093953,0.008729,0.011950,-0.016495,-0.011604,0.034758,-0.053049,0.013014,0.019205,-0.090790,-0.024854
81.980897,0.000000,-0.000000,0.000000,0.005777,-0.093953,0.008729,0.011950,-0.016495,-0.011604,0.034758,-0.053049,0.013014,0.021655,-0.087622,-0.024921
82.239597,0.000000,-0.000000,0.000000,0.005777,-0.093953,0.008729,0.011950,-0.016495,-0.011604,0.034758,-0.053049,0.013014,0.021655,-0.087622,-0.024921
82.498606,0.000000,-0.000000,0.000000,0.005777,-0.093953,0.008729,0.011950,-0.016495,-0.011604,0.034758,-0.053049,0.013014,0.019205,-0.090790,-0.024854
82.757798,0.000000,-0.000000,0.000000,0.005777,-0.093953,0.008729,0.011950,-0.016495,-0.011604,0.034758,-0.053049,0.013014,0.021655,-0.087622,-0.024921
83.020364,0.000000,-0.000000,0.000000,0.005777,-0.093953,0.008729,0.011950,-0.016495,-0.011604,0.034758,-0.053049,0.013014,0.021655,-0.087622,-0.024921
83.272387,0.000000,-0.000000,0.000000,0.005777,-0.093953,0.008729,0.011950,-0.016495,-0.011604,0.034758,-0.053049,0.013014,0.021655,-0.087622,-0.024921
83.524768,0.000000,-0.000000,0.000000,0.005777,-0.093953,0.008729,0.011950,-0.016495,-0.011604,0.034758,-0.053049,0.013014,0.021655,-0.087622,-0.024921
83.788598,0.000000,-0.000000,0.000000,0.005777,-0.093953,0.008729,0.011950,-0.016495,-0.011604,0.034758,-0.053049,0.013014,0.021655,-0.087622,-0.024921
84.060238,0.000000,-0.000000,0.000000,0.005777,-0.093953,0.008729,0.011950,-0.016495,-0.011604,0.034758,-0.053049,0.013014,0.021655,-0.087622,-0.024921
84.312405,0.000000,-0.000000,0.000000,0.005777,-0.093953,0.008729,0.011950,-0.016495,-0.011604,0.034758,-0.053049,0.013014,0.021655,-0.087622,-0.024921
84.568391,0.000000,-0.000000,0.000000,0.005777,-0.093953,0.008729,0.011950,-0.016495,-0.011604,0.034758,-0.053049,0.013014,0.021655,-0.087622,-0.024921
84.830492,0.000000,-0.000000,0.000000,0.005777,-0.093953,0.008729,0.011950,-0.016495,-0.011604,0.034758,-0.053049,0.013014,0.021655,-0.087622,-0.024921
85.086675,0.000000,-0.000000,0.000000,0.005777,-0.093953,0.008729,0.011950,-0.016495,-0.011604,0.034758,-0.053049,0.013014,0.021655,-0.087622,-0.024921
85.345424,0.000000,-0.000000,0.000000,0.005777,-0.093953,0.008729,0.011950,-0.016495,-0.011604,0.034758,-0.053049,0.013014,0.021655,-0.087622,-0.024921
85.612619,0.000000,-0.000000,0.000000,0.005777,-0.093953,0.008729,0.011950,-0.016495,-0.011604,0.034758,-0.053049,0.013014,0.021655,-0.087622,-0.024921
85.887979,0.000000,-0.000000,0.000000,0.005777,-0.093953,0.008729,0.011950,-0.016495,-0.011604,0.034758,-0.053049,0.013014,0.021655,-0.087622,-0.024921
86.136102,0.000000,-0.000000,0.000000,0.005777,-0.093953,0.008729,0.011950,-0.016495,-0.011604,0.034758,-0.053049,0.013014,0.021655,-0.087622,-0.024921
86.380410,0.000000,-0.000000,0.000000,0.005777,-0.093953,0.008729,0.011950,-0.016495,-0.011604,0.034758,-0.053049,0.013014,0.021655,-0.087622,-0.024921
86.643756,0.000000,-0.000000,0.000000,0.005777,-0.093953,0.008729,0.011950,-0.016495,-0.011604,0.034758,-0.053049,0.013014,0.021655,-0.087622,-0.024921
86.892857,0.000000,-0.000000,0.000000,0.005777,-0.093953,0.008729,0.011950,-0.016495,-0.011604,0.034758,-0.053049,0.013014,0.021655,-0.087622,-0.024921
87.164316,0.000000,-0.000000,0.000000,0.005777,-0.093953,0.008729,0.011950,-0.016495,-0.011604,0.034758,-0.053049,0.013014,0.021655,-0.087622,-0.024921
87.427830,0.000000,-0.000000,0.000000,0.005777,-0.093953,0.008729,0.011950,-0.016495,-0.011604,0.034758,-0.053049,0.013014,0.021655,-0.087622,-0.024921
87.680464,0.000000,-0.000000,0.000000,0.005777,-0.093953,0.008729,0.011950,-0.016495,-0.011604,0.034758,-0.053049,0.013014,0.021655,-0.087622,-0.024921
87.913349,0.000000,-0.000000,0.000000,0.005777,-0.093953,0.008729,0.011950,-0.016495,-0.011604,0.034758,-0.053049,0.013014,0.021655,-0.087622,-0.024921
88.157500,0.000000,-0.000000,0.000000,0.005777,-0.093953,0.008729,0.011950,-0.016495,-0.011604,0.034758,-0.053049,0.013014,0.021655,-0.087622,-0.024921
88.402438,0.000000,-0.000000,0.000000,0.005777,-0.093953,0.008729,0.011950,-0.016495,-0.011604,0.034758,-0.053049,0.013014,0.021655,-0.087622,-0.024921
88.654658,0.000000,-0.000000,0.000000,0.005777,-0.093953,0.008729,0.011950,-0.016495,-0.011604,0.034758,-0.053049,0.013014,0.021655,-0.087622,-0.024921
88.921419,0.000000,-0.000000,0.000000,0.005777,-0.093953,0.008729,0.011950,-0.016495,-0.011604,0.034758,-0.053049,0.013014,0.021655,-0.087622,-0.024921
89.184007,0.000000,-0.000000,0.000000,0.005777,-0.093953,0.008729,0.011950,-0.016495,-0.011604,0.034758,-0.053049,0.013014,0.021655,-0.087622,-0.024921
89.417797,0.000000,-0.000000,0.000000,0.005777,-0.093953,0.008729,0.011950,-0.016495,-0.011604,0.034758,-0.053049,0.013014,0.021655,-0.087622,-0.024921
89.667268,0.000000,-0.000000,0.000000,0.005777,-0.093953,0.008729,0.011950,-0.016495,-0.011604,0.034758,-0.053049,0.013014,0.021655,-0.087622,-0.024921
89.919515,0.000000,-0.000000,0.000000,0.005777,-0.093953,0.008729,0.011950,-0.016495,-0.011604,0.034758,-0.053049,0.013014,0.021655,-0.087622,-0.024921
90.151373,0.000000,-0.000000,0.000000,0.005777,-0.093953,0.008729,0.011950,-0.016495,-0.011604,0.034758,-0.053049,0.013014,0.021655,-0.087622,-0.024921
90.394710,0.000000,-0.000000,0.000000,0.005777,-0.093953,0.008729,0.011950,-0.016495,-0.011604,0.034758,-0.053049,0.013014,0.021655,-0.087622,-0.024921
90.667618,0.000000,-0.000000,0.000000,0.005777,-0.093953,0.008729,0.011950,-0.016495,-0.011604,0.034758,-0.053049,0.013014,0.021655,-0.087622,-0.024921
90.938614,0.000000,-0.000000,0.000000,0.005777,-0.093953,0.008729,0.011950,-0.016495,-0.011604,0.034758,-0.053049,0.013014,0.021655,-0.087622,-0.024921
91.184318,0.000000,-0.000000,0.000000,0.005777,-0.093953,0.008729,0.011950,-0.016495,-0.011604,0.034758,-0.053049,0.013014,0.021655,-0.087622,-0.024921
91.448751,0.000000,-0.000000,0.000000,0.005777,-0.093953,0.008729,0.011950,-0.016495,-0.011604,0.034758,-0.053049,0.013014,0.021655,-0.087622,-0.024921
91.698209,0.000000,-0.000000,0.000000,0.005777,-0.093953,0.008729,0.011950,-0.016495,-0.011604,0.034758,-0.053049,0.013014,0.021655,-0.087622,-0.024921
91.966304,0.000000,-0.000000,0.000000,0.005777,-0.093953,0.008729,0.011950,-0.016495,-0.011604,0.034758,-0.053049,0.013014,0.021655,-0.087622,-0.024921
92.210123,0.000000,-0.000000,0.000000,0.005777,-0.093953,0.008729,0.011950,-0.016495,-0.011604,0.034758,-0.053049,0.013014,0.021655,-0.087622,-0.024921
92.470385,0.000000,-0.000000,0.000000,0.005777,-0.093953,0.008729,0.011950,-0.016495,-0.011604,0.034758,-0.053049,0.013014,0.021655,-0.087622,-0.024921
92.710337,0.000000,-0.000000,0.000000,0.005777,-0.093953,0.008729,0.011950,-0.016495,-0.011604,0.034758,-0.053049,0.013014,0.021655,-0.087622,-0.024921
92.960946,0.000000,-0.000000,0.000000,0.005777,-0.093953,0.008729,0.011950,-0.016495,-0.011604,0.034758,-0.053049,0.013014,0.021655,-0.087622,-0.024921
93.206537,0.000000,-0.000000,0.000000,0.005777,-0.093953,0.008729,0.011950,-0.016495,-0.011604,0.034758,-0.053049,0.013014,0.021655,-0.087622,-0.024921
93.453787,0.000000,-0.000000,0.000000,0.005777,-0.093953,0.008729,0.011950,-0.016495,-0.011604,0.034758,-0.053049,0.013014,0.021655,-0.087622,-0.024921
93.722035,0.000000,-0.000000,0.000000,0.005777,-0.093953,0.008729,0.011950,-0.016495,-0.011604,0.034758,-0.053049,0.013014,0.021655,-0.087622,-0.024921
93.980695,0.000000,-0.000000,0.000000,0.005777,-0.093953,0.008729,0.011950,-0.016495,-0.011604,0.034758,-0.053049,0.013014,0.021655,-0.087622,-0.024921
94.241072,0.000000,-0.000000,0.000000,0.005777,-0.093953,0.008729,0.011950,-0.016495,-0.011604,0.034758,-0.053049,0.013014,0.021655,-0.087622,-0.024921
94.489927,0.000000,-0.000000,0.000000,0.005777,-0.093953,0.008729,0.011950,-0.016495,-0.011604,0.034758,-0.053049,0.013014,0.021655,-0.087622,-0.024921
94.757288,0.000000,-0.000000,0.000000,0.005777,-0.093953,0.008729,0.011950,-0.016495,-0.011604,0.034758,-0.053049,0.013014,0.021655,-0.087622,-0.024921
95.015734,0.000000,-0.000000,0.000000,0.005777,-0.093953,0.008729,0.011950,-0.016495,-0.011604,0.034758,-0.053049,0.013014,0.021655,-0.087622,-0.024921
95.259146,0.000000,-0.000000,0.000000,0.005777,-0.093953,0.008729,0.011950,-0.016495,-0.011604,0.034758,-0.053049,0.013014,0.021655,-0.087622,-0.024921
95.522315,0.000000,-0.000000,0.000000,0.005777,-0.093953,0.008729,0.011950,-0.016495,-0.011604,0.034758,-0.053049,0.013014,0.021655,-0.087622,-0.024921
95.782336,0.000000,-0.000000,0.000000,0.005777,-0.093953,0.008729,0.011950,-0.016495,-0.011604,0.034758,-0.053049,0.013014,0.021655,-0.087622,-0.024921
96.047283,0.000000,-0.000000,0.000000,0.005777,-0.093953,0.008729,0.011950,-0.016495,-0.011604,0.034758,-0.053049,0.013014,0.021655,-0.087622,-0.024921
96.311294,0.000000,-0.000000,0.000000,0.005777,-0.093953,0.008729,0.011950,-0.016495,-0.011604,0.034758,-0.053049,0.013014,0.021655,-0.087622,-0.024921
96.563549,0.000000,-0.000000,0.000000,0.005777,-0.093953,0.008729,0.011950,-0.016495,-0.011604,0.034758,-0.053049,0.013014,0.021655,-0.087622,-0.024921
96.800260,0.000000,-0.000000,0.000000,0.005777,-0.093953,0.008729,0.011950,-0.016495,-0.011604,0.034758,-0.053049,0.013014,0.021655,-0.087622,-0.024921
97.046833,0.000000,-0.000000,0.000000,0.005777,-0.093953,0.008729,0.011950,-0.016495,-0.011604,0.034758,-0.053049,0.013014,0.021655,-0.087622,-0.024921
97.282864,0.000000,-0.000000,0.000000,0.005777,-0.093953,0.008729,0.011950,-0.016495,-0.011604,0.034758,-0.053049,0.013014,0.021655,-0.087622,-0.024921
97.537777,0.000000,-0.000000,0.000000,0.005777,-0.093953,0.008729,0.009337,-0.019526,-0.011501,0.034758,-0.053049,0.013014,0.021655,-0.087622,-0.024921
97.811923,0.000000,-0.000000,0.000000,0.005777,-0.093953,0.008729,0.009838,-0.067559,-0.006534,0.035164,-0.118345,0.012216,0.021655,-0.087622,-0.024921
98.058040,0.000000,-0.000000,0.000000,0.005777,-0.093953,0.008729,-0.365394,-0.312781,0.124153,-0.034886,-0.174412,0.035186,0.021655,-0.087622,-0.024921
98.330882,0.000000,-0.000000,0.000000,0.005777,-0.093953,0.008729,-1.977472,-0.247626,0.563445,-1.707245,-0.282831,0.594694,0.021655,-0.087622,-0.024921
98.585083,0.000000,-0.000000,0.000000,0.005777,-0.093953,0.008729,-2.649711,-0.131783,0.662763,-2.681075,-0.081789,0.714608,0.021655,-0.087622,-0.024921
98.856500,0.000000,-0.000000,0.000000,0.005777,-0.093953,0.008729,-2.462427,-0.255059,0.773264,-2.508781,-0.178774,0.815861,0.021655,-0.087622,-0.024921
99.100582,0.000000,-0.000000,0.000000,0.005777,-0.093953,0.008729,-1.595114,-0.195013,0.538308,-1.197012,-0.120655,0.541797,-1.153239,-0.139213,0.536471
99.372583,0.000000,-0.000000,0.000000,0.005777,-0.093953,0.008729,-0.599649,-0.033853,0.529371,0.211558,-0.010352,0.550500,0.246515,-0.009012,0.514037
99.626871,0.000000,-0.000000,0.000000,-0.079049,-0.074648,-0.086368,-0.056888,-0.032244,-0.086837,0.028148,-0.015767,-0.095184,-0.003197,-0.062734,-0.128091
99.900569,0.000000,-0.000000,0.000000,-0.146352,-0.088981,-0.004206,0.303288,0.099375,0.122945,0.503609,0.103597,0.217042,0.445862,0.066896,0.187349
100.124863,0.000000,-0.000000,0.000000,-0.529573,-0.100089,-0.149857,-0.209913,-0.061248,-0.093872,-0.495738,-0.096757,-0.157767,-0.074311,-0.050184,0.042714
100.391625,0.000000,-0.000000,0.000000,-1.032677,-0.151310,-0.371244,-0.209913,-0.061248,-0.093872,-0.928867,-0.108548,-0.355686,-0.074311,-0.050184,0.042714
100.620441,0.000000,-0.000000,0.000000,-1.380271,-0.123116,-0.221770,-0.209913,-0.061248,-0.093872,-0.928867,-0.108548,-0.355686,-0.074311,-0.050184,0.042714
100.868299,0.000000,-0.000000,0.000000,-0.857060,-0.005383,0.130000,0.184427,-0.008203,0.124930,-0.529083,0.075146,-0.225581,0.318959,-0.027184,0.266695
101.114175,0.000000,-0.000000,0.000000,-0.084956,-0.050333,0.019253,1.055627,0.135131,-0.247278,0.331663,-0.058697,-0.607687,1.189668,0.164954,-0.083061
101.368487,0.000000,-0.000000,0.000000,-0.295223,-0.460743,0.044973,-0.041075,-0.099723,-0.004060,-0.078745,-0.926855,-0.912397,-0.116693,-0.189543,0.054757
101.604850,0.000000,-0.000000,0.000000,-0.027475,-0.060204,-0.046520,-0.026598,-0.061812,0.007340,0.147143,0.087016,-0.006046,0.182775,0.112877,-0.035145
101.860122,0.000000,-0.000000,0.000000,-0.169879,-0.010307,-0.066809,0.027872,0.000908,0.036945,0.028514,-0.069824,0.095977,0.018624,-0.068200,0.023242
102.124071,0.000000,-0.000000,0.000000,-0.183204,-0.009923,-0.118961,-0.204343,-0.095129,-0.347605,0.028126,-0.031443,-0.018634,-0.175053,-0.106697,-0.332055
102.395131,0.000000,-0.000000,0.000000,-0.690244,-0.377507,-0.303021,-0.258208,-0.173475,-0.380063,0.028126,-0.031443,-0.018634,-0.456749,-0.397989,-0.339719
102.637126,0.000000,-0.000000,0.000000,-1.008612,-0.399151,-0.034900,-0.324717,-0.276563,-0.383296,0.028126,-0.031443,-0.018634,-0.934244,-0.430152,0.033726
102.906250,0.000000,-0.000000,0.000000,-1.535234,-0.665613,0.279643,-0.324717,-0.276563,-0.383296,0.028126,-0.031443,-0.018634,-1.494933,-0.742289,0.373907
103.171918,0.000000,-0.000000,0.000000,-2.120658,-1.086620,1.041006,-0.324717,-0.276563,-0.383296,0.028126,-0.031443,-0.018634,-1.929915,-0.992267,0.848574
103.440670,0.000000,-0.000000,0.000000,-1.941445,-1.105798,1.398440,-0.324717,-0.276563,-0.383296,0.028126,-0.031443,-0.018634,-1.961496,-1.014419,0.906743
103.674903,0.000000,-0.000000,0.000000,-0.300129,-0.942842,0.475528,-0.324717,-0.276563,-0.383296,0.028126,-0.031443,-0.018634,-1.961496,-1.014419,0.906743
103.926763,0.000000,-0.000000,0.000000,0.272738,-0.490767,0.112026,-0.324717,-0.276563,-0.383296,0.028126,-0.031443,-0.018634,-1.961496,-1.014419,0.906743
104.174104,0.000000,-0.000000,0.000000,-0.237833,-0.388766,-0.193564,0.001155,-0.373881,-0.164895,0.028126,-0.031443,-0.018634,-1.961496,-1.014419,0.906743
104.440262,0.000000,-0.000000,0.000000,-0.388268,-0.387157,-0.242968,-0.483560,-0.417635,-0.207824,0.028126,-0.031443,-0.018634,-1.961496,-1.014419,0.906743
104.703306,0.000000,-0.000000,0.000000,-0.439717,-0.395598,-0.249663,-1.164807,-0.537224,0.083176,0.028126,-0.031443,-0.018634,-1.961496,-1.014419,0.906743
104.948577,0.000000,-0.000000,0.000000,-0.439717,-0.395598,-0.249663,-1.742531,-0.574427,0.331800,0.028126,-0.031443,-0.018634,-1.961496,-1.014419,0.906743
105.179468,0.000000,-0.000000,0.000000,-0.439717,-0.395598,-0.249663,-1.843991,-0.979979,0.792968,0.028126,-0.031443,-0.018634,-1.961496,-1.014419,0.906743
105.450457,0.000000,-0.000000,0.000000,-0.439717,-0.395598,-0.249663,-1.898426,-1.139180,1.623480,0.028126,-0.031443,-0.018634,-2.051257,-1.071224,1.620178
105.706831,0.000000,-0.000000,0.000000,-0.439717,-0.395598,-0.249663,-1.463659,-1.057494,1.597326,0.028126,-0.031443,-0.018634,-1.722630,-1.062442,1.722225
105.979197,0.000000,-0.000000,0.000000,-0.439717,-0.395598,-0.249663,-0.894800,-0.943627,1.154731,-0.852097,-0.947069,1.049195,-1.722630,-1.062442,1.722225
106.248678,0.000000,-0.000000,0.000000,0.194879,0.729782,-0.488642,0.037354,0.005842,0.049016,0.059499,0.074713,0.178995,-0.000820,0.017000,0.063467
106.496596,0.000000,-0.000000,0.000000,-0.078720,-0.083802,-0.303874,0.051702,0.004819,0.147454,0.002067,-0.012832,-0.089626,-0.080796,-0.067670,-0.267454
106.767919,0.000000,-0.000000,0.000000,0.138640,-0.089721,0.108987,0.029440,-0.017221,0.046226,0.087750,-0.015350,0.086490,0.042085,-0.025572,0.035966
107.014963,0.000000,-0.000000,0.000000,-0.131557,-0.161679,-0.162022,-0.069050,-0.112270,0.020292,-0.049654,-0.073817,-0.016053,-0.075772,-0.101437,-0.043577
107.283881,0.000000,-0.000000,0.000000,-0.114389,-0.151281,-0.064985,0.001998,-0.044491,0.074225,-0.015016,-0.075781,-0.005942,-0.019317,-0.041987,-0.044505
107.535852,0.000000,-0.000000,0.000000,-0.197621,-0.069017,0.167300,-0.039662,-0.025191,0.138038,-0.115277,0.024917,0.348151,-0.019317,-0.041987,-0.044505
107.788157,0.000000,-0.000000,0.000000,-0.197621,-0.069017,0.167300,-0.039662,-0.025191,0.138038,-0.109608,0.041628,0.404283,-0.019317,-0.041987,-0.044505
108.051343,0.000000,-0.000000,0.000000,-0.116996,0.026421,0.409582,0.092604,0.229548,0.454153,-0.109608,0.041628,0.404283,-0.019317,-0.041987,-0.044505
108.294939,0.000000,-0.000000,0.000000,0.105025,0.324967,-0.104460,0.135337,0.282485,0.375674,-0.109608,0.041628,0.404283,-0.019317,-0.041987,-0.044505
108.557776,0.000000,-0.000000,0.000000,-0.010502,0.123410,0.141671,0.135337,0.282485,0.375674,-0.109608,0.041628,0.404283,-0.019317,-0.041987,-0.044505
108.824246,0.000000,-0.000000,0.000000,-0.043280,0.038770,0.502904,0.135337,0.282485,0.375674,-0.109608,0.041628,0.404283,-0.019317,-0.041987,-0.044505
109.086194,0.000000,-0.000000,0.000000,0.038537,0.199846,0.294855,0.135337,0.282485,0.375674,-0.109608,0.041628,0.404283,-0.019317,-0.041987,-0.044505
109.358259,0.000000,-0.000000,0.000000,0.359431,0.395801,0.564801,0.135337,0.282485,0.375674,-0.109608,0.041628,0.404283,-0.019317,-0.041987,-0.044505
109.610574,0.000000,-0.000000,0.000000,1.375776,0.370552,1.644160,0.135337,0.282485,0.375674,-0.109608,0.041628,0.404283,-0.019317,-0.041987,-0.044505
109.864684,0.000000,-0.000000,0.000000,0.395435,0.239653,1.036566,0.135337,0.282485,0.375674,-0.109608,0.041628,0.404283,-0.019317,-0.041987,-0.044505
110.137969,0.000000,-0.000000,0.000000,-0.653889,-0.435638,0.550045,0.135337,0.282485,0.375674,-0.109608,0.041628,0.404283,-0.019317,-0.041987,-0.044505
110.385053,0.000000,-0.000000,0.000000,0.319280,0.083068,0.927068,0.135337,0.282485,0.375674,-0.109608,0.041628,0.404283,-0.019317,-0.041987,-0.044505
110.632918,0.000000,-0.000000,0.000000,1.260631,0.346004,1.551643,0.135337,0.282485,0.375674,-0.109608,0.041628,0.404283,-0.019317,-0.041987,-0.044505
110.879577,0.000000,-0.000000,0.000000,1.320230,0.368396,1.581204,0.135337,0.282485,0.375674,-0.109608,0.041628,0.404283,-0.019317,-0.041987,-0.044505
111.112902,0.000000,-0.000000,0.000000,1.320230,0.368396,1.581204,0.135337,0.282485,0.375674,-0.109608,0.041628,0.404283,-0.019317,-0.041987,-0.044505
111.367139,0.000000,-0.000000,0.000000,1.320230,0.368396,1.581204,0.135337,0.282485,0.375674,-0.109608,0.041628,0.404283,-0.019317,-0.041987,-0.044505
111.620130,0.000000,-0.000000,0.000000,1.320230,0.368396,1.581204,0.135337,0.282485,0.375674,-0.109608,0.041628,0.404283,-0.019317,-0.041987,-0.044505
111.891018,0.000000,-0.000000,0.000000,1.320230,0.368396,1.581204,0.135337,0.282485,0.375674,-0.109608,0.041628,0.404283,-0.019317,-0.041987,-0.044505
112.162121,0.000000,-0.000000,0.000000,1.320230,0.368396,1.581204,0.135337,0.282485,0.375674,-0.109608,0.041628,0.404283,-0.019317,-0.041987,-0.044505
112.396216,0.000000,-0.000000,0.000000,1.320230,0.368396,1.581204,0.135337,0.282485,0.375674,-0.109608,0.041628,0.404283,-0.019317,-0.041987,-0.044505
112.637838,0.000000,-0.000000,0.000000,1.320230,0.368396,1.581204,0.135337,0.282485,0.375674,-0.109608,0.041628,0.404283,-0.019317,-0.041987,-0.044505
112.903309,0.000000,-0.000000,0.000000,1.320230,0.368396,1.581204,0.135337,0.282485,0.375674,-0.109608,0.041628,0.404283,-0.019317,-0.041987,-0.044505
113.166827,0.000000,-0.000000,0.000000,1.320230,0.368396,1.581204,0.135337,0.282485,0.375674,-0.109608,0.041628,0.404283,-0.019317,-0.041987,-0.044505
113.430111,0.000000,-0.000000,0.000000,1.320230,0.368396,1.581204,0.135337,0.282485,0.375674,-0.109608,0.041628,0.404283,-0.019317,-0.041987,-0.044505
113.674375,0.000000,-0.000000,0.000000,1.320230,0.368396,1.581204,0.135337,0.282485,0.375674,-0.109608,0.041628,0.404283,-0.019317,-0.041987,-0.044505
113.927789,0.000000,-0.000000,0.000000,1.320230,0.368396,1.581204,0.135337,0.282485,0.375674,-0.109608,0.041628,0.404283,-0.019317,-0.041987,-0.044505
114.162728,0.000000,-0.000000,0.000000,1.320230,0.368396,1.581204,0.135337,0.282485,0.375674,-0.109608,0.041628,0.404283,-0.019317,-0.041987,-0.044505
114.394586,0.000000,-0.000000,0.000000,1.320230,0.368396,1.581204,0.135337,0.282485,0.375674,-0.109608,0.041628,0.404283,-0.019317,-0.041987,-0.044505
114.647515,0.000000,-0.000000,0.000000,1.320230,0.368396,1.581204,0.135337,0.282485,0.375674,-0.109608,0.041628,0.404283,-0.019317,-0.041987,-0.044505
114.919909,0.000000,-0.000000,0.000000,1.320230,0.368396,1.581204,0.135337,0.282485,0.375674,-0.109608,0.041628,0.404283,-0.019317,-0.041987,-0.044505
115.186907,0.000000,-0.000000,0.000000,1.320230,0.368396,1.581204,0.135337,0.282485,0.375674,-0.109608,0.041628,0.404283,-0.019317,-0.041987,-0.044505
115.452130,0.000000,-0.000000,0.000000,1.320230,0.368396,1.581204,0.135337,0.282485,0.375674,-0.109608,0.041628,0.404283,-0.019317,-0.041987,-0.044505
115.677123,0.000000,-0.000000,0.000000,1.320230,0.368396,1.581204,0.135337,0.282485,0.375674,-0.109608,0.041628,0.404283,-0.019317,-0.041987,-0.044505
115.922464,0.000000,-0.000000,0.000000,1.320230,0.368396,1.581204,0.135337,0.282485,0.375674,-0.109608,0.041628,0.404283,-0.019317,-0.041987,-0.044505
116.156263,0.000000,-0.000000,0.000000,1.320230,0.368396,1.581204,0.135337,0.282485,0.375674,-0.109608,0.041628,0.404283,-0.019317,-0.041987,-0.044505
116.409376,0.000000,-0.000000,0.000000,1.320230,0.368396,1.581204,0.135337,0.282485,0.375674,-0.109608,0.041628,0.404283,-0.019317,-0.041987,-0.044505
116.644504,0.000000,-0.000000,0.000000,1.320230,0.368396,1.581204,0.135337,0.282485,0.375674,-0.109608,0.041628,0.404283,-0.019317,-0.041987,-0.044505
116.890262,0.000000,-0.000000,0.000000,1.320230,0.368396,1.581204,0.135337,0.282485,0.375674,-0.109608,0.041628,0.404283,-0.019317,-0.041987,-0.044505
117.157133,0.000000,-0.000000,0.000000,1.320230,0.368396,1.581204,0.135337,0.282485,0.375674,-0.109608,0.041628,0.404283,-0.019317,-0.041987,-0.044505
117.447319,0.000000,-0.000000,0.000000,1.320230,0.368396,1.581204,0.135337,0.282485,0.375674,-0.109608,0.041628,0.404283,-0.019317,-0.041987,-0.044505
117.681328,0.000000,-0.000000,0.000000,1.320230,0.368396,1.581204,0.135337,0.282485,0.375674,-0.109608,0.041628,0.404283,-0.019317,-0.041987,-0.044505
117.915534,0.000000,-0.000000,0.000000,1.320230,0.368396,1.581204,0.135337,0.282485,0.375674,-0.109608,0.041628,0.404283,-0.019317,-0.041987,-0.044505
118.162229,0.000000,-0.000000,0.000000,1.320230,0.368396,1.581204,0.135337,0.282485,0.375674,-0.109608,0.041628,0.404283,-0.019317,-0.041987,-0.044505
118.426313,0.000000,-0.000000,0.000000,1.320230,0.368396,1.581204,0.135337,0.282485,0.375674,-0.109608,0.041628,0.404283,-0.019317,-0.041987,-0.044505
118.686954,0.000000,-0.000000,0.000000,1.320230,0.368396,1.581204,0.135337,0.282485,0.375674,-0.109608,0.041628,0.404283,-0.019317,-0.041987,-0.044505
118.949268,0.000000,-0.000000,0.000000,1.320230,0.368396,1.581204,0.135337,0.282485,0.375674,-0.109608,0.041628,0.404283,-0.019317,-0.041987,-0.044505
119.189981,0.000000,-0.000000,0.000000,1.320230,0.368396,1.581204,0.135337,0.282485,0.375674,-0.109608,0.041628,0.404283,-0.019317,-0.041987,-0.044505
119.440575,0.000000,-0.000000,0.000000,1.320230,0.368396,1.581204,0.135337,0.282485,0.375674,-0.109608,0.041628,0.404283,-0.019317,-0.041987,-0.044505
119.694220,0.000000,-0.000000,0.000000,1.320230,0.368396,1.581204,0.135337,0.282485,0.375674,-0.109608,0.041628,0.404283,-0.019317,-0.041987,-0.044505
119.947357,0.000000,-0.000000,0.000000,1.320230,0.368396,1.581204,0.151832,0.309662,0.328814,-0.109608,0.041628,0.404283,-0.019317,-0.041987,-0.044505
