0.000000,-0.000000,0.000000,-0.000000,-0.000000,0.000000,-0.000000,-0.000000,0.000000,-0.000000,-3.108747,0.630374,2.928581,-0.000000,0.000000,-0.000000
0.144034,-0.000000,0.000000,-0.000000,3.114345,0.955431,2.934264,-0.000000,0.000000,-0.000000,-3.108747,0.630374,2.928581,-0.000000,0.000000,-0.000000
0.169352,-0.000000,0.000000,-0.000000,3.114345,0.955431,2.934264,-0.000000,0.000000,-0.000000,-3.107984,0.683256,3.024129,-0.000000,0.000000,-0.000000
0.457790,-0.000000,0.000000,-0.000000,3.114345,0.955431,2.934264,-0.000000,0.000000,-0.000000,-3.110525,0.678405,3.029672,-0.000000,0.000000,-0.000000
0.715890,-0.000000,0.000000,-0.000000,3.114345,0.955431,2.934264,-0.000000,0.000000,-0.000000,-3.109474,0.670492,2.991101,-0.000000,0.000000,-0.000000
0.847587,-0.000000,0.000000,-0.000000,3.114345,0.955431,2.934264,-0.000000,0.000000,-0.000000,-3.109474,0.670492,2.991101,-0.000000,0.000000,-0.000000
1.108959,-0.000000,0.000000,-0.000000,3.114345,0.955431,2.934264,-0.000000,0.000000,-0.000000,-3.109474,0.670492,2.991101,-0.000000,0.000000,-0.000000
1.351751,-0.000000,0.000000,-0.000000,3.114345,0.955431,2.934264,-0.000000,0.000000,-0.000000,-3.109474,0.670492,2.991101,-0.000000,0.000000,-0.000000
1.592854,-0.000000,0.000000,-0.000000,3.114345,0.955431,2.934264,-0.000000,0.000000,-0.000000,-3.109474,0.670492,2.991101,-0.000000,0.000000,-0.000000
1.830143,-0.000000,0.000000,-0.000000,3.114345,0.955431,2.934264,-0.000000,0.000000,-0.000000,-3.109474,0.670492,2.991101,-0.000000,0.000000,-0.000000
2.099198,-0.000000,0.000000,-0.000000,3.114345,0.955431,2.934264,-0.000000,0.000000,-0.000000,-3.109474,0.670492,2.991101,-0.000000,0.000000,-0.000000
2.356226,-0.000000,0.000000,-0.000000,3.114345,0.955431,2.934264,-0.000000,0.000000,-0.000000,-3.109474,0.670492,2.991101,-0.000000,0.000000,-0.000000
2.615920,-0.000000,0.000000,-0.000000,3.114345,0.955431,2.934264,-0.000000,0.000000,-0.000000,-3.109474,0.670492,2.991101,-0.000000,0.000000,-0.000000
2.875403,-0.000000,0.000000,-0.000000,3.114345,0.955431,2.934264,-0.000000,0.000000,-0.000000,-3.109474,0.670492,2.991101,-0.000000,0.000000,-0.000000
3.115871,-0.000000,0.000000,-0.000000,3.114345,0.955431,2.934264,-0.000000,0.000000,-0.000000,-3.109474,0.670492,2.991101,-0.000000,0.000000,-0.000000
3.351478,-0.000000,0.000000,-0.000000,3.114345,0.955431,2.934264,-0.000000,0.000000,-0.000000,-3.109474,0.670492,2.991101,-0.000000,0.000000,-0.000000
3.590979,-0.000000,0.000000,-0.000000,3.114345,0.955431,2.934264,-0.000000,0.000000,-0.000000,-3.109474,0.670492,2.991101,-0.000000,0.000000,-0.000000
3.831755,-0.000000,0.000000,-0.000000,3.114345,0.955431,2.934264,-0.000000,0.000000,-0.000000,-3.109474,0.670492,2.991101,-0.000000,0.000000,-0.000000
4.074289,-0.000000,0.000000,-0.000000,3.114345,0.955431,2.934264,-0.000000,0.000000,-0.000000,-3.109474,0.670492,2.991101,-0.000000,0.000000,-0.000000
4.314862,-0.000000,0.000000,-0.000000,3.114345,0.955431,2.934264,-0.000000,0.000000,-0.000000,-3.109474,0.670492,2.991101,-0.000000,0.000000,-0.000000
4.555254,-0.000000,0.000000,-0.000000,3.114345,0.955431,2.934264,-0.000000,0.000000,-0.000000,-3.109474,0.670492,2.991101,-0.000000,0.000000,-0.000000
4.796247,-0.000000,0.000000,-0.000000,3.114345,0.955431,2.934264,-0.000000,0.000000,-0.000000,-3.109474,0.670492,2.991101,-0.000000,0.000000,-0.000000
5.055515,-0.000000,0.000000,-0.000000,3.114345,0.955431,2.934264,-0.000000,0.000000,-0.000000,-3.109474,0.670492,2.991101,-0.000000,0.000000,-0.000000
5.296922,-0.000000,0.000000,-0.000000,3.114345,0.955431,2.934264,-0.000000,0.000000,-0.000000,-3.109474,0.670492,2.991101,-0.000000,0.000000,-0.000000
5.538389,-0.000000,0.000000,-0.000000,3.114345,0.955431,2.934264,-0.000000,0.000000,-0.000000,-3.109474,0.670492,2.991101,-0.000000,0.000000,-0.000000
5.779085,-0.000000,0.000000,-0.000000,3.114345,0.955431,2.934264,-0.000000,0.000000,-0.000000,-3.109474,0.670492,2.991101,-0.000000,0.000000,-0.000000
6.019916,-0.000000,0.000000,-0.000000,3.114345,0.955431,2.934264,-0.000000,0.000000,-0.000000,-3.109474,0.670492,2.991101,-0.000000,0.000000,-0.000000
6.259089,-0.000000,0.000000,-0.000000,3.114345,0.955431,2.934264,-0.000000,0.000000,-0.000000,-3.109474,0.670492,2.991101,-0.000000,0.000000,-0.000000
6.517516,-0.000000,0.000000,-0.000000,3.114345,0.955431,2.934264,-0.000000,0.000000,-0.000000,-3.109474,0.670492,2.991101,-0.000000,0.000000,-0.000000
6.778121,-0.000000,0.000000,-0.000000,3.114345,0.955431,2.934264,-0.000000,0.000000,-0.000000,-3.109474,0.670492,2.991101,-0.000000,0.000000,-0.000000
7.036470,-0.000000,0.000000,-0.000000,3.114345,0.955431,2.934264,-0.000000,0.000000,-0.000000,-3.109474,0.670492,2.991101,-0.000000,0.000000,-0.000000
7.277256,-0.000000,0.000000,-0.000000,3.114345,0.955431,2.934264,-0.000000,0.000000,-0.000000,-3.109474,0.670492,2.991101,-0.000000,0.000000,-0.000000
7.518160,-0.000000,0.000000,-0.000000,3.114345,0.955431,2.934264,-0.000000,0.000000,-0.000000,-3.109474,0.670492,2.991101,-0.000000,0.000000,-0.000000
7.770211,-0.000000,0.000000,-0.000000,3.114345,0.955431,2.934264,-0.000000,0.000000,-0.000000,-3.109474,0.670492,2.991101,-0.000000,0.000000,-0.000000
8.005586,-0.000000,0.000000,-0.000000,3.114345,0.955431,2.934264,-0.000000,0.000000,-0.000000,-3.109474,0.670492,2.991101,-0.000000,0.000000,-0.000000
8.241991,-0.000000,0.000000,-0.000000,3.114345,0.955431,2.934264,-0.000000,0.000000,-0.000000,-3.109474,0.670492,2.991101,-0.000000,0.000000,-0.000000
8.490095,-0.000000,0.000000,-0.000000,3.114345,0.955431,2.934264,-0.000000,0.000000,-0.000000,-3.109474,0.670492,2.991101,-0.000000,0.000000,-0.000000
8.728005,-0.000000,0.000000,-0.000000,3.114345,0.955431,2.934264,-0.000000,0.000000,-0.000000,-3.109474,0.670492,2.991101,-0.000000,0.000000,-0.000000
8.968332,-0.000000,0.000000,-0.000000,3.114345,0.955431,2.934264,-0.000000,0.000000,-0.000000,-3.109474,0.670492,2.991101,-0.000000,0.000000,-0.000000
9.209013,-0.000000,0.000000,-0.000000,3.114345,0.955431,2.934264,-0.000000,0.000000,-0.000000,-3.109474,0.670492,2.991101,-0.000000,0.000000,-0.000000
9.469518,-0.000000,0.000000,-0.000000,3.114345,0.955431,2.934264,-0.000000,0.000000,-0.000000,-3.109474,0.670492,2.991101,-0.000000,0.000000,-0.000000
9.728695,-0.000000,0.000000,-0.000000,3.132668,0.967120,2.951763,-0.000000,0.000000,-0.000000,-3.109474,0.670492,2.991101,-0.000000,0.000000,-0.000000
10.006163,-0.000000,0.000000,-0.000000,3.136928,0.966709,2.935932,-0.000000,0.000000,-0.000000,-3.109474,0.670492,2.991101,-0.000000,0.000000,-0.000000
10.229164,-0.000000,0.000000,-0.000000,3.136928,0.966709,2.935932,-0.000000,0.000000,-0.000000,-3.109474,0.670492,2.991101,-0.000000,0.000000,-0.000000
10.465645,-0.000000,0.000000,-0.000000,3.136928,0.966709,2.935932,-0.000000,0.000000,-0.000000,-3.109474,0.670492,2.991101,-0.000000,0.000000,-0.000000
10.723943,-0.000000,0.000000,-0.000000,3.136928,0.966709,2.935932,-0.000000,0.000000,-0.000000,-3.109474,0.670492,2.991101,-0.000000,0.000000,-0.000000
10.983540,-0.000000,0.000000,-0.000000,3.136928,0.966709,2.935932,-0.000000,0.000000,-0.000000,-3.109474,0.670492,2.991101,-0.000000,0.000000,-0.000000
11.224846,-0.000000,0.000000,-0.000000,3.136928,0.966709,2.935932,-0.000000,0.000000,-0.000000,-3.109474,0.670492,2.991101,-0.000000,0.000000,-0.000000
11.485327,-0.000000,0.000000,-0.000000,3.136928,0.966709,2.935932,-0.000000,0.000000,-0.000000,-3.109474,0.670492,2.991101,-0.000000,0.000000,-0.000000
11.761470,-0.000000,0.000000,-0.000000,3.136928,0.966709,2.935932,-0.000000,0.000000,-0.000000,-3.109474,0.670492,2.991101,-0.000000,0.000000,-0.000000
12.002615,-0.000000,0.000000,-0.000000,3.136928,0.966709,2.935932,-0.000000,0.000000,-0.000000,-3.109474,0.670492,2.991101,-0.000000,0.000000,-0.000000
12.262195,-0.000000,0.000000,-0.000000,3.136928,0.966709,2.935932,-0.000000,0.000000,-0.000000,-3.109474,0.670492,2.991101,-0.000000,0.000000,-0.000000
12.502727,-0.000000,0.000000,-0.000000,3.136928,0.966709,2.935932,-0.000000,0.000000,-0.000000,-3.109474,0.670492,2.991101,-0.000000,0.000000,-0.000000
12.743447,-0.000000,0.000000,-0.000000,3.136928,0.966709,2.935932,-0.000000,0.000000,-0.000000,-3.105248,0.617341,2.949364,-0.000000,0.000000,-0.000000
12.984791,-0.000000,0.000000,-0.000000,3.136928,0.966709,2.935932,-0.000000,0.000000,-0.000000,-3.103025,0.620938,2.944430,-0.000000,0.000000,-0.000000
13.247487,-0.000000,0.000000,-0.000000,3.136928,0.966709,2.935932,-0.000000,0.000000,-0.000000,-3.104271,0.625077,2.961564,-0.000000,0.000000,-0.000000
13.506367,-0.000000,0.000000,-0.000000,3.136928,0.966709,2.935932,-0.000000,0.000000,-0.000000,-3.104271,0.625077,2.961564,-0.000000,0.000000,-0.000000
13.765351,-0.000000,0.000000,-0.000000,3.136928,0.966709,2.935932,-0.000000,0.000000,-0.000000,-3.104013,0.624955,2.948851,-0.000000,0.000000,-0.000000
13.997118,-0.000000,0.000000,-0.000000,3.136928,0.966709,2.935932,-0.000000,0.000000,-0.000000,-3.108361,0.620553,2.971768,-0.000000,0.000000,-0.000000
14.243457,-0.000000,0.000000,-0.000000,3.136928,0.966709,2.935932,-0.000000,0.000000,-0.000000,-3.106433,0.624278,2.979559,-0.000000,0.000000,-0.000000
14.489883,-0.000000,0.000000,-0.000000,3.136928,0.966709,2.935932,-0.000000,0.000000,-0.000000,-3.103970,0.629008,2.974057,-0.000000,0.000000,-0.000000
14.718579,-0.000000,0.000000,-0.000000,3.136928,0.966709,2.935932,-0.000000,0.000000,-0.000000,-3.106956,0.629279,2.970727,-0.000000,0.000000,-0.000000
14.965498,-0.000000,0.000000,-0.000000,3.136928,0.966709,2.935932,-0.000000,0.000000,-0.000000,-3.106956,0.629279,2.970727,-0.000000,0.000000,-0.000000
15.221934,-0.000000,0.000000,-0.000000,3.136928,0.966709,2.935932,-0.000000,0.000000,-0.000000,-3.106956,0.629279,2.970727,-0.000000,0.000000,-0.000000
15.458879,-0.000000,0.000000,-0.000000,3.136928,0.966709,2.935932,-0.000000,0.000000,-0.000000,-3.106956,0.629279,2.970727,-0.000000,0.000000,-0.000000
15.697414,-0.000000,0.000000,-0.000000,3.136928,0.966709,2.935932,-0.000000,0.000000,-0.000000,-3.106956,0.629279,2.970727,-0.000000,0.000000,-0.000000
15.956534,-0.000000,0.000000,-0.000000,3.136928,0.966709,2.935932,-0.000000,0.000000,-0.000000,-3.106956,0.629279,2.970727,-0.000000,0.000000,-0.000000
16.216328,-0.000000,0.000000,-0.000000,3.136928,0.966709,2.935932,-0.000000,0.000000,-0.000000,-3.106956,0.629279,2.970727,-0.000000,0.000000,-0.000000
16.494153,-0.000000,0.000000,-0.000000,3.136928,0.966709,2.935932,-0.000000,0.000000,-0.000000,-3.106956,0.629279,2.970727,-0.000000,0.000000,-0.000000
16.734489,-0.000000,0.000000,-0.000000,3.136928,0.966709,2.935932,-0.000000,0.000000,-0.000000,-3.106956,0.629279,2.970727,-0.000000,0.000000,-0.000000
16.975239,-0.000000,0.000000,-0.000000,3.136928,0.966709,2.935932,-0.000000,0.000000,-0.000000,-3.106956,0.629279,2.970727,-0.000000,0.000000,-0.000000
17.216729,-0.000000,0.000000,-0.000000,3.136928,0.966709,2.935932,-0.000000,0.000000,-0.000000,-3.106956,0.629279,2.970727,-0.000000,0.000000,-0.000000
17.475879,-0.000000,0.000000,-0.000000,3.136928,0.966709,2.935932,-0.000000,0.000000,-0.000000,-3.106956,0.629279,2.970727,-0.000000,0.000000,-0.000000
17.734883,-0.000000,0.000000,-0.000000,3.136928,0.966709,2.935932,-0.000000,0.000000,-0.000000,-3.106956,0.629279,2.970727,-0.000000,0.000000,-0.000000
18.012458,-0.000000,0.000000,-0.000000,3.136928,0.966709,2.935932,-0.000000,0.000000,-0.000000,-3.106956,0.629279,2.970727,-0.000000,0.000000,-0.000000
18.272796,-0.000000,0.000000,-0.000000,3.136928,0.966709,2.935932,-0.000000,0.000000,-0.000000,-3.106956,0.629279,2.970727,-0.000000,0.000000,-0.000000
18.513260,-0.000000,0.000000,-0.000000,3.136928,0.966709,2.935932,-0.000000,0.000000,-0.000000,-3.106956,0.629279,2.970727,-0.000000,0.000000,-0.000000
18.774262,-0.000000,0.000000,-0.000000,3.136928,0.966709,2.935932,-0.000000,0.000000,-0.000000,-3.106956,0.629279,2.970727,-0.000000,0.000000,-0.000000
19.032880,-0.000000,0.000000,-0.000000,3.136928,0.966709,2.935932,-0.000000,0.000000,-0.000000,-3.106956,0.629279,2.970727,-0.000000,0.000000,-0.000000
19.273581,-0.000000,0.000000,-0.000000,3.136928,0.966709,2.935932,-0.000000,0.000000,-0.000000,-3.106956,0.629279,2.970727,-0.000000,0.000000,-0.000000
19.520421,-0.000000,0.000000,-0.000000,3.136928,0.966709,2.935932,-0.000000,0.000000,-0.000000,-3.106956,0.629279,2.970727,-0.000000,0.000000,-0.000000
19.771647,-0.000000,0.000000,-0.000000,3.136928,0.966709,2.935932,-0.000000,0.000000,-0.000000,-3.106956,0.629279,2.970727,-0.000000,0.000000,-0.000000
20.000275,-0.000000,0.000000,-0.000000,3.136928,0.966709,2.935932,-0.000000,0.000000,-0.000000,-3.106956,0.629279,2.970727,-0.000000,0.000000,-0.000000
20.250551,-0.000000,0.000000,-0.000000,3.136928,0.966709,2.935932,-0.000000,0.000000,-0.000000,-3.106956,0.629279,2.970727,-0.000000,0.000000,-0.000000
20.489601,-0.000000,0.000000,-0.000000,3.136928,0.966709,2.935932,-0.000000,0.000000,-0.000000,-3.106956,0.629279,2.970727,-0.000000,0.000000,-0.000000
20.748675,-0.000000,0.000000,-0.000000,3.136928,0.966709,2.935932,-0.000000,0.000000,-0.000000,-3.106956,0.629279,2.970727,-0.000000,0.000000,-0.000000
21.007575,-0.000000,0.000000,-0.000000,3.136928,0.966709,2.935932,-0.000000,0.000000,-0.000000,-3.106956,0.629279,2.970727,-0.000000,0.000000,-0.000000
21.285222,-0.000000,0.000000,-0.000000,3.136928,0.966709,2.935932,-0.000000,0.000000,-0.000000,-3.106956,0.629279,2.970727,-0.000000,0.000000,-0.000000
21.517029,-0.000000,0.000000,-0.000000,3.136928,0.966709,2.935932,-0.000000,0.000000,-0.000000,-3.106956,0.629279,2.970727,-0.000000,0.000000,-0.000000
21.775288,-0.000000,0.000000,-0.000000,3.136928,0.966709,2.935932,-0.000000,0.000000,-0.000000,-3.106956,0.629279,2.970727,-0.000000,0.000000,-0.000000
22.016715,-0.000000,0.000000,-0.000000,3.136928,0.966709,2.935932,-0.000000,0.000000,-0.000000,-3.106956,0.629279,2.970727,-0.000000,0.000000,-0.000000
22.276059,-0.000000,0.000000,-0.000000,3.136928,0.966709,2.935932,-0.000000,0.000000,-0.000000,-3.106956,0.629279,2.970727,-0.000000,0.000000,-0.000000
22.535052,-0.000000,0.000000,-0.000000,3.136928,0.966709,2.935932,-0.000000,0.000000,-0.000000,-3.106956,0.629279,2.970727,-0.000000,0.000000,-0.000000
22.800407,-0.000000,0.000000,-0.000000,3.136928,0.966709,2.935932,-0.000000,0.000000,-0.000000,-3.106956,0.629279,2.970727,-0.000000,0.000000,-0.000000
23.050884,-0.000000,0.000000,-0.000000,3.136928,0.966709,2.935932,-0.000000,0.000000,-0.000000,-3.106956,0.629279,2.970727,-0.000000,0.000000,-0.000000
23.300354,-0.000000,0.000000,-0.000000,3.136928,0.966709,2.935932,-0.000000,0.000000,-0.000000,-3.106956,0.629279,2.970727,-0.000000,0.000000,-0.000000
23.546869,-0.000000,0.000000,-0.000000,3.136928,0.966709,2.935932,-0.000000,0.000000,-0.000000,-3.106956,0.629279,2.970727,-0.000000,0.000000,-0.000000
23.797208,-0.000000,0.000000,-0.000000,3.136928,0.966709,2.935932,-0.000000,0.000000,-0.000000,-3.106956,0.629279,2.970727,-0.000000,0.000000,-0.000000
24.049871,-0.000000,0.000000,-0.000000,3.136928,0.966709,2.935932,-0.000000,0.000000,-0.000000,-3.106956,0.629279,2.970727,-0.000000,0.000000,-0.000000
24.317315,-0.000000,0.000000,-0.000000,3.136928,0.966709,2.935932,-0.000000,0.000000,-0.000000,-3.103970,0.629008,2.974057,-0.000000,0.000000,-0.000000
24.592109,-0.000000,0.000000,-0.000000,3.136928,0.966709,2.935932,-0.000000,0.000000,-0.000000,-3.103970,0.629008,2.974057,-0.000000,0.000000,-0.000000
24.845691,-0.000000,0.000000,-0.000000,3.136928,0.966709,2.935932,-0.000000,0.000000,-0.000000,-3.103970,0.629008,2.974057,-0.000000,0.000000,-0.000000
25.120676,-0.000000,0.000000,-0.000000,3.136928,0.966709,2.935932,-0.000000,0.000000,-0.000000,-3.103970,0.629008,2.974057,-0.000000,0.000000,-0.000000
25.361317,-0.000000,0.000000,-0.000000,3.136928,0.966709,2.935932,-0.000000,0.000000,-0.000000,-3.103970,0.629008,2.974057,-0.000000,0.000000,-0.000000
25.620420,-0.000000,0.000000,-0.000000,3.136928,0.966709,2.935932,-0.000000,0.000000,-0.000000,-3.103970,0.629008,2.974057,-0.000000,0.000000,-0.000000
25.860672,-0.000000,0.000000,-0.000000,3.136928,0.966709,2.935932,-0.000000,0.000000,-0.000000,-3.103970,0.629008,2.974057,-0.000000,0.000000,-0.000000
26.120382,-0.000000,0.000000,-0.000000,3.136928,0.966709,2.935932,-0.000000,0.000000,-0.000000,-3.103970,0.629008,2.974057,-0.000000,0.000000,-0.000000
26.379134,-0.000000,0.000000,-0.000000,3.136928,0.966709,2.935932,-0.000000,0.000000,-0.000000,-3.103970,0.629008,2.974057,-0.000000,0.000000,-0.000000
26.637858,-0.000000,0.000000,-0.000000,3.136928,0.966709,2.935932,-0.000000,0.000000,-0.000000,-3.103970,0.629008,2.974057,-0.000000,0.000000,-0.000000
26.891178,-0.000000,0.000000,-0.000000,3.136928,0.966709,2.935932,-0.000000,0.000000,-0.000000,-3.103970,0.629008,2.974057,-0.000000,0.000000,-0.000000
27.142641,-0.000000,0.000000,-0.000000,3.136928,0.966709,2.935932,-0.000000,0.000000,-0.000000,-3.103970,0.629008,2.974057,-0.000000,0.000000,-0.000000
27.377329,-0.000000,0.000000,-0.000000,3.136928,0.966709,2.935932,-0.000000,0.000000,-0.000000,-3.103970,0.629008,2.974057,-0.000000,0.000000,-0.000000
27.620915,-0.000000,0.000000,-0.000000,3.136928,0.966709,2.935932,-0.000000,0.000000,-0.000000,-3.103970,0.629008,2.974057,-0.000000,0.000000,-0.000000
27.862370,-0.000000,0.000000,-0.000000,3.136928,0.966709,2.935932,-0.000000,0.000000,-0.000000,-3.103970,0.629008,2.974057,-0.000000,0.000000,-0.000000
28.106524,-0.000000,0.000000,-0.000000,3.136928,0.966709,2.935932,-0.000000,0.000000,-0.000000,-3.103970,0.629008,2.974057,-0.000000,0.000000,-0.000000
28.348841,-0.000000,0.000000,-0.000000,3.136928,0.966709,2.935932,-0.000000,0.000000,-0.000000,-3.103970,0.629008,2.974057,-0.000000,0.000000,-0.000000
28.607827,-0.000000,0.000000,-0.000000,3.136928,0.966709,2.935932,-0.000000,0.000000,-0.000000,-3.103970,0.629008,2.974057,-0.000000,0.000000,-0.000000
28.884541,-0.000000,0.000000,-0.000000,3.136928,0.966709,2.935932,-0.000000,0.000000,-0.000000,-3.103970,0.629008,2.974057,-0.000000,0.000000,-0.000000
29.125015,-0.000000,0.000000,-0.000000,3.136928,0.966709,2.935932,-0.000000,0.000000,-0.000000,-3.103970,0.629008,2.974057,-0.000000,0.000000,-0.000000
29.367004,-0.000000,0.000000,-0.000000,3.136928,0.966709,2.935932,-0.000000,0.000000,-0.000000,-3.103970,0.629008,2.974057,-0.000000,0.000000,-0.000000
29.601185,-0.000000,0.000000,-0.000000,3.136928,0.966709,2.935932,-0.000000,0.000000,-0.000000,-3.103970,0.629008,2.974057,-0.000000,0.000000,-0.000000
29.869628,-0.000000,0.000000,-0.000000,3.136928,0.966709,2.935932,-0.000000,0.000000,-0.000000,-3.103970,0.629008,2.974057,-0.000000,0.000000,-0.000000
30.126599,-0.000000,0.000000,-0.000000,3.136928,0.966709,2.935932,-0.000000,0.000000,-0.000000,-3.103970,0.629008,2.974057,-0.000000,0.000000,-0.000000
30.404903,-0.000000,0.000000,-0.000000,3.136928,0.966709,2.935932,-0.000000,0.000000,-0.000000,-3.103970,0.629008,2.974057,-0.000000,0.000000,-0.000000
30.646404,-0.000000,0.000000,-0.000000,3.136928,0.966709,2.935932,-0.000000,0.000000,-0.000000,-3.103970,0.629008,2.974057,-0.000000,0.000000,-0.000000
30.888964,-0.000000,0.000000,-0.000000,3.136928,0.966709,2.935932,-0.000000,0.000000,-0.000000,-3.103970,0.629008,2.974057,-0.000000,0.000000,-0.000000
31.107123,-0.000000,0.000000,-0.000000,3.136928,0.966709,2.935932,-0.000000,0.000000,-0.000000,-3.103970,0.629008,2.974057,-0.000000,0.000000,-0.000000
31.357119,-0.000000,0.000000,-0.000000,3.136928,0.966709,2.935932,-0.000000,0.000000,-0.000000,-3.103970,0.629008,2.974057,-0.000000,0.000000,-0.000000
31.625457,-0.000000,0.000000,-0.000000,3.136928,0.966709,2.935932,-0.000000,0.000000,-0.000000,-3.103970,0.629008,2.974057,-0.000000,0.000000,-0.000000
31.875187,-0.000000,0.000000,-0.000000,3.136928,0.966709,2.935932,-0.000000,0.000000,-0.000000,-3.103970,0.629008,2.974057,-0.000000,0.000000,-0.000000
32.133931,-0.000000,0.000000,-0.000000,3.136928,0.966709,2.935932,-0.000000,0.000000,-0.000000,-3.103970,0.629008,2.974057,-0.000000,0.000000,-0.000000
32.392677,-0.000000,0.000000,-0.000000,3.136928,0.966709,2.935932,-0.000000,0.000000,-0.000000,-3.103970,0.629008,2.974057,-0.000000,0.000000,-0.000000
32.633236,-0.000000,0.000000,-0.000000,3.136928,0.966709,2.935932,-0.000000,0.000000,-0.000000,-3.103970,0.629008,2.974057,-0.000000,0.000000,-0.000000
32.892250,-0.000000,0.000000,-0.000000,3.136928,0.966709,2.935932,-0.000000,0.000000,-0.000000,-3.103970,0.629008,2.974057,-0.000000,0.000000,-0.000000
33.150608,-0.000000,0.000000,-0.000000,3.136928,0.966709,2.935932,-0.000000,0.000000,-0.000000,-3.103970,0.629008,2.974057,-0.000000,0.000000,-0.000000
33.409824,-0.000000,0.000000,-0.000000,3.136928,0.966709,2.935932,-0.000000,0.000000,-0.000000,-3.103970,0.629008,2.974057,-0.000000,0.000000,-0.000000
33.686416,-0.000000,0.000000,-0.000000,3.136928,0.966709,2.935932,-0.000000,0.000000,-0.000000,-3.103970,0.629008,2.974057,-0.000000,0.000000,-0.000000
33.927015,-0.000000,0.000000,-0.000000,3.136928,0.966709,2.935932,-0.000000,0.000000,-0.000000,-3.103970,0.629008,2.974057,-0.000000,0.000000,-0.000000
34.167111,-0.000000,0.000000,-0.000000,3.136928,0.966709,2.935932,-0.000000,0.000000,-0.000000,-3.103970,0.629008,2.974057,-0.000000,0.000000,-0.000000
34.397552,-0.000000,0.000000,-0.000000,3.136928,0.966709,2.935932,-0.000000,0.000000,-0.000000,-3.103970,0.629008,2.974057,-0.000000,0.000000,-0.000000
34.643473,-0.000000,0.000000,-0.000000,3.136928,0.966709,2.935932,-0.000000,0.000000,-0.000000,-3.103970,0.629008,2.974057,-0.000000,0.000000,-0.000000
34.894710,-0.000000,0.000000,-0.000000,3.136928,0.966709,2.935932,-0.000000,0.000000,-0.000000,-3.103970,0.629008,2.974057,-0.000000,0.000000,-0.000000
35.129397,-0.000000,0.000000,-0.000000,3.136928,0.966709,2.935932,-0.000000,0.000000,-0.000000,-3.103970,0.629008,2.974057,-0.000000,0.000000,-0.000000
35.364597,-0.000000,0.000000,-0.000000,3.136928,0.966709,2.935932,-0.000000,0.000000,-0.000000,-3.103970,0.629008,2.974057,-0.000000,0.000000,-0.000000
35.636289,-0.000000,0.000000,-0.000000,3.136928,0.966709,2.935932,-0.000000,0.000000,-0.000000,-3.103970,0.629008,2.974057,-0.000000,0.000000,-0.000000
35.889514,-0.000000,0.000000,-0.000000,3.136928,0.966709,2.935932,-0.000000,0.000000,-0.000000,-3.103970,0.629008,2.974057,-0.000000,0.000000,-0.000000
36.157286,-0.000000,0.000000,-0.000000,3.136928,0.966709,2.935932,-0.000000,0.000000,-0.000000,-3.103970,0.629008,2.974057,-0.000000,0.000000,-0.000000
36.397998,-0.000000,0.000000,-0.000000,3.136928,0.966709,2.935932,-0.000000,0.000000,-0.000000,-3.103970,0.629008,2.974057,-0.000000,0.000000,-0.000000
36.638427,-0.000000,0.000000,-0.000000,3.136928,0.966709,2.935932,-0.000000,0.000000,-0.000000,-3.103970,0.629008,2.974057,-0.000000,0.000000,-0.000000
36.878668,-0.000000,0.000000,-0.000000,3.136928,0.966709,2.935932,-0.000000,0.000000,-0.000000,-3.103970,0.629008,2.974057,-0.000000,0.000000,-0.000000
37.137278,-0.000000,0.000000,-0.000000,3.136928,0.966709,2.935932,-0.000000,0.000000,-0.000000,-3.103970,0.629008,2.974057,-0.000000,0.000000,-0.000000
37.386441,-0.000000,0.000000,-0.000000,3.136928,0.966709,2.935932,-0.000000,0.000000,-0.000000,-3.103970,0.629008,2.974057,-0.000000,0.000000,-0.000000
37.661004,-0.000000,0.000000,-0.000000,3.136928,0.966709,2.935932,-0.000000,0.000000,-0.000000,-3.103970,0.629008,2.974057,-0.000000,0.000000,-0.000000
37.919430,-0.000000,0.000000,-0.000000,3.136928,0.966709,2.935932,-0.000000,0.000000,-0.000000,-3.103970,0.629008,2.974057,-3.089585,0.481453,2.965543
38.163743,-0.000000,0.000000,-0.000000,3.136928,0.966709,2.935932,-0.000000,0.000000,-0.000000,-3.103970,0.629008,2.974057,-3.089585,0.481453,2.965543
38.406012,-0.000000,0.000000,-0.000000,3.136928,0.966709,2.935932,-0.000000,0.000000,-0.000000,-3.103970,0.629008,2.974057,-3.089585,0.481453,2.965543
38.638565,-0.000000,0.000000,-0.000000,3.136928,0.966709,2.935932,-0.000000,0.000000,-0.000000,-3.103970,0.629008,2.974057,-3.089585,0.481453,2.965543
38.885921,-0.000000,0.000000,-0.000000,3.136928,0.966709,2.935932,-0.000000,0.000000,-0.000000,-3.103970,0.629008,2.974057,-3.089585,0.481453,2.965543
39.165275,-0.000000,0.000000,-0.000000,3.136928,0.966709,2.935932,-0.000000,0.000000,-0.000000,-3.103970,0.629008,2.974057,-3.089585,0.481453,2.965543
39.423431,-0.000000,0.000000,-0.000000,3.136928,0.966709,2.935932,-0.000000,0.000000,-0.000000,-3.103970,0.629008,2.974057,-3.089585,0.481453,2.965543
39.684259,-0.000000,0.000000,-0.000000,3.136928,0.966709,2.935932,-0.000000,0.000000,-0.000000,-3.103970,0.629008,2.974057,-3.083735,0.370277,3.003731
39.944708,-0.000000,0.000000,-0.000000,3.136928,0.966709,2.935932,-0.000000,0.000000,-0.000000,-3.103970,0.629008,2.974057,-3.087844,0.368241,3.020869
40.177491,-0.000000,0.000000,-0.000000,3.136928,0.966709,2.935932,-0.000000,0.000000,-0.000000,-3.103970,0.629008,2.974057,-3.085316,0.366866,3.008386
40.426749,-0.000000,0.000000,-0.000000,3.136928,0.966709,2.935932,-0.000000,0.000000,-0.000000,-3.103970,0.629008,2.974057,-3.090491,0.370641,3.054162
40.699090,-0.000000,0.000000,-0.000000,3.136928,0.966709,2.935932,-0.000000,0.000000,-0.000000,-3.103970,0.629008,2.974057,-3.090491,0.370641,3.054162
40.953250,-0.000000,0.000000,-0.000000,3.136928,0.966709,2.935932,-0.000000,0.000000,-0.000000,-3.103970,0.629008,2.974057,-3.090491,0.370641,3.054162
41.194777,-0.000000,0.000000,-0.000000,3.136928,0.966709,2.935932,-0.000000,0.000000,-0.000000,-3.103970,0.629008,2.974057,-3.090491,0.370641,3.054162
41.429124,-0.000000,0.000000,-0.000000,3.136928,0.966709,2.935932,-0.000000,0.000000,-0.000000,-3.103970,0.629008,2.974057,-3.090491,0.370641,3.054162
41.697346,-0.000000,0.000000,-0.000000,3.136928,0.966709,2.935932,-0.000000,0.000000,-0.000000,-3.103970,0.629008,2.974057,-3.090491,0.370641,3.054162
41.949661,-0.000000,0.000000,-0.000000,3.136928,0.966709,2.935932,-0.000000,0.000000,-0.000000,-3.103970,0.629008,2.974057,-3.090491,0.370641,3.054162
42.207405,-0.000000,0.000000,-0.000000,3.136928,0.966709,2.935932,-0.000000,0.000000,-0.000000,-3.103970,0.629008,2.974057,-3.090491,0.370641,3.054162
42.466002,-0.000000,0.000000,-0.000000,3.136928,0.966709,2.935932,-0.000000,0.000000,-0.000000,-3.103970,0.629008,2.974057,-3.090491,0.370641,3.054162
42.728810,-0.000000,0.000000,-0.000000,3.136928,0.966709,2.935932,-0.000000,0.000000,-0.000000,-3.103970,0.629008,2.974057,-3.090491,0.370641,3.054162
42.969792,-0.000000,0.000000,-0.000000,3.136928,0.966709,2.935932,-0.000000,0.000000,-0.000000,-3.103970,0.629008,2.974057,-3.090491,0.370641,3.054162
43.230050,-0.000000,0.000000,-0.000000,3.136928,0.966709,2.935932,-0.000000,0.000000,-0.000000,-3.103970,0.629008,2.974057,-3.090491,0.370641,3.054162
43.491410,-0.000000,0.000000,-0.000000,3.136928,0.966709,2.935932,-0.000000,0.000000,-0.000000,-3.103970,0.629008,2.974057,-3.090491,0.370641,3.054162
43.766338,-0.000000,0.000000,-0.000000,3.136928,0.966709,2.935932,-0.000000,0.000000,-0.000000,-3.103970,0.629008,2.974057,-3.090491,0.370641,3.054162
44.007599,-0.000000,0.000000,-0.000000,3.136928,0.966709,2.935932,-0.000000,0.000000,-0.000000,-3.103970,0.629008,2.974057,-3.090491,0.370641,3.054162
44.266492,-0.000000,0.000000,-0.000000,3.136928,0.966709,2.935932,-0.000000,0.000000,-0.000000,-3.103970,0.629008,2.974057,-3.090491,0.370641,3.054162
44.526725,-0.000000,0.000000,-0.000000,3.136928,0.966709,2.935932,-0.000000,0.000000,-0.000000,-3.103970,0.629008,2.974057,-3.090491,0.370641,3.054162
44.800421,-0.000000,0.000000,-0.000000,3.136928,0.966709,2.935932,-0.000000,0.000000,-0.000000,-3.103970,0.629008,2.974057,-3.090491,0.370641,3.054162
45.060276,-0.000000,0.000000,-0.000000,3.136928,0.966709,2.935932,-0.000000,0.000000,-0.000000,-3.103970,0.629008,2.974057,-3.090491,0.370641,3.054162
45.320411,-0.000000,0.000000,-0.000000,3.136928,0.966709,2.935932,-0.000000,0.000000,-0.000000,-3.103970,0.629008,2.974057,-3.090491,0.370641,3.054162
45.565987,-0.000000,0.000000,-0.000000,3.136928,0.966709,2.935932,-0.000000,0.000000,-0.000000,-3.103970,0.629008,2.974057,-3.090491,0.370641,3.054162
45.835266,-0.000000,0.000000,-0.000000,3.136928,0.966709,2.935932,-0.000000,0.000000,-0.000000,-3.103970,0.629008,2.974057,-3.090491,0.370641,3.054162
46.073746,-0.000000,0.000000,-0.000000,3.136928,0.966709,2.935932,-0.000000,0.000000,-0.000000,-3.103970,0.629008,2.974057,-3.090491,0.370641,3.054162
46.322817,-0.000000,0.000000,-0.000000,3.136928,0.966709,2.935932,-0.000000,0.000000,-0.000000,-3.103970,0.629008,2.974057,-3.090491,0.370641,3.054162
46.580187,-0.000000,0.000000,-0.000000,3.136928,0.966709,2.935932,-0.000000,0.000000,-0.000000,-3.103970,0.629008,2.974057,-3.090491,0.370641,3.054162
46.811161,-0.000000,0.000000,-0.000000,3.136928,0.966709,2.935932,-0.000000,0.000000,-0.000000,-3.103970,0.629008,2.974057,-3.090491,0.370641,3.054162
47.086218,-0.000000,0.000000,-0.000000,3.136928,0.966709,2.935932,-0.000000,0.000000,-0.000000,-3.103970,0.629008,2.974057,-3.090491,0.370641,3.054162
47.355488,-0.000000,0.000000,-0.000000,3.136928,0.966709,2.935932,-0.000000,0.000000,-0.000000,-3.103970,0.629008,2.974057,NaN,NaN,NaN
47.646478,-0.000000,0.000000,-0.000000,3.136928,0.966709,2.935932,-0.000000,0.000000,-0.000000,-3.103970,0.629008,2.974057,NaN,NaN,NaN
47.847006,-0.000000,0.000000,-0.000000,3.136928,0.966709,2.935932,-0.000000,0.000000,-0.000000,-3.103970,0.629008,2.974057,NaN,NaN,NaN
48.087063,-0.000000,0.000000,-0.000000,3.136928,0.966709,2.935932,-0.000000,0.000000,-0.000000,-3.103970,0.629008,2.974057,NaN,NaN,NaN
48.315490,-0.000000,0.000000,-0.000000,3.136928,0.966709,2.935932,-0.000000,0.000000,-0.000000,-3.103970,0.629008,2.974057,NaN,NaN,NaN
48.575527,-0.000000,0.000000,-0.000000,3.136928,0.966709,2.935932,-0.000000,0.000000,-0.000000,-3.103970,0.629008,2.974057,NaN,NaN,NaN
48.815358,-0.000000,0.000000,-0.000000,3.136928,0.966709,2.935932,-0.000000,0.000000,-0.000000,-3.103970,0.629008,2.974057,NaN,NaN,NaN
49.063995,-0.000000,0.000000,-0.000000,3.136928,0.966709,2.935932,-0.000000,0.000000,-0.000000,-3.103970,0.629008,2.974057,NaN,NaN,NaN
49.339238,-0.000000,0.000000,-0.000000,3.136928,0.966709,2.935932,-0.000000,0.000000,-0.000000,-3.103970,0.629008,2.974057,NaN,NaN,NaN
49.597504,-0.000000,0.000000,-0.000000,3.136928,0.966709,2.935932,-0.000000,0.000000,-0.000000,-3.103970,0.629008,2.974057,NaN,NaN,NaN
49.836897,-0.000000,0.000000,-0.000000,3.136928,0.966709,2.935932,-0.000000,0.000000,-0.000000,-3.103970,0.629008,2.974057,NaN,NaN,NaN
50.096212,-0.000000,0.000000,-0.000000,3.136928,0.966709,2.935932,-0.000000,0.000000,-0.000000,-3.103970,0.629008,2.974057,NaN,NaN,NaN
50.357106,-0.000000,0.000000,-0.000000,3.136928,0.966709,2.935932,-0.000000,0.000000,-0.000000,-3.103970,0.629008,2.974057,NaN,NaN,NaN
50.609650,-0.000000,0.000000,-0.000000,3.136928,0.966709,2.935932,-0.000000,0.000000,-0.000000,-3.103970,0.629008,2.974057,NaN,NaN,NaN
50.883521,-0.000000,0.000000,-0.000000,3.136928,0.966709,2.935932,-0.000000,0.000000,-0.000000,-3.103970,0.629008,2.974057,NaN,NaN,NaN
51.144389,-0.000000,0.000000,-0.000000,3.136928,0.966709,2.935932,-0.000000,0.000000,-0.000000,-3.103970,0.629008,2.974057,NaN,NaN,NaN
51.380173,-0.000000,0.000000,-0.000000,3.136928,0.966709,2.935932,-0.000000,0.000000,-0.000000,-3.103970,0.629008,2.974057,NaN,NaN,NaN
51.637143,-0.000000,0.000000,-0.000000,3.136928,0.966709,2.935932,-0.000000,0.000000,-0.000000,-3.103970,0.629008,2.974057,NaN,NaN,NaN
51.891305,-0.000000,0.000000,-0.000000,3.136928,0.966709,2.935932,-0.000000,0.000000,-0.000000,-3.103970,0.629008,2.974057,NaN,NaN,NaN
52.163982,-0.000000,0.000000,-0.000000,3.136928,0.966709,2.935932,-0.000000,0.000000,-0.000000,-3.103970,0.629008,2.974057,NaN,NaN,NaN
52.422426,-0.000000,0.000000,-0.000000,3.136928,0.966709,2.935932,-0.000000,0.000000,-0.000000,-3.103970,0.629008,2.974057,NaN,NaN,NaN
52.656140,-0.000000,0.000000,-0.000000,3.136928,0.966709,2.935932,-0.000000,0.000000,-0.000000,-3.103970,0.629008,2.974057,NaN,NaN,NaN
52.916116,-0.000000,0.000000,-0.000000,3.136928,0.966709,2.935932,-0.000000,0.000000,-0.000000,-3.103970,0.629008,2.974057,NaN,NaN,NaN
53.171382,-0.000000,0.000000,-0.000000,3.136928,0.966709,2.935932,-0.000000,0.000000,-0.000000,-3.103970,0.629008,2.974057,NaN,NaN,NaN
53.441685,-0.000000,0.000000,-0.000000,3.136928,0.966709,2.935932,-0.000000,0.000000,-0.000000,-3.103970,0.629008,2.974057,NaN,NaN,NaN
53.700795,-0.000000,0.000000,-0.000000,3.136928,0.966709,2.935932,-0.000000,0.000000,-0.000000,-3.103970,0.629008,2.974057,NaN,NaN,NaN
53.961313,-0.000000,0.000000,-0.000000,3.136928,0.966709,2.935932,-0.000000,0.000000,-0.000000,-3.103970,0.629008,2.974057,NaN,NaN,NaN
54.212611,-0.000000,0.000000,-0.000000,3.136928,0.966709,2.935932,-0.000000,0.000000,-0.000000,-3.103970,0.629008,2.974057,NaN,NaN,NaN
54.472921,-0.000000,0.000000,-0.000000,3.136928,0.966709,2.935932,-0.000000,0.000000,-0.000000,-3.103970,0.629008,2.974057,NaN,NaN,NaN
54.724483,-0.000000,0.000000,-0.000000,3.136928,0.966709,2.935932,-0.000000,0.000000,-0.000000,-3.103970,0.629008,2.974057,NaN,NaN,NaN
54.964752,-0.000000,0.000000,-0.000000,3.136928,0.966709,2.935932,-0.000000,0.000000,-0.000000,-3.103970,0.629008,2.974057,NaN,NaN,NaN
55.204759,-0.000000,0.000000,-0.000000,3.136928,0.966709,2.935932,-0.000000,0.000000,-0.000000,-3.103970,0.629008,2.974057,NaN,NaN,NaN
55.444809,-0.000000,0.000000,-0.000000,3.136928,0.966709,2.935932,-0.000000,0.000000,-0.000000,-3.103970,0.629008,2.974057,NaN,NaN,NaN
55.704582,-0.000000,0.000000,-0.000000,3.136928,0.966709,2.935932,-0.000000,0.000000,-0.000000,-3.103970,0.629008,2.974057,NaN,NaN,NaN
55.944587,-0.000000,0.000000,-0.000000,3.136928,0.966709,2.935932,-0.000000,0.000000,-0.000000,-3.103970,0.629008,2.974057,NaN,NaN,NaN
56.184402,-0.000000,0.000000,-0.000000,3.136928,0.966709,2.935932,-0.000000,0.000000,-0.000000,-3.103970,0.629008,2.974057,NaN,NaN,NaN
56.418982,-0.000000,0.000000,-0.000000,3.136928,0.966709,2.935932,-0.000000,0.000000,-0.000000,-3.103970,0.629008,2.974057,NaN,NaN,NaN
56.670933,-0.000000,0.000000,-0.000000,3.136928,0.966709,2.935932,-0.000000,0.000000,-0.000000,-3.103970,0.629008,2.974057,NaN,NaN,NaN
56.929813,-0.000000,0.000000,-0.000000,3.136928,0.966709,2.935932,-3.092233,0.516606,3.047355,-3.103970,0.629008,2.974057,NaN,NaN,NaN
57.197855,-0.000000,0.000000,-0.000000,3.136928,0.966709,2.935932,-3.089371,0.498652,3.002037,-3.103970,0.629008,2.974057,NaN,NaN,NaN
57.458158,-0.000000,0.000000,-0.000000,3.136928,0.966709,2.935932,-3.093508,0.516887,3.051809,-3.103970,0.629008,2.974057,NaN,NaN,NaN
57.720477,-0.000000,0.000000,-0.000000,3.136928,0.966709,2.935932,-3.092902,0.570571,3.051939,-3.103970,0.629008,2.974057,NaN,NaN,NaN
57.968653,-0.000000,0.000000,-0.000000,3.136928,0.966709,2.935932,-3.090486,0.578450,3.033716,-3.103970,0.629008,2.974057,NaN,NaN,NaN
58.215177,-0.000000,0.000000,-0.000000,3.136928,0.966709,2.935932,-3.087427,0.578381,3.037074,-3.103970,0.629008,2.974057,NaN,NaN,NaN
58.475767,-0.000000,0.000000,-0.000000,3.136928,0.966709,2.935932,-3.085653,0.602723,3.038990,-3.103970,0.629008,2.974057,NaN,NaN,NaN
58.729598,-0.000000,0.000000,-0.000000,3.136928,0.966709,2.935932,-3.085653,0.602723,3.038990,-3.103970,0.629008,2.974057,NaN,NaN,NaN
58.973212,-0.000000,0.000000,-0.000000,3.136928,0.966709,2.935932,-3.085653,0.602723,3.038990,-3.103970,0.629008,2.974057,NaN,NaN,NaN
59.234293,-0.000000,0.000000,-0.000000,3.136928,0.966709,2.935932,-3.085653,0.602723,3.038990,-3.103970,0.629008,2.974057,NaN,NaN,NaN
59.469393,-0.000000,0.000000,-0.000000,3.136928,0.966709,2.935932,-3.085653,0.602723,3.038990,-3.103970,0.629008,2.974057,NaN,NaN,NaN
59.720902,-0.000000,0.000000,-0.000000,3.136928,0.966709,2.935932,-3.085653,0.602723,3.038990,-3.103970,0.629008,2.974057,NaN,NaN,NaN
59.960554,-0.000000,0.000000,-0.000000,3.136928,0.966709,2.935932,-3.085653,0.602723,3.038990,-3.103970,0.629008,2.974057,NaN,NaN,NaN
