0.000000,-0.000000,0.000000,-0.000000,-0.435835,1.445976,-1.103365,-0.000000,0.000000,-0.000000,-0.000000,0.000000,-0.000000,-0.232402,1.428428,-1.327801
0.137896,-0.000000,0.000000,-0.000000,-0.435835,1.445976,-1.103365,-0.000000,0.000000,-0.000000,-0.000000,0.000000,-0.000000,-0.232402,1.428428,-1.327801
0.161201,-0.000000,0.000000,-0.000000,-0.435835,1.445976,-1.103365,-0.000000,0.000000,-0.000000,-0.000000,0.000000,-0.000000,-0.232402,1.428428,-1.327801
0.420152,-0.000000,0.000000,-0.000000,-0.435835,1.445976,-1.103365,-0.000000,0.000000,-0.000000,-0.000000,0.000000,-0.000000,-0.232402,1.428428,-1.327801
0.663758,-0.000000,0.000000,-0.000000,-0.435835,1.445976,-1.103365,-0.000000,0.000000,-0.000000,-0.000000,0.000000,-0.000000,-0.232402,1.428428,-1.327801
0.942736,-0.000000,0.000000,-0.000000,-0.435835,1.445976,-1.103365,-0.000000,0.000000,-0.000000,-0.000000,0.000000,-0.000000,-0.232402,1.428428,-1.327801
1.181429,-0.000000,0.000000,-0.000000,-0.435835,1.445976,-1.103365,-0.000000,0.000000,-0.000000,-0.000000,0.000000,-0.000000,-0.232402,1.428428,-1.327801
1.422077,-0.000000,0.000000,-0.000000,-0.435835,1.445976,-1.103365,-0.000000,0.000000,-0.000000,-0.000000,0.000000,-0.000000,-0.232402,1.428428,-1.327801
1.680193,-0.000000,0.000000,-0.000000,-0.435835,1.445976,-1.103365,-0.000000,0.000000,-0.000000,-0.000000,0.000000,-0.000000,-0.232402,1.428428,-1.327801
1.921388,-0.000000,0.000000,-0.000000,-0.435835,1.445976,-1.103365,-0.000000,0.000000,-0.000000,-0.000000,0.000000,-0.000000,-0.232402,1.428428,-1.327801
2.159968,-0.000000,0.000000,-0.000000,-0.435835,1.445976,-1.103365,-0.000000,0.000000,-0.000000,-0.000000,0.000000,-0.000000,-0.232402,1.428428,-1.327801
2.398903,-0.000000,0.000000,-0.000000,-0.435835,1.445976,-1.103365,-0.000000,0.000000,-0.000000,-0.000000,0.000000,-0.000000,-0.232402,1.428428,-1.327801
2.637325,-0.000000,0.000000,-0.000000,-0.435835,1.445976,-1.103365,-0.000000,0.000000,-0.000000,-0.000000,0.000000,-0.000000,-0.232402,1.428428,-1.327801
2.872402,-0.000000,0.000000,-0.000000,-0.435835,1.445976,-1.103365,-0.000000,0.000000,-0.000000,-0.000000,0.000000,-0.000000,-0.232402,1.428428,-1.327801
3.127585,-0.000000,0.000000,-0.000000,-0.435835,1.445976,-1.103365,-0.000000,0.000000,-0.000000,-0.000000,0.000000,-0.000000,-0.232402,1.428428,-1.327801
3.364593,-0.000000,0.000000,-0.000000,-0.435835,1.445976,-1.103365,-0.000000,0.000000,-0.000000,-0.000000,0.000000,-0.000000,-0.232402,1.428428,-1.327801
3.621985,-0.000000,0.000000,-0.000000,-0.435835,1.445976,-1.103365,-0.000000,0.000000,-0.000000,-0.000000,0.000000,-0.000000,-0.232402,1.428428,-1.327801
3.880108,-0.000000,0.000000,-0.000000,-0.435835,1.445976,-1.103365,-0.000000,0.000000,-0.000000,-0.000000,0.000000,-0.000000,-0.232402,1.428428,-1.327801
4.136608,-0.000000,0.000000,-0.000000,-0.435835,1.445976,-1.103365,-0.000000,0.000000,-0.000000,-0.000000,0.000000,-0.000000,-0.232402,1.428428,-1.327801
4.394860,-0.000000,0.000000,-0.000000,-0.435835,1.445976,-1.103365,-0.000000,0.000000,-0.000000,-0.000000,0.000000,-0.000000,-0.232402,1.428428,-1.327801
4.633543,-0.000000,0.000000,-0.000000,-0.435835,1.445976,-1.103365,-0.000000,0.000000,-0.000000,-0.000000,0.000000,-0.000000,-0.232402,1.428428,-1.327801
4.855803,-0.000000,0.000000,-0.000000,-0.435835,1.445976,-1.103365,-0.000000,0.000000,-0.000000,-0.000000,0.000000,-0.000000,-0.232402,1.428428,-1.327801
5.114432,-0.000000,0.000000,-0.000000,-0.435835,1.445976,-1.103365,-0.000000,0.000000,-0.000000,-0.000000,0.000000,-0.000000,-0.232402,1.428428,-1.327801
5.334100,-0.000000,0.000000,-0.000000,-0.435835,1.445976,-1.103365,-0.000000,0.000000,-0.000000,-0.000000,0.000000,-0.000000,-0.232402,1.428428,-1.327801
5.593498,-0.000000,0.000000,-0.000000,-0.435835,1.445976,-1.103365,-0.000000,0.000000,-0.000000,-0.000000,0.000000,-0.000000,-0.232402,1.428428,-1.327801
5.844236,-0.000000,0.000000,-0.000000,-0.435835,1.445976,-1.103365,-0.000000,0.000000,-0.000000,-0.000000,0.000000,-0.000000,-0.232402,1.428428,-1.327801
6.100898,-0.000000,0.000000,-0.000000,-0.435835,1.445976,-1.103365,-0.000000,0.000000,-0.000000,-0.000000,0.000000,-0.000000,-0.232402,1.428428,-1.327801
6.358971,-0.000000,0.000000,-0.000000,-0.435835,1.445976,-1.103365,-0.000000,0.000000,-0.000000,-0.000000,0.000000,-0.000000,-0.232402,1.428428,-1.327801
6.635533,-0.000000,0.000000,-0.000000,-0.435835,1.445976,-1.103365,-0.000000,0.000000,-0.000000,-0.000000,0.000000,-0.000000,-0.232402,1.428428,-1.327801
6.869861,-0.000000,0.000000,-0.000000,-0.435835,1.445976,-1.103365,-0.000000,0.000000,-0.000000,-0.000000,0.000000,-0.000000,-0.232402,1.428428,-1.327801
7.125702,-0.000000,0.000000,-0.000000,-0.435835,1.445976,-1.103365,-0.000000,0.000000,-0.000000,-0.000000,0.000000,-0.000000,-0.232402,1.428428,-1.327801
7.359686,-0.000000,0.000000,-0.000000,-0.435835,1.445976,-1.103365,-0.000000,0.000000,-0.000000,-0.000000,0.000000,-0.000000,-0.232402,1.428428,-1.327801
7.597008,-0.000000,0.000000,-0.000000,-0.435835,1.445976,-1.103365,-0.000000,0.000000,-0.000000,-0.000000,0.000000,-0.000000,-0.232402,1.428428,-1.327801
7.824033,-0.000000,0.000000,-0.000000,-0.435835,1.445976,-1.103365,-0.000000,0.000000,-0.000000,-0.000000,0.000000,-0.000000,-0.232402,1.428428,-1.327801
8.074261,-0.000000,0.000000,-0.000000,-0.435835,1.445976,-1.103365,-0.000000,0.000000,-0.000000,-0.000000,0.000000,-0.000000,-0.232402,1.428428,-1.327801
8.331124,-0.000000,0.000000,-0.000000,-0.435835,1.445976,-1.103365,-0.000000,0.000000,-0.000000,-0.000000,0.000000,-0.000000,-0.232402,1.428428,-1.327801
8.571190,-0.000000,0.000000,-0.000000,-0.435835,1.445976,-1.103365,-0.000000,0.000000,-0.000000,-0.000000,0.000000,-0.000000,-0.232402,1.428428,-1.327801
8.803985,-0.000000,0.000000,-0.000000,-0.435835,1.445976,-1.103365,-0.000000,0.000000,-0.000000,-0.000000,0.000000,-0.000000,-0.232402,1.428428,-1.327801
9.034481,-0.000000,0.000000,-0.000000,-0.435835,1.445976,-1.103365,-0.000000,0.000000,-0.000000,-0.000000,0.000000,-0.000000,-0.232402,1.428428,-1.327801
9.284884,-0.000000,0.000000,-0.000000,-0.435835,1.445976,-1.103365,-0.000000,0.000000,-0.000000,-0.000000,0.000000,-0.000000,-0.232402,1.428428,-1.327801
9.535040,-0.000000,0.000000,-0.000000,-0.435835,1.445976,-1.103365,-0.000000,0.000000,-0.000000,-0.000000,0.000000,-0.000000,-0.232402,1.428428,-1.327801
9.787200,-0.000000,0.000000,-0.000000,-0.435835,1.445976,-1.103365,-0.000000,0.000000,-0.000000,-0.000000,0.000000,-0.000000,-0.232402,1.428428,-1.327801
10.040936,-0.000000,0.000000,-0.000000,-0.435835,1.445976,-1.103365,-0.000000,0.000000,-0.000000,-0.000000,0.000000,-0.000000,-0.232402,1.428428,-1.327801
10.317604,-0.000000,0.000000,-0.000000,-0.435835,1.445976,-1.103365,-0.000000,0.000000,-0.000000,-0.000000,0.000000,-0.000000,-0.232402,1.428428,-1.327801
10.555905,-0.000000,0.000000,-0.000000,-0.196744,-0.008680,0.004184,1.261132,-0.025239,1.523746,1.261132,-0.025239,1.523746,-0.170831,0.010426,-0.018635
10.797353,-0.000000,0.000000,-0.000000,-0.196744,-0.008680,0.004184,1.261132,-0.025239,1.523746,1.261132,-0.025239,1.523746,-0.170831,0.010426,-0.018635
11.037907,-0.000000,0.000000,-0.000000,-0.196744,-0.008680,0.004184,1.261132,-0.025239,1.523746,1.261132,-0.025239,1.523746,-0.170831,0.010426,-0.018635
11.278092,-0.000000,0.000000,-0.000000,-0.196744,-0.008680,0.004184,1.261132,-0.025239,1.523746,1.261132,-0.025239,1.523746,-0.170831,0.010426,-0.018635
11.499651,-0.000000,0.000000,-0.000000,-0.196744,-0.008680,0.004184,1.261132,-0.025239,1.523746,1.261132,-0.025239,1.523746,-0.170831,0.010426,-0.018635
11.737718,-0.000000,0.000000,-0.000000,-0.196744,-0.008680,0.004184,1.261132,-0.025239,1.523746,1.261132,-0.025239,1.523746,-0.170831,0.010426,-0.018635
11.999001,-0.000000,0.000000,-0.000000,-0.196744,-0.008680,0.004184,1.261132,-0.025239,1.523746,1.261132,-0.025239,1.523746,-0.170831,0.010426,-0.018635
12.238430,-0.000000,0.000000,-0.000000,-0.196744,-0.008680,0.004184,1.261132,-0.025239,1.523746,1.261132,-0.025239,1.523746,-0.170831,0.010426,-0.018635
12.478102,-0.000000,0.000000,-0.000000,-0.196744,-0.008680,0.004184,1.261132,-0.025239,1.523746,1.261132,-0.025239,1.523746,-0.170831,0.010426,-0.018635
12.712412,-0.000000,0.000000,-0.000000,-0.196744,-0.008680,0.004184,1.261132,-0.025239,1.523746,1.261132,-0.025239,1.523746,-0.170831,0.010426,-0.018635
12.970027,-0.000000,0.000000,-0.000000,-0.196744,-0.008680,0.004184,1.261132,-0.025239,1.523746,1.261132,-0.025239,1.523746,-0.170831,0.010426,-0.018635
13.209134,-0.000000,0.000000,-0.000000,-0.196744,-0.008680,0.004184,1.261132,-0.025239,1.523746,1.261132,-0.025239,1.523746,-0.170831,0.010426,-0.018635
13.447565,-0.000000,0.000000,-0.000000,-0.196744,-0.008680,0.004184,1.261132,-0.025239,1.523746,1.261132,-0.025239,1.523746,-0.170831,0.010426,-0.018635
13.707793,-0.000000,0.000000,-0.000000,-0.196744,-0.008680,0.004184,1.261132,-0.025239,1.523746,1.261132,-0.025239,1.523746,-0.170831,0.010426,-0.018635
13.968697,-0.000000,0.000000,-0.000000,-0.196744,-0.008680,0.004184,1.261132,-0.025239,1.523746,1.261132,-0.025239,1.523746,-0.170831,0.010426,-0.018635
14.246927,-0.000000,0.000000,-0.000000,-0.196744,-0.008680,0.004184,1.261132,-0.025239,1.523746,1.261132,-0.025239,1.523746,-0.170831,0.010426,-0.018635
14.483573,-0.000000,0.000000,-0.000000,-0.196744,-0.008680,0.004184,1.261132,-0.025239,1.523746,1.261132,-0.025239,1.523746,-0.170831,0.010426,-0.018635
14.723544,-0.000000,0.000000,-0.000000,-0.196744,-0.008680,0.004184,1.261132,-0.025239,1.523746,1.261132,-0.025239,1.523746,-0.170831,0.010426,-0.018635
14.963459,-0.000000,0.000000,-0.000000,-0.196744,-0.008680,0.004184,1.261132,-0.025239,1.523746,1.261132,-0.025239,1.523746,-0.170831,0.010426,-0.018635
15.203284,-0.000000,0.000000,-0.000000,-0.196744,-0.008680,0.004184,1.261132,-0.025239,1.523746,1.261132,-0.025239,1.523746,-0.170831,0.010426,-0.018635
15.462088,-0.000000,0.000000,-0.000000,-0.196744,-0.008680,0.004184,1.261132,-0.025239,1.523746,1.261132,-0.025239,1.523746,-0.170831,0.010426,-0.018635
15.721606,-0.000000,0.000000,-0.000000,-0.196744,-0.008680,0.004184,1.261132,-0.025239,1.523746,1.261132,-0.025239,1.523746,-0.170831,0.010426,-0.018635
15.999570,-0.000000,0.000000,-0.000000,-0.196744,-0.008680,0.004184,1.261132,-0.025239,1.523746,1.261132,-0.025239,1.523746,-0.170831,0.010426,-0.018635
16.239325,-0.000000,0.000000,-0.000000,-0.196744,-0.008680,0.004184,1.261132,-0.025239,1.523746,1.261132,-0.025239,1.523746,-0.170831,0.010426,-0.018635
16.480613,-0.000000,0.000000,-0.000000,-0.196744,-0.008680,0.004184,1.261132,-0.025239,1.523746,1.261132,-0.025239,1.523746,-0.170831,0.010426,-0.018635
16.720574,-0.000000,0.000000,-0.000000,-0.196744,-0.008680,0.004184,1.261132,-0.025239,1.523746,1.261132,-0.025239,1.523746,-0.170831,0.010426,-0.018635
16.950525,-0.000000,0.000000,-0.000000,-0.196744,-0.008680,0.004184,1.261132,-0.025239,1.523746,1.261132,-0.025239,1.523746,-0.170831,0.010426,-0.018635
17.226324,-0.000000,0.000000,-0.000000,-0.196744,-0.008680,0.004184,1.261132,-0.025239,1.523746,1.261132,-0.025239,1.523746,-0.170831,0.010426,-0.018635
17.487704,-0.000000,0.000000,-0.000000,-0.196744,-0.008680,0.004184,1.261132,-0.025239,1.523746,1.261132,-0.025239,1.523746,-0.170831,0.010426,-0.018635
17.746314,-0.000000,0.000000,-0.000000,-0.196744,-0.008680,0.004184,1.261132,-0.025239,1.523746,1.261132,-0.025239,1.523746,-0.170831,0.010426,-0.018635
17.987362,-0.000000,0.000000,-0.000000,-0.196744,-0.008680,0.004184,1.261132,-0.025239,1.523746,1.261132,-0.025239,1.523746,-0.170831,0.010426,-0.018635
18.221567,-0.000000,0.000000,-0.000000,-0.196744,-0.008680,0.004184,1.261132,-0.025239,1.523746,1.261132,-0.025239,1.523746,-0.170831,0.010426,-0.018635
18.474375,-0.000000,0.000000,-0.000000,-0.196744,-0.008680,0.004184,1.261132,-0.025239,1.523746,1.261132,-0.025239,1.523746,-0.170831,0.010426,-0.018635
18.725720,-0.000000,0.000000,-0.000000,-0.196744,-0.008680,0.004184,1.261132,-0.025239,1.523746,1.261132,-0.025239,1.523746,-0.170831,0.010426,-0.018635
18.977371,-0.000000,0.000000,-0.000000,-0.196744,-0.008680,0.004184,1.261132,-0.025239,1.523746,1.261132,-0.025239,1.523746,-0.170831,0.010426,-0.018635
19.228710,-0.000000,0.000000,-0.000000,-0.196744,-0.008680,0.004184,1.261132,-0.025239,1.523746,1.261132,-0.025239,1.523746,-0.170831,0.010426,-0.018635
19.499178,-0.000000,0.000000,-0.000000,-0.196744,-0.008680,0.004184,1.261132,-0.025239,1.523746,1.261132,-0.025239,1.523746,-0.170831,0.010426,-0.018635
19.731254,-0.000000,0.000000,-0.000000,-0.196744,-0.008680,0.004184,1.261132,-0.025239,1.523746,1.261132,-0.025239,1.523746,-0.170831,0.010426,-0.018635
20.004284,-0.000000,0.000000,-0.000000,-0.196744,-0.008680,0.004184,1.261132,-0.025239,1.523746,1.261132,-0.025239,1.523746,-0.170831,0.010426,-0.018635
20.235170,-0.000000,0.000000,-0.000000,-0.196744,-0.008680,0.004184,1.261132,-0.025239,1.523746,1.261132,-0.025239,1.523746,-0.170831,0.010426,-0.018635
20.483885,-0.000000,0.000000,-0.000000,-0.196744,-0.008680,0.004184,1.261132,-0.025239,1.523746,1.261132,-0.025239,1.523746,-0.170831,0.010426,-0.018635
20.740335,-0.000000,0.000000,-0.000000,-0.196744,-0.008680,0.004184,1.261132,-0.025239,1.523746,1.261132,-0.025239,1.523746,-0.170831,0.010426,-0.018635
20.993495,-0.000000,0.000000,-0.000000,-0.196744,-0.008680,0.004184,1.261132,-0.025239,1.523746,1.261132,-0.025239,1.523746,-0.170831,0.010426,-0.018635
21.263485,-0.000000,0.000000,-0.000000,-0.196744,-0.008680,0.004184,1.261132,-0.025239,1.523746,1.261132,-0.025239,1.523746,-0.170831,0.010426,-0.018635
21.533281,-0.000000,0.000000,-0.000000,-0.196744,-0.008680,0.004184,1.261132,-0.025239,1.523746,1.261132,-0.025239,1.523746,-0.170831,0.010426,-0.018635
21.763656,-0.000000,0.000000,-0.000000,-0.196744,-0.008680,0.004184,1.261132,-0.025239,1.523746,1.261132,-0.025239,1.523746,-0.170831,0.010426,-0.018635
21.993818,-0.000000,0.000000,-0.000000,-0.196744,-0.008680,0.004184,1.261132,-0.025239,1.523746,1.261132,-0.025239,1.523746,-0.170831,0.010426,-0.018635
22.244767,-0.000000,0.000000,-0.000000,-0.196744,-0.008680,0.004184,1.261132,-0.025239,1.523746,1.261132,-0.025239,1.523746,-0.170831,0.010426,-0.018635
22.484400,-0.000000,0.000000,-0.000000,-0.196744,-0.008680,0.004184,1.261132,-0.025239,1.523746,1.261132,-0.025239,1.523746,-0.170831,0.010426,-0.018635
22.723828,-0.000000,0.000000,-0.000000,-0.196744,-0.008680,0.004184,1.261132,-0.025239,1.523746,1.261132,-0.025239,1.523746,-0.170831,0.010426,-0.018635
22.963234,-0.000000,0.000000,-0.000000,-0.196744,-0.008680,0.004184,1.261132,-0.025239,1.523746,1.261132,-0.025239,1.523746,-0.170831,0.010426,-0.018635
23.221722,-0.000000,0.000000,-0.000000,-0.196744,-0.008680,0.004184,1.261132,-0.025239,1.523746,1.261132,-0.025239,1.523746,-0.170831,0.010426,-0.018635
23.462029,-0.000000,0.000000,-0.000000,-0.196744,-0.008680,0.004184,1.261132,-0.025239,1.523746,1.261132,-0.025239,1.523746,-0.170831,0.010426,-0.018635
23.720794,-0.000000,0.000000,-0.000000,-0.196744,-0.008680,0.004184,1.261132,-0.025239,1.523746,1.261132,-0.025239,1.523746,-0.170831,0.010426,-0.018635
23.979215,-0.000000,0.000000,-0.000000,-0.196744,-0.008680,0.004184,1.261132,-0.025239,1.523746,1.261132,-0.025239,1.523746,-0.170831,0.010426,-0.018635
24.220271,-0.000000,0.000000,-0.000000,-0.196744,-0.008680,0.004184,1.261132,-0.025239,1.523746,1.261132,-0.025239,1.523746,-0.170831,0.010426,-0.018635
24.451279,-0.000000,0.000000,-0.000000,-0.196744,-0.008680,0.004184,1.261132,-0.025239,1.523746,1.261132,-0.025239,1.523746,-0.170831,0.010426,-0.018635
24.707420,-0.000000,0.000000,-0.000000,-0.196744,-0.008680,0.004184,1.261132,-0.025239,1.523746,1.261132,-0.025239,1.523746,-0.170831,0.010426,-0.018635
24.947796,-0.000000,0.000000,-0.000000,-0.196744,-0.008680,0.004184,1.261132,-0.025239,1.523746,1.261132,-0.025239,1.523746,-0.170831,0.010426,-0.018635
25.187344,-0.000000,0.000000,-0.000000,-0.196744,-0.008680,0.004184,1.261132,-0.025239,1.523746,1.261132,-0.025239,1.523746,-0.170831,0.010426,-0.018635
25.445279,-0.000000,0.000000,-0.000000,-0.196744,-0.008680,0.004184,1.261132,-0.025239,1.523746,1.261132,-0.025239,1.523746,-0.170831,0.010426,-0.018635
25.678655,-0.000000,0.000000,-0.000000,-0.196744,-0.008680,0.004184,1.261132,-0.025239,1.523746,1.261132,-0.025239,1.523746,-0.170831,0.010426,-0.018635
25.955349,-0.000000,0.000000,-0.000000,-0.196744,-0.008680,0.004184,1.261132,-0.025239,1.523746,1.261132,-0.025239,1.523746,-0.170831,0.010426,-0.018635
26.225877,-0.000000,0.000000,-0.000000,-0.196744,-0.008680,0.004184,1.261132,-0.025239,1.523746,1.261132,-0.025239,1.523746,-0.170831,0.010426,-0.018635
26.464496,-0.000000,0.000000,-0.000000,-0.196744,-0.008680,0.004184,1.261132,-0.025239,1.523746,1.261132,-0.025239,1.523746,-0.170831,0.010426,-0.018635
26.704303,-0.000000,0.000000,-0.000000,-0.196744,-0.008680,0.004184,1.261132,-0.025239,1.523746,1.261132,-0.025239,1.523746,-0.170831,0.010426,-0.018635
26.943498,-0.000000,0.000000,-0.000000,-0.196744,-0.008680,0.004184,1.261132,-0.025239,1.523746,1.261132,-0.025239,1.523746,-0.170831,0.010426,-0.018635
27.183661,-0.000000,0.000000,-0.000000,-0.196744,-0.008680,0.004184,1.261132,-0.025239,1.523746,1.261132,-0.025239,1.523746,-0.170831,0.010426,-0.018635
27.423672,-0.000000,0.000000,-0.000000,-0.196744,-0.008680,0.004184,1.261132,-0.025239,1.523746,1.261132,-0.025239,1.523746,-0.170831,0.010426,-0.018635
27.663373,-0.000000,0.000000,-0.000000,-0.196744,-0.008680,0.004184,1.261132,-0.025239,1.523746,1.261132,-0.025239,1.523746,-0.170831,0.010426,-0.018635
27.903227,-0.000000,0.000000,-0.000000,-0.196744,-0.008680,0.004184,1.261132,-0.025239,1.523746,1.261132,-0.025239,1.523746,-0.170831,0.010426,-0.018635
28.142248,-0.000000,0.000000,-0.000000,-0.196744,-0.008680,0.004184,1.261132,-0.025239,1.523746,1.261132,-0.025239,1.523746,-0.170831,0.010426,-0.018635
28.381553,-0.000000,0.000000,-0.000000,-0.196744,-0.008680,0.004184,1.261132,-0.025239,1.523746,1.261132,-0.025239,1.523746,-0.170831,0.010426,-0.018635
28.621776,-0.000000,0.000000,-0.000000,-0.196744,-0.008680,0.004184,1.261132,-0.025239,1.523746,1.261132,-0.025239,1.523746,-0.170831,0.010426,-0.018635
28.862583,-0.000000,0.000000,-0.000000,-0.196744,-0.008680,0.004184,1.261132,-0.025239,1.523746,1.261132,-0.025239,1.523746,-0.170831,0.010426,-0.018635
29.101772,-0.000000,0.000000,-0.000000,-0.196744,-0.008680,0.004184,1.261132,-0.025239,1.523746,1.261132,-0.025239,1.523746,-0.170831,0.010426,-0.018635
29.340883,-0.000000,0.000000,-0.000000,-0.196744,-0.008680,0.004184,1.261132,-0.025239,1.523746,1.261132,-0.025239,1.523746,-0.170831,0.010426,-0.018635
29.580085,-0.000000,0.000000,-0.000000,-0.196744,-0.008680,0.004184,1.261132,-0.025239,1.523746,1.261132,-0.025239,1.523746,-0.170831,0.010426,-0.018635
29.815922,-0.000000,0.000000,-0.000000,-0.196744,-0.008680,0.004184,1.261132,-0.025239,1.523746,1.261132,-0.025239,1.523746,-0.170831,0.010426,-0.018635
30.073609,-0.000000,0.000000,-0.000000,-0.196744,-0.008680,0.004184,1.261132,-0.025239,1.523746,1.261132,-0.025239,1.523746,-0.170831,0.010426,-0.018635
30.312090,-0.000000,0.000000,-0.000000,-0.196744,-0.008680,0.004184,1.261132,-0.025239,1.523746,1.261132,-0.025239,1.523746,-0.170831,0.010426,-0.018635
30.571098,-0.000000,0.000000,-0.000000,-0.196744,-0.008680,0.004184,1.261132,-0.025239,1.523746,1.261132,-0.025239,1.523746,-0.170831,0.010426,-0.018635
30.806395,-0.000000,0.000000,-0.000000,-0.196744,-0.008680,0.004184,1.261132,-0.025239,1.523746,1.261132,-0.025239,1.523746,-0.170831,0.010426,-0.018635
31.059530,-0.000000,0.000000,-0.000000,-0.196744,-0.008680,0.004184,1.261132,-0.025239,1.523746,1.261132,-0.025239,1.523746,-0.170831,0.010426,-0.018635
31.317886,-0.000000,0.000000,-0.000000,-0.196744,-0.008680,0.004184,1.261132,-0.025239,1.523746,1.261132,-0.025239,1.523746,-0.170831,0.010426,-0.018635
31.595345,-0.000000,0.000000,-0.000000,-0.196744,-0.008680,0.004184,1.261132,-0.025239,1.523746,1.261132,-0.025239,1.523746,-0.170831,0.010426,-0.018635
31.835385,-0.000000,0.000000,-0.000000,-0.196744,-0.008680,0.004184,1.261132,-0.025239,1.523746,1.261132,-0.025239,1.523746,-0.170831,0.010426,-0.018635
32.056113,-0.000000,0.000000,-0.000000,-0.196744,-0.008680,0.004184,1.261132,-0.025239,1.523746,1.261132,-0.025239,1.523746,-0.170831,0.010426,-0.018635
32.290776,-0.000000,0.000000,-0.000000,-0.196744,-0.008680,0.004184,1.261132,-0.025239,1.523746,1.261132,-0.025239,1.523746,-0.170831,0.010426,-0.018635
32.540647,-0.000000,0.000000,-0.000000,-0.196744,-0.008680,0.004184,1.261132,-0.025239,1.523746,1.261132,-0.025239,1.523746,-0.170831,0.010426,-0.018635
32.796826,-0.000000,0.000000,-0.000000,-0.196744,-0.008680,0.004184,1.261132,-0.025239,1.523746,1.261132,-0.025239,1.523746,-0.170831,0.010426,-0.018635
33.036065,-0.000000,0.000000,-0.000000,-0.196744,-0.008680,0.004184,1.261132,-0.025239,1.523746,1.261132,-0.025239,1.523746,-0.170831,0.010426,-0.018635
33.275794,-0.000000,0.000000,-0.000000,-0.196744,-0.008680,0.004184,1.261132,-0.025239,1.523746,1.261132,-0.025239,1.523746,-0.170831,0.010426,-0.018635
33.509428,-0.000000,0.000000,-0.000000,-0.196744,-0.008680,0.004184,1.261132,-0.025239,1.523746,1.261132,-0.025239,1.523746,-0.170831,0.010426,-0.018635
33.761310,-0.000000,0.000000,-0.000000,-0.196744,-0.008680,0.004184,1.261132,-0.025239,1.523746,1.261132,-0.025239,1.523746,-0.170831,0.010426,-0.018635
34.013017,-0.000000,0.000000,-0.000000,-0.196744,-0.008680,0.004184,1.261132,-0.025239,1.523746,1.261132,-0.025239,1.523746,-0.170831,0.010426,-0.018635
34.265777,-0.000000,0.000000,-0.000000,-0.196744,-0.008680,0.004184,1.261132,-0.025239,1.523746,1.261132,-0.025239,1.523746,-0.170831,0.010426,-0.018635
34.518243,-0.000000,0.000000,-0.000000,-0.196744,-0.008680,0.004184,1.261132,-0.025239,1.523746,1.261132,-0.025239,1.523746,-0.170831,0.010426,-0.018635
34.794307,-0.000000,0.000000,-0.000000,-0.196744,-0.008680,0.004184,1.261132,-0.025239,1.523746,1.261132,-0.025239,1.523746,-0.170831,0.010426,-0.018635
35.009114,-0.000000,0.000000,-0.000000,-0.196744,-0.008680,0.004184,1.261132,-0.025239,1.523746,1.261132,-0.025239,1.523746,-0.170831,0.010426,-0.018635
35.267772,-0.000000,0.000000,-0.000000,-0.196744,-0.008680,0.004184,1.261132,-0.025239,1.523746,1.261132,-0.025239,1.523746,-0.170831,0.010426,-0.018635
35.507408,-0.000000,0.000000,-0.000000,-0.196744,-0.008680,0.004184,1.261132,-0.025239,1.523746,1.261132,-0.025239,1.523746,-0.170831,0.010426,-0.018635
35.740997,-0.000000,0.000000,-0.000000,-0.196744,-0.008680,0.004184,1.261132,-0.025239,1.523746,1.261132,-0.025239,1.523746,-0.170831,0.010426,-0.018635
35.972937,-0.000000,0.000000,-0.000000,-0.196744,-0.008680,0.004184,1.261132,-0.025239,1.523746,1.261132,-0.025239,1.523746,-0.170831,0.010426,-0.018635
36.229405,-0.000000,0.000000,-0.000000,-0.196744,-0.008680,0.004184,1.261132,-0.025239,1.523746,1.261132,-0.025239,1.523746,-0.170831,0.010426,-0.018635
36.468700,-0.000000,0.000000,-0.000000,-0.196744,-0.008680,0.004184,1.261132,-0.025239,1.523746,1.261132,-0.025239,1.523746,-0.170831,0.010426,-0.018635
36.727700,-0.000000,0.000000,-0.000000,-0.196744,-0.008680,0.004184,1.261132,-0.025239,1.523746,1.261132,-0.025239,1.523746,-0.170831,0.010426,-0.018635
36.987160,-0.000000,0.000000,-0.000000,-0.196744,-0.008680,0.004184,1.261132,-0.025239,1.523746,1.261132,-0.025239,1.523746,-0.170831,0.010426,-0.018635
37.245559,-0.000000,0.000000,-0.000000,-0.196744,-0.008680,0.004184,1.261132,-0.025239,1.523746,1.261132,-0.025239,1.523746,-0.170831,0.010426,-0.018635
37.523339,-0.000000,0.000000,-0.000000,-0.196744,-0.008680,0.004184,1.261132,-0.025239,1.523746,1.261132,-0.025239,1.523746,-0.170831,0.010426,-0.018635
37.758099,-0.000000,0.000000,-0.000000,-0.196744,-0.008680,0.004184,1.261132,-0.025239,1.523746,1.261132,-0.025239,1.523746,-0.170831,0.010426,-0.018635
38.014752,-0.000000,0.000000,-0.000000,-0.196744,-0.008680,0.004184,1.261132,-0.025239,1.523746,1.261132,-0.025239,1.523746,-0.170831,0.010426,-0.018635
38.254449,-0.000000,0.000000,-0.000000,-0.196744,-0.008680,0.004184,1.261132,-0.025239,1.523746,1.261132,-0.025239,1.523746,-0.170831,0.010426,-0.018635
38.493597,-0.000000,0.000000,-0.000000,-0.196744,-0.008680,0.004184,1.261132,-0.025239,1.523746,1.261132,-0.025239,1.523746,-0.170831,0.010426,-0.018635
38.752799,-0.000000,0.000000,-0.000000,-0.196744,-0.008680,0.004184,1.261132,-0.025239,1.523746,1.261132,-0.025239,1.523746,-0.170831,0.010426,-0.018635
39.006678,-0.000000,0.000000,-0.000000,-0.196744,-0.008680,0.004184,1.261132,-0.025239,1.523746,1.261132,-0.025239,1.523746,-0.170831,0.010426,-0.018635
39.265091,-0.000000,0.000000,-0.000000,-0.196744,-0.008680,0.004184,1.261132,-0.025239,1.523746,1.261132,-0.025239,1.523746,-0.170831,0.010426,-0.018635
39.506457,-0.000000,0.000000,-0.000000,-0.196744,-0.008680,0.004184,1.261132,-0.025239,1.523746,1.261132,-0.025239,1.523746,-0.170831,0.010426,-0.018635
39.764654,-0.000000,0.000000,-0.000000,-0.196744,-0.008680,0.004184,1.261132,-0.025239,1.523746,1.261132,-0.025239,1.523746,-0.170831,0.010426,-0.018635
39.991169,-0.000000,0.000000,-0.000000,-0.196744,-0.008680,0.004184,1.261132,-0.025239,1.523746,1.261132,-0.025239,1.523746,-0.170831,0.010426,-0.018635
40.240295,-0.000000,0.000000,-0.000000,-0.196744,-0.008680,0.004184,1.261132,-0.025239,1.523746,1.261132,-0.025239,1.523746,-0.170831,0.010426,-0.018635
40.478035,-0.000000,0.000000,-0.000000,-0.196744,-0.008680,0.004184,1.261132,-0.025239,1.523746,1.261132,-0.025239,1.523746,-0.170831,0.010426,-0.018635
40.736787,-0.000000,0.000000,-0.000000,-0.196744,-0.008680,0.004184,1.261132,-0.025239,1.523746,1.261132,-0.025239,1.523746,-0.170831,0.010426,-0.018635
40.977473,-0.000000,0.000000,-0.000000,-0.196744,-0.008680,0.004184,1.261132,-0.025239,1.523746,1.261132,-0.025239,1.523746,-0.170831,0.010426,-0.018635
41.230676,-0.000000,0.000000,-0.000000,-0.196744,-0.008680,0.004184,1.261132,-0.025239,1.523746,1.261132,-0.025239,1.523746,-0.170831,0.010426,-0.018635
41.508798,-0.000000,0.000000,-0.000000,-0.196744,-0.008680,0.004184,1.261132,-0.025239,1.523746,1.261132,-0.025239,1.523746,-0.170831,0.010426,-0.018635
41.748092,-0.000000,0.000000,-0.000000,-0.196744,-0.008680,0.004184,1.261132,-0.025239,1.523746,1.261132,-0.025239,1.523746,-0.170831,0.010426,-0.018635
41.988056,-0.000000,0.000000,-0.000000,-0.196744,-0.008680,0.004184,1.261132,-0.025239,1.523746,1.261132,-0.025239,1.523746,-0.170831,0.010426,-0.018635
42.246428,-0.000000,0.000000,-0.000000,-0.196744,-0.008680,0.004184,1.261132,-0.025239,1.523746,1.261132,-0.025239,1.523746,-0.170831,0.010426,-0.018635
42.485906,-0.000000,0.000000,-0.000000,-0.196744,-0.008680,0.004184,1.261132,-0.025239,1.523746,1.261132,-0.025239,1.523746,-0.170831,0.010426,-0.018635
42.745638,-0.000000,0.000000,-0.000000,-0.196744,-0.008680,0.004184,1.261132,-0.025239,1.523746,1.261132,-0.025239,1.523746,-0.170831,0.010426,-0.018635
43.004278,-0.000000,0.000000,-0.000000,-0.196744,-0.008680,0.004184,1.261132,-0.025239,1.523746,1.261132,-0.025239,1.523746,-0.170831,0.010426,-0.018635
43.281540,-0.000000,0.000000,-0.000000,-0.196744,-0.008680,0.004184,1.261132,-0.025239,1.523746,1.261132,-0.025239,1.523746,-0.170831,0.010426,-0.018635
43.521027,-0.000000,0.000000,-0.000000,-0.196744,-0.008680,0.004184,1.261132,-0.025239,1.523746,1.261132,-0.025239,1.523746,-0.170831,0.010426,-0.018635
43.779261,-0.000000,0.000000,-0.000000,-0.196744,-0.008680,0.004184,1.261132,-0.025239,1.523746,1.261132,-0.025239,1.523746,-0.170831,0.010426,-0.018635
44.029764,-0.000000,0.000000,-0.000000,-0.196744,-0.008680,0.004184,1.261132,-0.025239,1.523746,1.261132,-0.025239,1.523746,-0.170831,0.010426,-0.018635
44.305151,-0.000000,0.000000,-0.000000,-0.196744,-0.008680,0.004184,1.261132,-0.025239,1.523746,1.261132,-0.025239,1.523746,-0.170831,0.010426,-0.018635
44.544652,-0.000000,0.000000,-0.000000,-0.196744,-0.008680,0.004184,1.261132,-0.025239,1.523746,1.261132,-0.025239,1.523746,-0.170831,0.010426,-0.018635
44.802903,-0.000000,0.000000,-0.000000,-0.196744,-0.008680,0.004184,1.261132,-0.025239,1.523746,1.261132,-0.025239,1.523746,-0.170831,0.010426,-0.018635
45.042780,-0.000000,0.000000,-0.000000,-0.196744,-0.008680,0.004184,1.261132,-0.025239,1.523746,1.261132,-0.025239,1.523746,-0.170831,0.010426,-0.018635
45.301939,-0.000000,0.000000,-0.000000,-0.196744,-0.008680,0.004184,1.261132,-0.025239,1.523746,1.261132,-0.025239,1.523746,-0.170831,0.010426,-0.018635
45.560574,-0.000000,0.000000,-0.000000,-0.196744,-0.008680,0.004184,1.261132,-0.025239,1.523746,1.261132,-0.025239,1.523746,-0.170831,0.010426,-0.018635
45.837625,-0.000000,0.000000,-0.000000,-0.196744,-0.008680,0.004184,1.261132,-0.025239,1.523746,1.261132,-0.025239,1.523746,-0.170831,0.010426,-0.018635
46.076931,-0.000000,0.000000,-0.000000,-0.196744,-0.008680,0.004184,1.261132,-0.025239,1.523746,1.261132,-0.025239,1.523746,-0.170831,0.010426,-0.018635
46.311251,-0.000000,0.000000,-0.000000,-0.196744,-0.008680,0.004184,1.261132,-0.025239,1.523746,1.261132,-0.025239,1.523746,-0.170831,0.010426,-0.018635
46.567732,-0.000000,0.000000,-0.000000,-0.196744,-0.008680,0.004184,1.261132,-0.025239,1.523746,0.032708,0.009759,-0.016697,-0.170831,0.010426,-0.018635
46.803709,-0.000000,0.000000,-0.000000,-0.196744,-0.008680,0.004184,1.261132,-0.025239,1.523746,0.032708,0.009759,-0.016697,-0.170831,0.010426,-0.018635
47.051860,-0.000000,0.000000,-0.000000,-0.196744,-0.008680,0.004184,1.261132,-0.025239,1.523746,0.032708,0.009759,-0.016697,-0.170831,0.010426,-0.018635
47.291061,-0.000000,0.000000,-0.000000,-0.196744,-0.008680,0.004184,1.261132,-0.025239,1.523746,0.032708,0.009759,-0.016697,-0.170831,0.010426,-0.018635
47.533409,-0.000000,0.000000,-0.000000,-0.196744,-0.008680,0.004184,1.261132,-0.025239,1.523746,0.032708,0.009759,-0.016697,-0.170831,0.010426,-0.018635
47.777375,-0.000000,0.000000,-0.000000,-0.196744,-0.008680,0.004184,1.261132,-0.025239,1.523746,0.032708,0.009759,-0.016697,-0.170831,0.010426,-0.018635
48.017760,-0.000000,0.000000,-0.000000,-0.196744,-0.008680,0.004184,1.261132,-0.025239,1.523746,0.032708,0.009759,-0.016697,-0.170831,0.010426,-0.018635
48.258041,-0.000000,0.000000,-0.000000,-0.196744,-0.008680,0.004184,1.261132,-0.025239,1.523746,0.032708,0.009759,-0.016697,-0.170831,0.010426,-0.018635
48.510017,-0.000000,0.000000,-0.000000,-0.196744,-0.008680,0.004184,1.261132,-0.025239,1.523746,0.032708,0.009759,-0.016697,-0.170831,0.010426,-0.018635
48.781189,-0.000000,0.000000,-0.000000,-0.196744,-0.008680,0.004184,1.261132,-0.025239,1.523746,0.032708,0.009759,-0.016697,-0.170831,0.010426,-0.018635
49.012059,-0.000000,0.000000,-0.000000,-0.196744,-0.008680,0.004184,1.261132,-0.025239,1.523746,0.032708,0.009759,-0.016697,-0.170831,0.010426,-0.018635
49.258919,-0.000000,0.000000,-0.000000,-0.196744,-0.008680,0.004184,1.261132,-0.025239,1.523746,0.032708,0.009759,-0.016697,-0.170831,0.010426,-0.018635
49.527044,-0.000000,0.000000,-0.000000,-0.196744,-0.008680,0.004184,1.261132,-0.025239,1.523746,0.032708,0.009759,-0.016697,-0.170831,0.010426,-0.018635
49.786337,-0.000000,0.000000,-0.000000,-0.196744,-0.008680,0.004184,1.261132,-0.025239,1.523746,0.032708,0.009759,-0.016697,-0.170831,0.010426,-0.018635
50.037420,-0.000000,0.000000,-0.000000,-0.196744,-0.008680,0.004184,1.261132,-0.025239,1.523746,0.032708,0.009759,-0.016697,-0.170831,0.010426,-0.018635
50.302371,-0.000000,0.000000,-0.000000,-0.196744,-0.008680,0.004184,1.261132,-0.025239,1.523746,0.032708,0.009759,-0.016697,-0.170831,0.010426,-0.018635
50.558202,-0.000000,0.000000,-0.000000,-0.196744,-0.008680,0.004184,1.261132,-0.025239,1.523746,0.032708,0.009759,-0.016697,-0.170831,0.010426,-0.018635
50.792053,-0.000000,0.000000,-0.000000,-0.196744,-0.008680,0.004184,1.261132,-0.025239,1.523746,0.032708,0.009759,-0.016697,-0.170831,0.010426,-0.018635
51.045047,-0.000000,0.000000,-0.000000,-0.196744,-0.008680,0.004184,1.261132,-0.025239,1.523746,0.032708,0.009759,-0.016697,-0.170831,0.010426,-0.018635
51.297632,-0.000000,0.000000,-0.000000,-0.196744,-0.008680,0.004184,1.261132,-0.025239,1.523746,0.032708,0.009759,-0.016697,-0.170831,0.010426,-0.018635
51.556111,-0.000000,0.000000,-0.000000,-0.196744,-0.008680,0.004184,1.261132,-0.025239,1.523746,0.032708,0.009759,-0.016697,-0.170831,0.010426,-0.018635
51.829751,-0.000000,0.000000,-0.000000,-0.196744,-0.008680,0.004184,1.261132,-0.025239,1.523746,0.032708,0.009759,-0.016697,-0.170831,0.010426,-0.018635
52.062365,-0.000000,0.000000,-0.000000,-0.196744,-0.008680,0.004184,1.261132,-0.025239,1.523746,0.032708,0.009759,-0.016697,-0.170831,0.010426,-0.018635
52.330281,-0.000000,0.000000,-0.000000,-0.196744,-0.008680,0.004184,-0.066455,0.015652,0.031731,0.032708,0.009759,-0.016697,0.343332,-0.009418,-0.064449
52.562230,-0.000000,0.000000,-0.000000,-0.196744,-0.008680,0.004184,-0.066455,0.015652,0.031731,0.032708,0.009759,-0.016697,0.343332,-0.009418,-0.064449
52.800597,-0.000000,0.000000,-0.000000,-0.196744,-0.008680,0.004184,-0.066455,0.015652,0.031731,0.032708,0.009759,-0.016697,0.343332,-0.009418,-0.064449
53.039782,-0.000000,0.000000,-0.000000,0.325081,-0.026826,-0.040238,0.465433,0.001953,-0.004687,0.557348,-0.016157,-0.042918,0.355801,-0.009142,-0.070173
53.268808,-0.000000,0.000000,-0.000000,0.325081,-0.026826,-0.040238,0.465433,0.001953,-0.004687,0.557348,-0.016157,-0.042918,0.355801,-0.009142,-0.070173
53.537913,-0.000000,0.000000,-0.000000,0.325081,-0.026826,-0.040238,0.465433,0.001953,-0.004687,0.557348,-0.016157,-0.042918,0.355801,-0.009142,-0.070173
53.787478,-0.000000,0.000000,-0.000000,0.325081,-0.026826,-0.040238,0.465433,0.001953,-0.004687,0.557348,-0.016157,-0.042918,0.355801,-0.009142,-0.070173
54.062646,-0.000000,0.000000,-0.000000,0.325081,-0.026826,-0.040238,0.465433,0.001953,-0.004687,0.557348,-0.016157,-0.042918,0.355801,-0.009142,-0.070173
54.320203,-0.000000,0.000000,-0.000000,0.325081,-0.026826,-0.040238,0.465433,0.001953,-0.004687,0.557348,-0.016157,-0.042918,0.355801,-0.009142,-0.070173
54.558466,-0.000000,0.000000,-0.000000,0.325081,-0.026826,-0.040238,0.465433,0.001953,-0.004687,0.557348,-0.016157,-0.042918,0.355801,-0.009142,-0.070173
54.798401,-0.000000,0.000000,-0.000000,0.325081,-0.026826,-0.040238,0.465433,0.001953,-0.004687,0.557348,-0.016157,-0.042918,0.355801,-0.009142,-0.070173
55.056186,-0.000000,0.000000,-0.000000,0.325081,-0.026826,-0.040238,0.465433,0.001953,-0.004687,0.557348,-0.016157,-0.042918,0.355801,-0.009142,-0.070173
55.295161,-0.000000,0.000000,-0.000000,0.325081,-0.026826,-0.040238,0.465433,0.001953,-0.004687,0.557348,-0.016157,-0.042918,0.355801,-0.009142,-0.070173
55.535209,-0.000000,0.000000,-0.000000,0.325081,-0.026826,-0.040238,0.465433,0.001953,-0.004687,0.557348,-0.016157,-0.042918,0.355801,-0.009142,-0.070173
55.775011,-0.000000,0.000000,-0.000000,0.325081,-0.026826,-0.040238,0.465433,0.001953,-0.004687,0.557348,-0.016157,-0.042918,0.355801,-0.009142,-0.070173
56.023442,-0.000000,0.000000,-0.000000,0.325081,-0.026826,-0.040238,0.465433,0.001953,-0.004687,0.557348,-0.016157,-0.042918,0.355801,-0.009142,-0.070173
56.273902,-0.000000,0.000000,-0.000000,0.325081,-0.026826,-0.040238,0.465433,0.001953,-0.004687,0.557348,-0.016157,-0.042918,0.355801,-0.009142,-0.070173
56.525117,-0.000000,0.000000,-0.000000,0.325081,-0.026826,-0.040238,0.465433,0.001953,-0.004687,0.557348,-0.016157,-0.042918,0.355801,-0.009142,-0.070173
56.775474,-0.000000,0.000000,-0.000000,0.325081,-0.026826,-0.040238,0.465433,0.001953,-0.004687,0.557348,-0.016157,-0.042918,0.355801,-0.009142,-0.070173
57.026277,-0.000000,0.000000,-0.000000,0.325081,-0.026826,-0.040238,0.465433,0.001953,-0.004687,0.557348,-0.016157,-0.042918,0.355801,-0.009142,-0.070173
57.276792,-0.000000,0.000000,-0.000000,0.325081,-0.026826,-0.040238,0.465433,0.001953,-0.004687,0.557348,-0.016157,-0.042918,0.355801,-0.009142,-0.070173
57.513167,-0.000000,0.000000,-0.000000,0.325081,-0.026826,-0.040238,0.465433,0.001953,-0.004687,0.557348,-0.016157,-0.042918,0.355801,-0.009142,-0.070173
57.747590,-0.000000,0.000000,-0.000000,0.325081,-0.026826,-0.040238,0.465433,0.001953,-0.004687,0.557348,-0.016157,-0.042918,0.355801,-0.009142,-0.070173
57.998987,-0.000000,0.000000,-0.000000,0.325081,-0.026826,-0.040238,0.465433,0.001953,-0.004687,0.557348,-0.016157,-0.042918,0.355801,-0.009142,-0.070173
58.237823,-0.000000,0.000000,-0.000000,0.325081,-0.026826,-0.040238,0.465433,0.001953,-0.004687,0.557348,-0.016157,-0.042918,0.355801,-0.009142,-0.070173
58.476507,-0.000000,0.000000,-0.000000,0.325081,-0.026826,-0.040238,0.465433,0.001953,-0.004687,0.557348,-0.016157,-0.042918,0.355801,-0.009142,-0.070173
58.734403,-0.000000,0.000000,-0.000000,0.325081,-0.026826,-0.040238,0.465433,0.001953,-0.004687,0.557348,-0.016157,-0.042918,0.355801,-0.009142,-0.070173
58.989265,-0.000000,0.000000,-0.000000,0.325081,-0.026826,-0.040238,0.465433,0.001953,-0.004687,0.557348,-0.016157,-0.042918,0.355801,-0.009142,-0.070173
59.243562,-0.000000,0.000000,-0.000000,0.325081,-0.026826,-0.040238,0.465433,0.001953,-0.004687,0.557348,-0.016157,-0.042918,0.355801,-0.009142,-0.070173
59.517536,-0.000000,0.000000,-0.000000,0.325081,-0.026826,-0.040238,0.465433,0.001953,-0.004687,0.557348,-0.016157,-0.042918,0.355801,-0.009142,-0.070173
59.755439,-0.000000,0.000000,-0.000000,0.325081,-0.026826,-0.040238,0.465433,0.001953,-0.004687,0.557348,-0.016157,-0.042918,0.355801,-0.009142,-0.070173
59.994332,-0.000000,0.000000,-0.000000,0.325081,-0.026826,-0.040238,0.465433,0.001953,-0.004687,0.557348,-0.016157,-0.042918,0.355801,-0.009142,-0.070173
