20-30,Male,Left,Easy
a,0.00,0.00,0.00,b,0.00,0.00,0.00,c,-15.07,-2.91,4.24,d,0.00,0.00,0.00,0.013
a,0.00,0.00,0.00,b,0.00,0.00,0.00,c,-15.07,-2.91,4.24,d,0.00,0.00,0.00,0.028
a,0.00,0.00,0.00,b,0.00,0.00,0.00,c,-15.07,-2.91,4.24,d,0.00,0.00,0.00,0.045
a,0.00,0.00,0.00,b,0.00,0.00,0.00,c,0.00,0.00,0.00,d,0.00,0.00,0.00,0.067
a,0.00,0.00,0.00,b,0.00,0.00,0.00,c,0.00,0.00,0.00,d,0.00,0.00,0.00,0.082
a,0.00,0.00,0.00,b,0.00,0.00,0.00,c,0.00,0.00,0.00,d,0.00,0.00,0.00,0.098
a,0.00,0.00,0.00,b,0.00,0.00,0.00,c,0.00,0.00,0.00,d,0.00,0.00,0.00,0.115
a,0.00,0.00,0.00,b,0.00,0.00,0.00,c,0.00,0.00,0.00,d,0.00,0.00,0.00,0.132
a,0.00,0.00,0.00,b,0.00,0.00,0.00,c,0.00,0.00,0.00,d,0.00,0.00,0.00,0.148
a,0.00,0.00,0.00,b,0.00,0.00,0.00,c,0.00,0.00,0.00,d,0.00,0.00,0.00,0.165
a,0.00,0.00,0.00,b,0.00,0.00,0.00,c,0.00,0.00,0.00,d,0.00,0.00,0.00,0.182
a,0.00,0.00,0.00,b,0.00,0.00,0.00,c,0.00,0.00,0.00,d,0.00,0.00,0.00,0.198
a,0.00,0.00,0.00,b,0.00,0.00,0.00,c,0.00,0.00,0.00,d,0.00,0.00,0.00,0.215
a,0.00,0.00,0.00,b,0.00,0.00,0.00,c,0.00,0.00,0.00,d,0.00,0.00,0.00,0.232
a,0.00,0.00,0.00,b,0.00,0.00,0.00,c,0.00,0.00,0.00,d,0.00,0.00,0.00,0.248
a,0.00,0.00,0.00,b,0.00,0.00,0.00,c,0.00,0.00,0.00,d,0.00,0.00,0.00,0.265
a,0.00,0.00,0.00,b,0.00,0.00,0.00,c,0.00,0.00,0.00,d,0.00,0.00,0.00,0.282
a,0.00,0.00,0.00,b,0.00,0.00,0.00,c,0.00,0.00,0.00,d,0.00,0.00,0.00,0.298
a,0.00,0.00,0.00,b,0.00,0.00,0.00,c,0.00,0.00,0.00,d,0.00,0.00,0.00,0.315
a,0.00,0.00,0.00,b,0.00,0.00,0.00,c,0.00,0.00,0.00,d,0.00,0.00,0.00,0.331
a,0.00,0.00,0.00,b,0.00,0.00,0.00,c,0.00,0.00,0.00,d,0.00,0.00,0.00,0.348
a,0.00,0.00,0.00,b,0.00,0.00,0.00,c,0.00,0.00,0.00,d,0.00,0.00,0.00,0.365
a,0.00,0.00,0.00,b,0.00,0.00,0.00,c,0.00,0.00,0.00,d,0.00,0.00,0.00,0.381
a,0.00,0.00,0.00,b,0.00,0.00,0.00,c,0.00,0.00,0.00,d,0.00,0.00,0.00,0.398
a,0.00,0.00,0.00,b,0.00,0.00,0.00,c,0.00,0.00,0.00,d,0.00,0.00,0.00,0.415
a,0.00,0.00,0.00,b,0.00,0.00,0.00,c,0.00,0.00,0.00,d,0.00,0.00,0.00,0.431
a,0.00,0.00,0.00,b,0.00,0.00,0.00,c,0.00,0.00,0.00,d,0.00,0.00,0.00,0.448
a,0.00,0.00,0.00,b,0.00,0.00,0.00,c,0.00,0.00,0.00,d,0.00,0.00,0.00,0.465
a,0.00,0.00,0.00,b,0.00,0.00,0.00,c,0.00,0.00,0.00,d,0.00,0.00,0.00,0.481
a,0.00,0.00,0.00,b,0.00,0.00,0.00,c,0.00,0.00,0.00,d,0.00,0.00,0.00,0.498
a,0.00,0.00,0.00,b,0.00,0.00,0.00,c,0.00,0.00,0.00,d,0.00,0.00,0.00,0.513
a,0.00,0.00,0.00,b,0.00,0.00,0.00,c,0.00,0.00,0.00,d,0.00,0.00,0.00,0.530
a,0.00,0.00,0.00,b,0.00,0.00,0.00,c,0.00,0.00,0.00,d,0.00,0.00,0.00,0.549
a,0.00,0.00,0.00,b,0.00,0.00,0.00,c,0.00,0.00,0.00,d,0.00,0.00,0.00,0.565
a,0.00,0.00,0.00,b,0.00,0.00,0.00,c,0.00,0.00,0.00,d,0.00,0.00,0.00,0.581
a,0.00,0.00,0.00,b,0.00,0.00,0.00,c,0.00,0.00,0.00,d,0.00,0.00,0.00,0.598
a,0.00,0.00,0.00,b,0.00,0.00,0.00,c,0.00,0.00,0.00,d,0.00,0.00,0.00,0.615
a,0.00,0.00,0.00,b,0.00,0.00,0.00,c,0.00,0.00,0.00,d,0.00,0.00,0.00,0.631
a,0.00,0.00,0.00,b,0.00,0.00,0.00,c,0.00,0.00,0.00,d,0.00,0.00,0.00,0.648
a,0.00,0.00,0.00,b,0.00,0.00,0.00,c,0.00,0.00,0.00,d,0.00,0.00,0.00,0.666
a,0.00,0.00,0.00,b,0.00,0.00,0.00,c,0.00,0.00,0.00,d,0.00,0.00,0.00,0.687
a,0.00,0.00,0.00,b,0.00,0.00,0.00,c,0.00,0.00,0.00,d,0.00,0.00,0.00,0.698
a,0.00,0.00,0.00,b,0.00,0.00,0.00,c,0.00,0.00,0.00,d,0.00,0.00,0.00,0.715
a,0.00,0.00,0.00,b,0.00,0.00,0.00,c,0.00,0.00,0.00,d,0.00,0.00,0.00,0.731
a,0.00,0.00,0.00,b,0.00,0.00,0.00,c,0.00,0.00,0.00,d,0.00,0.00,0.00,0.748
a,0.00,0.00,0.00,b,0.00,0.00,0.00,c,0.00,0.00,0.00,d,0.00,0.00,0.00,0.765
a,0.00,0.00,0.00,b,0.00,0.00,0.00,c,0.00,0.00,0.00,d,0.00,0.00,0.00,0.781
a,0.00,0.00,0.00,b,0.00,0.00,0.00,c,0.00,0.00,0.00,d,0.00,0.00,0.00,0.798
a,0.00,0.00,0.00,b,0.00,0.00,0.00,c,0.00,0.00,0.00,d,0.00,0.00,0.00,0.815
a,0.00,0.00,0.00,b,0.00,0.00,0.00,c,0.00,0.00,0.00,d,0.00,0.00,0.00,0.832
a,0.00,0.00,0.00,b,0.00,0.00,0.00,c,0.00,0.00,0.00,d,0.00,0.00,0.00,0.849
a,0.00,0.00,0.00,b,0.00,0.00,0.00,c,0.00,0.00,0.00,d,0.00,0.00,0.00,0.865
a,0.00,0.00,0.00,b,0.00,0.00,0.00,c,0.00,0.00,0.00,d,0.00,0.00,0.00,0.879
a,0.00,0.00,0.00,b,0.00,0.00,0.00,c,0.00,0.00,0.00,d,0.00,0.00,0.00,0.896
a,0.00,0.00,0.00,b,0.00,0.00,0.00,c,0.00,0.00,0.00,d,0.00,0.00,0.00,0.913
a,0.00,0.00,0.00,b,0.00,0.00,0.00,c,0.00,0.00,0.00,d,0.00,0.00,0.00,0.929
a,0.00,0.00,0.00,b,0.00,0.00,0.00,c,0.00,0.00,0.00,d,0.00,0.00,0.00,0.946
a,0.00,0.00,0.00,b,0.00,0.00,0.00,c,0.00,0.00,0.00,d,0.00,0.00,0.00,0.965
a,0.00,0.00,0.00,b,0.00,0.00,0.00,c,0.00,0.00,0.00,d,0.00,0.00,0.00,0.981
a,0.00,0.00,0.00,b,0.00,0.00,0.00,c,0.00,0.00,0.00,d,0.00,0.00,0.00,0.998
a,0.00,0.00,0.00,b,0.00,0.00,0.00,c,0.00,0.00,0.00,d,0.00,0.00,0.00,1.015
a,0.00,0.00,0.00,b,0.00,0.00,0.00,c,0.00,0.00,0.00,d,0.00,0.00,0.00,1.031
a,0.00,0.00,0.00,b,0.00,0.00,0.00,c,0.00,0.00,0.00,d,0.00,0.00,0.00,1.047
a,0.00,0.00,0.00,b,0.00,0.00,0.00,c,0.00,0.00,0.00,d,0.00,0.00,0.00,1.062
a,0.00,0.00,0.00,b,0.00,0.00,0.00,c,0.00,0.00,0.00,d,0.00,0.00,0.00,1.079
a,0.00,0.00,0.00,b,0.00,0.00,0.00,c,0.00,0.00,0.00,d,0.00,0.00,0.00,1.095
a,0.00,0.00,0.00,b,0.00,0.00,0.00,c,0.00,0.00,0.00,d,0.00,0.00,0.00,1.115
a,0.00,0.00,0.00,b,0.00,0.00,0.00,c,0.00,0.00,0.00,d,0.00,0.00,0.00,1.132
a,0.00,0.00,0.00,b,0.00,0.00,0.00,c,0.00,0.00,0.00,d,0.00,0.00,0.00,1.148
a,0.00,0.00,0.00,b,0.00,0.00,0.00,c,0.00,0.00,0.00,d,0.00,0.00,0.00,1.166
a,0.00,0.00,0.00,b,0.00,0.00,0.00,c,0.00,0.00,0.00,d,0.00,0.00,0.00,1.183
a,0.00,0.00,0.00,b,0.00,0.00,0.00,c,0.00,0.00,0.00,d,0.00,0.00,0.00,1.197
a,0.00,0.00,0.00,b,0.00,0.00,0.00,c,0.00,0.00,0.00,d,0.00,0.00,0.00,1.216
a,0.00,0.00,0.00,b,0.00,0.00,0.00,c,0.00,0.00,0.00,d,0.00,0.00,0.00,1.231
a,0.00,0.00,0.00,b,0.00,0.00,0.00,c,0.00,0.00,0.00,d,0.00,0.00,0.00,1.248
a,0.00,0.00,0.00,b,0.00,0.00,0.00,c,0.00,0.00,0.00,d,0.00,0.00,0.00,1.265
a,0.00,0.00,0.00,b,0.00,0.00,0.00,c,0.00,0.00,0.00,d,0.00,0.00,0.00,1.282
a,0.00,0.00,0.00,b,0.00,0.00,0.00,c,0.00,0.00,0.00,d,0.00,0.00,0.00,1.298
a,0.00,0.00,0.00,b,0.00,0.00,0.00,c,0.00,0.00,0.00,d,0.00,0.00,0.00,1.315
a,0.00,0.00,0.00,b,0.00,0.00,0.00,c,0.00,0.00,0.00,d,0.00,0.00,0.00,1.334
a,0.00,0.00,0.00,b,0.00,0.00,0.00,c,0.00,0.00,0.00,d,0.00,0.00,0.00,1.354
a,0.00,0.00,0.00,b,0.00,0.00,0.00,c,0.00,0.00,0.00,d,0.00,0.00,0.00,1.379
a,0.00,0.00,0.00,b,0.00,0.00,0.00,c,0.00,0.00,0.00,d,0.00,0.00,0.00,1.396
a,0.00,0.00,0.00,b,0.00,0.00,0.00,c,0.00,0.00,0.00,d,0.00,0.00,0.00,1.412
a,0.00,0.00,0.00,b,0.00,0.00,0.00,c,0.00,0.00,0.00,d,0.00,0.00,0.00,1.429
a,0.00,0.00,0.00,b,0.00,0.00,0.00,c,0.00,0.00,0.00,d,0.00,0.00,0.00,1.445
a,0.00,0.00,0.00,b,0.00,0.00,0.00,c,0.00,0.00,0.00,d,0.00,0.00,0.00,1.462
a,0.00,0.00,0.00,b,0.00,0.00,0.00,c,0.00,0.00,0.00,d,0.00,0.00,0.00,1.479
a,0.00,0.00,0.00,b,0.00,0.00,0.00,c,0.00,0.00,0.00,d,0.00,0.00,0.00,1.495
a,0.00,0.00,0.00,b,0.00,0.00,0.00,c,0.00,0.00,0.00,d,0.00,0.00,0.00,1.512
a,0.00,0.00,0.00,b,0.00,0.00,0.00,c,0.00,0.00,0.00,d,0.00,0.00,0.00,1.528
a,0.00,0.00,0.00,b,0.00,0.00,0.00,c,0.00,0.00,0.00,d,0.00,0.00,0.00,1.545
a,0.00,0.00,0.00,b,0.00,0.00,0.00,c,0.00,0.00,0.00,d,0.00,0.00,0.00,1.562
a,0.00,0.00,0.00,b,0.00,0.00,0.00,c,0.00,0.00,0.00,d,0.00,0.00,0.00,1.579
a,0.00,0.00,0.00,b,0.00,0.00,0.00,c,0.00,0.00,0.00,d,0.00,0.00,0.00,1.596
a,0.00,0.00,0.00,b,0.00,0.00,0.00,c,0.00,0.00,0.00,d,0.00,0.00,0.00,1.613
a,0.00,0.00,0.00,b,0.00,0.00,0.00,c,0.00,0.00,0.00,d,0.00,0.00,0.00,1.630
a,0.00,0.00,0.00,b,0.00,0.00,0.00,c,0.00,0.00,0.00,d,0.00,0.00,0.00,1.646
a,0.00,0.00,0.00,b,0.00,0.00,0.00,c,0.00,0.00,0.00,d,0.00,0.00,0.00,1.663
a,0.00,0.00,0.00,b,0.00,0.00,0.00,c,0.00,0.00,0.00,d,0.00,0.00,0.00,1.679
a,0.00,0.00,0.00,b,0.00,0.00,0.00,c,0.00,0.00,0.00,d,0.00,0.00,0.00,1.696
a,0.00,0.00,0.00,b,0.00,0.00,0.00,c,0.00,0.00,0.00,d,0.00,0.00,0.00,1.713
a,0.00,0.00,0.00,b,0.00,0.00,0.00,c,0.00,0.00,0.00,d,0.00,0.00,0.00,1.730
a,0.00,0.00,0.00,b,0.00,0.00,0.00,c,0.00,0.00,0.00,d,0.00,0.00,0.00,1.746
a,0.00,0.00,0.00,b,0.00,0.00,0.00,c,0.00,0.00,0.00,d,0.00,0.00,0.00,1.763
a,0.00,0.00,0.00,b,0.00,0.00,0.00,c,0.00,0.00,0.00,d,0.00,0.00,0.00,1.779
a,0.00,0.00,0.00,b,0.00,0.00,0.00,c,0.00,0.00,0.00,d,0.00,0.00,0.00,1.796
a,0.00,0.00,0.00,b,0.00,0.00,0.00,c,0.00,0.00,0.00,d,0.00,0.00,0.00,1.813
a,0.00,0.00,0.00,b,0.00,0.00,0.00,c,0.00,0.00,0.00,d,0.00,0.00,0.00,1.829
a,0.00,0.00,0.00,b,0.00,0.00,0.00,c,0.00,0.00,0.00,d,0.00,0.00,0.00,1.846
a,0.00,0.00,0.00,b,0.00,0.00,0.00,c,0.00,0.00,0.00,d,0.00,0.00,0.00,1.866
a,0.00,0.00,0.00,b,0.00,0.00,0.00,c,0.00,0.00,0.00,d,0.00,0.00,0.00,1.882
a,0.00,0.00,0.00,b,0.00,0.00,0.00,c,0.00,0.00,0.00,d,0.00,0.00,0.00,1.898
a,0.00,0.00,0.00,b,0.00,0.00,0.00,c,0.00,0.00,0.00,d,0.00,0.00,0.00,1.914
a,0.00,0.00,0.00,b,0.00,0.00,0.00,c,0.00,0.00,0.00,d,0.00,0.00,0.00,1.930
a,0.00,0.00,0.00,b,0.00,0.00,0.00,c,0.00,0.00,0.00,d,0.00,0.00,0.00,1.947
a,0.00,0.00,0.00,b,0.00,0.00,0.00,c,0.00,0.00,0.00,d,0.00,0.00,0.00,1.964
a,0.00,0.00,0.00,b,0.00,0.00,0.00,c,0.00,0.00,0.00,d,0.00,0.00,0.00,1.981
a,0.00,0.00,0.00,b,0.00,0.00,0.00,c,0.00,0.00,0.00,d,0.00,0.00,0.00,1.997
a,0.00,0.00,0.00,b,0.00,0.00,0.00,c,0.00,0.00,0.00,d,0.00,0.00,0.00,2.014
a,0.00,0.00,0.00,b,0.00,0.00,0.00,c,0.00,0.00,0.00,d,0.00,0.00,0.00,2.031
a,0.00,0.00,0.00,b,0.00,0.00,0.00,c,0.00,0.00,0.00,d,0.00,0.00,0.00,2.047
a,0.00,0.00,0.00,b,0.00,0.00,0.00,c,0.00,0.00,0.00,d,0.00,0.00,0.00,2.064
a,0.00,0.00,0.00,b,0.00,0.00,0.00,c,0.00,0.00,0.00,d,0.00,0.00,0.00,2.081
a,0.00,0.00,0.00,b,0.00,0.00,0.00,c,0.00,0.00,0.00,d,0.00,0.00,0.00,2.097
a,0.00,0.00,0.00,b,0.00,0.00,0.00,c,0.00,0.00,0.00,d,0.00,0.00,0.00,2.114
a,0.00,0.00,0.00,b,0.00,0.00,0.00,c,0.00,0.00,0.00,d,0.00,0.00,0.00,2.130
a,0.00,0.00,0.00,b,0.00,0.00,0.00,c,0.00,0.00,0.00,d,0.00,0.00,0.00,2.147
a,0.00,0.00,0.00,b,0.00,0.00,0.00,c,0.00,0.00,0.00,d,0.00,0.00,0.00,2.164
a,0.00,0.00,0.00,b,0.00,0.00,0.00,c,0.00,0.00,0.00,d,0.00,0.00,0.00,2.181
a,0.00,0.00,0.00,b,0.00,0.00,0.00,c,0.00,0.00,0.00,d,0.00,0.00,0.00,2.197
a,0.00,0.00,0.00,b,0.00,0.00,0.00,c,0.00,0.00,0.00,d,0.00,0.00,0.00,2.214
a,0.00,0.00,0.00,b,0.00,0.00,0.00,c,0.00,0.00,0.00,d,0.00,0.00,0.00,2.231
a,0.00,0.00,0.00,b,0.00,0.00,0.00,c,0.00,0.00,0.00,d,0.00,0.00,0.00,2.247
a,0.00,0.00,0.00,b,0.00,0.00,0.00,c,0.00,0.00,0.00,d,0.00,0.00,0.00,2.264
a,0.00,0.00,0.00,b,0.00,0.00,0.00,c,0.00,0.00,0.00,d,0.00,0.00,0.00,2.280
a,0.00,0.00,0.00,b,0.00,0.00,0.00,c,0.00,0.00,0.00,d,0.00,0.00,0.00,2.297
a,0.00,0.00,0.00,b,0.00,0.00,0.00,c,0.00,0.00,0.00,d,0.00,0.00,0.00,2.314
a,0.00,0.00,0.00,b,0.00,0.00,0.00,c,0.00,0.00,0.00,d,0.00,0.00,0.00,2.331
a,0.00,0.00,0.00,b,0.00,0.00,0.00,c,0.00,0.00,0.00,d,0.00,0.00,0.00,2.347
a,0.00,0.00,0.00,b,0.00,0.00,0.00,c,0.00,0.00,0.00,d,0.00,0.00,0.00,2.365
a,0.00,0.00,0.00,b,0.00,0.00,0.00,c,0.00,0.00,0.00,d,0.00,0.00,0.00,2.380
a,0.00,0.00,0.00,b,0.00,0.00,0.00,c,0.00,0.00,0.00,d,0.00,0.00,0.00,2.396
a,0.00,0.00,0.00,b,0.00,0.00,0.00,c,0.00,0.00,0.00,d,0.00,0.00,0.00,2.413
a,0.00,0.00,0.00,b,0.00,0.00,0.00,c,0.00,0.00,0.00,d,0.00,0.00,0.00,2.430
a,0.00,0.00,0.00,b,0.00,0.00,0.00,c,0.00,0.00,0.00,d,0.00,0.00,0.00,2.446
a,0.00,0.00,0.00,b,0.00,0.00,0.00,c,0.00,0.00,0.00,d,0.00,0.00,0.00,2.463
a,0.00,0.00,0.00,b,0.00,0.00,0.00,c,0.00,0.00,0.00,d,0.00,0.00,0.00,2.480
a,0.00,0.00,0.00,b,0.00,0.00,0.00,c,0.00,0.00,0.00,d,0.00,0.00,0.00,2.496
a,0.00,0.00,0.00,b,0.00,0.00,0.00,c,0.00,0.00,0.00,d,0.00,0.00,0.00,2.513
a,0.00,0.00,0.00,b,0.00,0.00,0.00,c,0.00,0.00,0.00,d,0.00,0.00,0.00,2.530
a,0.00,0.00,0.00,b,0.00,0.00,0.00,c,0.00,0.00,0.00,d,0.00,0.00,0.00,2.546
a,0.00,0.00,0.00,b,0.00,0.00,0.00,c,0.00,0.00,0.00,d,0.00,0.00,0.00,2.563
a,0.00,0.00,0.00,b,0.00,0.00,0.00,c,0.00,0.00,0.00,d,0.00,0.00,0.00,2.579
a,0.00,0.00,0.00,b,0.00,0.00,0.00,c,0.00,0.00,0.00,d,0.00,0.00,0.00,2.596
a,0.00,0.00,0.00,b,0.00,0.00,0.00,c,0.00,0.00,0.00,d,0.00,0.00,0.00,2.613
a,0.00,0.00,0.00,b,0.00,0.00,0.00,c,0.00,0.00,0.00,d,0.00,0.00,0.00,2.629
a,0.00,0.00,0.00,b,0.00,0.00,0.00,c,0.00,0.00,0.00,d,0.00,0.00,0.00,2.646
a,0.00,0.00,0.00,b,0.00,0.00,0.00,c,0.00,0.00,0.00,d,0.00,0.00,0.00,2.663
a,0.00,0.00,0.00,b,0.00,0.00,0.00,c,0.00,0.00,0.00,d,0.00,0.00,0.00,2.679
a,0.00,0.00,0.00,b,0.00,0.00,0.00,c,0.00,0.00,0.00,d,0.00,0.00,0.00,2.696
a,0.00,0.00,0.00,b,0.00,0.00,0.00,c,0.00,0.00,0.00,d,0.00,0.00,0.00,2.713
a,0.00,0.00,0.00,b,0.00,0.00,0.00,c,0.00,0.00,0.00,d,0.00,0.00,0.00,2.729
a,0.00,0.00,0.00,b,0.00,0.00,0.00,c,0.00,0.00,0.00,d,0.00,0.00,0.00,2.746
a,0.00,0.00,0.00,b,0.00,0.00,0.00,c,0.00,0.00,0.00,d,0.00,0.00,0.00,2.763
a,0.00,0.00,0.00,b,0.00,0.00,0.00,c,0.00,0.00,0.00,d,0.00,0.00,0.00,2.780
a,0.00,0.00,0.00,b,0.00,0.00,0.00,c,0.00,0.00,0.00,d,0.00,0.00,0.00,2.796
a,0.00,0.00,0.00,b,0.00,0.00,0.00,c,0.00,0.00,0.00,d,0.00,0.00,0.00,2.813
a,0.00,0.00,0.00,b,0.00,0.00,0.00,c,0.00,0.00,0.00,d,0.00,0.00,0.00,2.830
a,0.00,0.00,0.00,b,0.00,0.00,0.00,c,0.00,0.00,0.00,d,0.00,0.00,0.00,2.846
a,0.00,0.00,0.00,b,0.00,0.00,0.00,c,0.00,0.00,0.00,d,0.00,0.00,0.00,2.862
a,0.00,0.00,0.00,b,0.00,0.00,0.00,c,0.00,0.00,0.00,d,0.00,0.00,0.00,2.879
a,0.00,0.00,0.00,b,0.00,0.00,0.00,c,0.00,0.00,0.00,d,0.00,0.00,0.00,2.895
a,0.00,0.00,0.00,b,0.00,0.00,0.00,c,0.00,0.00,0.00,d,0.00,0.00,0.00,2.912
a,0.00,0.00,0.00,b,0.00,0.00,0.00,c,0.00,0.00,0.00,d,0.00,0.00,0.00,2.929
a,0.00,0.00,0.00,b,0.00,0.00,0.00,c,0.00,0.00,0.00,d,0.00,0.00,0.00,2.945
a,0.00,0.00,0.00,b,0.00,0.00,0.00,c,0.00,0.00,0.00,d,0.00,0.00,0.00,2.962
a,0.00,0.00,0.00,b,0.00,0.00,0.00,c,0.00,0.00,0.00,d,0.00,0.00,0.00,2.979
a,0.00,0.00,0.00,b,0.00,0.00,0.00,c,0.00,0.00,0.00,d,0.00,0.00,0.00,2.996
a,0.00,0.00,0.00,b,0.00,0.00,0.00,c,0.00,0.00,0.00,d,0.00,0.00,0.00,3.012
a,0.00,0.00,0.00,b,0.00,0.00,0.00,c,0.00,0.00,0.00,d,0.00,0.00,0.00,3.029
a,0.00,0.00,0.00,b,0.00,0.00,0.00,c,0.00,0.00,0.00,d,0.00,0.00,0.00,3.045
a,0.00,0.00,0.00,b,0.00,0.00,0.00,c,0.00,0.00,0.00,d,0.00,0.00,0.00,3.062
a,0.00,0.00,0.00,b,0.00,0.00,0.00,c,0.00,0.00,0.00,d,0.00,0.00,0.00,3.079
a,0.00,0.00,0.00,b,0.00,0.00,0.00,c,0.00,0.00,0.00,d,0.00,0.00,0.00,3.096
a,0.00,0.00,0.00,b,0.00,0.00,0.00,c,0.00,0.00,0.00,d,0.00,0.00,0.00,3.112
a,0.00,0.00,0.00,b,0.00,0.00,0.00,c,0.00,0.00,0.00,d,0.00,0.00,0.00,3.129
a,0.00,0.00,0.00,b,0.00,0.00,0.00,c,0.00,0.00,0.00,d,0.00,0.00,0.00,3.146
a,0.00,0.00,0.00,b,0.00,0.00,0.00,c,0.00,0.00,0.00,d,0.00,0.00,0.00,3.162
a,0.00,0.00,0.00,b,0.00,0.00,0.00,c,0.00,0.00,0.00,d,0.00,0.00,0.00,3.179
a,0.00,0.00,0.00,b,0.00,0.00,0.00,c,0.00,0.00,0.00,d,0.00,0.00,0.00,3.195
a,0.00,0.00,0.00,b,0.00,0.00,0.00,c,0.00,0.00,0.00,d,0.00,0.00,0.00,3.212
a,0.00,0.00,0.00,b,0.00,0.00,0.00,c,0.00,0.00,0.00,d,0.00,0.00,0.00,3.229
a,0.00,0.00,0.00,b,0.00,0.00,0.00,c,0.00,0.00,0.00,d,0.00,0.00,0.00,3.245
a,0.00,0.00,0.00,b,0.00,0.00,0.00,c,0.00,0.00,0.00,d,0.00,0.00,0.00,3.262
a,0.00,0.00,0.00,b,0.00,0.00,0.00,c,0.00,0.00,0.00,d,0.00,0.00,0.00,3.282
a,0.00,0.00,0.00,b,0.00,0.00,0.00,c,0.00,0.00,0.00,d,0.00,0.00,0.00,3.298
a,0.00,0.00,0.00,b,0.00,0.00,0.00,c,0.00,0.00,0.00,d,0.00,0.00,0.00,3.314
a,0.00,0.00,0.00,b,0.00,0.00,0.00,c,0.00,0.00,0.00,d,0.00,0.00,0.00,3.331
a,0.00,0.00,0.00,b,0.00,0.00,0.00,c,0.00,0.00,0.00,d,0.00,0.00,0.00,3.348
a,0.00,0.00,0.00,b,0.00,0.00,0.00,c,0.00,0.00,0.00,d,0.00,0.00,0.00,3.370
a,0.00,0.00,0.00,b,0.00,0.00,0.00,c,0.00,0.00,0.00,d,0.00,0.00,0.00,3.383
a,0.00,0.00,0.00,b,0.00,0.00,0.00,c,0.00,0.00,0.00,d,0.00,0.00,0.00,3.396
a,0.00,0.00,0.00,b,0.00,0.00,0.00,c,0.00,0.00,0.00,d,0.00,0.00,0.00,3.413
a,0.00,0.00,0.00,b,0.00,0.00,0.00,c,0.00,0.00,0.00,d,0.00,0.00,0.00,3.431
a,0.00,0.00,0.00,b,0.00,0.00,0.00,c,0.00,0.00,0.00,d,0.00,0.00,0.00,3.448
a,0.00,0.00,0.00,b,0.00,0.00,0.00,c,0.00,0.00,0.00,d,0.00,0.00,0.00,3.464
a,0.00,0.00,0.00,b,0.00,0.00,0.00,c,0.00,0.00,0.00,d,0.00,0.00,0.00,3.481
a,0.00,0.00,0.00,b,0.00,0.00,0.00,c,0.00,0.00,0.00,d,0.00,0.00,0.00,3.498
a,0.00,0.00,0.00,b,0.00,0.00,0.00,c,0.00,0.00,0.00,d,0.00,0.00,0.00,3.515
a,0.00,0.00,0.00,b,0.00,0.00,0.00,c,0.00,0.00,0.00,d,0.00,0.00,0.00,3.538
a,0.00,0.00,0.00,b,0.00,0.00,0.00,c,0.00,0.00,0.00,d,0.00,0.00,0.00,3.546
a,0.00,0.00,0.00,b,0.00,0.00,0.00,c,0.00,0.00,0.00,d,0.00,0.00,0.00,3.563
a,0.00,0.00,0.00,b,0.00,0.00,0.00,c,0.00,0.00,0.00,d,0.00,0.00,0.00,3.580
a,0.00,0.00,0.00,b,0.00,0.00,0.00,c,0.00,0.00,0.00,d,0.00,0.00,0.00,3.596
a,0.00,0.00,0.00,b,0.00,0.00,0.00,c,0.00,0.00,0.00,d,0.00,0.00,0.00,3.613
a,0.00,0.00,0.00,b,0.00,0.00,0.00,c,0.00,0.00,0.00,d,0.00,0.00,0.00,3.630
a,0.00,0.00,0.00,b,0.00,0.00,0.00,c,0.00,0.00,0.00,d,0.00,0.00,0.00,3.646
a,0.00,0.00,0.00,b,0.00,0.00,0.00,c,0.00,0.00,0.00,d,0.00,0.00,0.00,3.663
a,0.00,0.00,0.00,b,0.00,0.00,0.00,c,0.00,0.00,0.00,d,0.00,0.00,0.00,3.680
a,0.00,0.00,0.00,b,0.00,0.00,0.00,c,0.00,0.00,0.00,d,0.00,0.00,0.00,3.696
a,0.00,0.00,0.00,b,0.00,0.00,0.00,c,0.00,0.00,0.00,d,0.00,0.00,0.00,3.713
a,0.00,0.00,0.00,b,0.00,0.00,0.00,c,0.00,0.00,0.00,d,0.00,0.00,0.00,3.729
a,0.00,0.00,0.00,b,0.00,0.00,0.00,c,0.00,0.00,0.00,d,0.00,0.00,0.00,3.745
a,0.00,0.00,0.00,b,0.00,0.00,0.00,c,0.00,0.00,0.00,d,0.00,0.00,0.00,3.762
a,0.00,0.00,0.00,b,0.00,0.00,0.00,c,0.00,0.00,0.00,d,0.00,0.00,0.00,3.779
a,0.00,0.00,0.00,b,0.00,0.00,0.00,c,0.00,0.00,0.00,d,0.00,0.00,0.00,3.795
a,0.00,0.00,0.00,b,0.00,0.00,0.00,c,0.00,0.00,0.00,d,0.00,0.00,0.00,3.812
a,0.00,0.00,0.00,b,0.00,0.00,0.00,c,0.00,0.00,0.00,d,0.00,0.00,0.00,3.829
a,0.00,0.00,0.00,b,0.00,0.00,0.00,c,0.00,0.00,0.00,d,0.00,0.00,0.00,3.845
a,0.00,0.00,0.00,b,0.00,0.00,0.00,c,0.00,0.00,0.00,d,0.00,0.00,0.00,3.862
a,0.00,0.00,0.00,b,0.00,0.00,0.00,c,0.00,0.00,0.00,d,0.00,0.00,0.00,3.878
a,0.00,0.00,0.00,b,0.00,0.00,0.00,c,0.00,0.00,0.00,d,0.00,0.00,0.00,3.895
a,0.00,0.00,0.00,b,0.00,0.00,0.00,c,0.00,0.00,0.00,d,0.00,0.00,0.00,3.912
a,0.00,0.00,0.00,b,0.00,0.00,0.00,c,0.00,0.00,0.00,d,0.00,0.00,0.00,3.929
a,0.00,0.00,0.00,b,0.00,0.00,0.00,c,0.00,0.00,0.00,d,0.00,0.00,0.00,3.946
a,0.00,0.00,0.00,b,0.00,0.00,0.00,c,0.00,0.00,0.00,d,0.00,0.00,0.00,3.966
a,0.00,0.00,0.00,b,0.00,0.00,0.00,c,0.00,0.00,0.00,d,0.00,0.00,0.00,3.983
a,0.00,0.00,0.00,b,0.00,0.00,0.00,c,0.00,0.00,0.00,d,0.00,0.00,0.00,3.999
a,0.00,0.00,0.00,b,0.00,0.00,0.00,c,0.00,0.00,0.00,d,0.00,0.00,0.00,4.016
a,0.00,0.00,0.00,b,0.00,0.00,0.00,c,0.00,0.00,0.00,d,0.00,0.00,0.00,4.043
a,0.00,0.00,0.00,b,0.00,0.00,0.00,c,0.00,0.00,0.00,d,0.00,0.00,0.00,4.063
a,0.00,0.00,0.00,b,0.00,0.00,0.00,c,0.00,0.00,0.00,d,0.00,0.00,0.00,4.082
a,0.00,0.00,0.00,b,0.00,0.00,0.00,c,0.00,0.00,0.00,d,0.00,0.00,0.00,4.099
a,0.00,0.00,0.00,b,0.00,0.00,0.00,c,0.00,0.00,0.00,d,0.00,0.00,0.00,4.116
a,0.00,0.00,0.00,b,0.00,0.00,0.00,c,0.00,0.00,0.00,d,0.00,0.00,0.00,4.133
a,0.00,0.00,0.00,b,0.00,0.00,0.00,c,0.00,0.00,0.00,d,0.00,0.00,0.00,4.147
a,0.00,0.00,0.00,b,0.00,0.00,0.00,c,0.00,0.00,0.00,d,0.00,0.00,0.00,4.163
a,0.00,0.00,0.00,b,0.00,0.00,0.00,c,0.00,0.00,0.00,d,0.00,0.00,0.00,4.180
a,0.00,0.00,0.00,b,0.00,0.00,0.00,c,0.00,0.00,0.00,d,0.00,0.00,0.00,4.197
a,0.00,0.00,0.00,b,0.00,0.00,0.00,c,0.00,0.00,0.00,d,0.00,0.00,0.00,4.214
a,0.00,0.00,0.00,b,0.00,0.00,0.00,c,0.00,0.00,0.00,d,0.00,0.00,0.00,4.232
a,0.00,0.00,0.00,b,0.00,0.00,0.00,c,0.00,0.00,0.00,d,0.00,0.00,0.00,4.249
a,0.00,0.00,0.00,b,0.00,0.00,0.00,c,0.00,0.00,0.00,d,0.00,0.00,0.00,4.266
a,0.00,0.00,0.00,b,0.00,0.00,0.00,c,0.00,0.00,0.00,d,0.00,0.00,0.00,4.283
a,0.00,0.00,0.00,b,0.00,0.00,0.00,c,0.00,0.00,0.00,d,0.00,0.00,0.00,4.300
a,0.00,0.00,0.00,b,0.00,0.00,0.00,c,0.00,0.00,0.00,d,0.00,0.00,0.00,4.317
a,0.00,0.00,0.00,b,0.00,0.00,0.00,c,0.00,0.00,0.00,d,0.00,0.00,0.00,4.333
a,0.00,0.00,0.00,b,0.00,0.00,0.00,c,0.00,0.00,0.00,d,0.00,0.00,0.00,4.349
a,0.00,0.00,0.00,b,0.00,0.00,0.00,c,0.00,0.00,0.00,d,0.00,0.00,0.00,4.366
a,0.00,0.00,0.00,b,0.00,0.00,0.00,c,0.00,0.00,0.00,d,0.00,0.00,0.00,4.400
a,-0.02,1.15,0.05,b,0.00,0.00,0.00,c,0.05,1.14,0.15,d,0.00,0.00,0.00,4.414
a,-0.02,1.15,0.05,b,0.00,0.00,0.00,c,0.05,1.14,0.15,d,0.00,0.00,0.00,4.430
a,-0.02,1.15,0.05,b,0.00,0.00,0.00,c,0.10,2.27,0.30,d,0.00,0.00,0.00,4.447
a,-0.04,2.31,0.09,b,0.00,0.00,0.00,c,0.10,2.27,0.30,d,0.00,0.00,0.00,4.464
a,-0.09,4.62,0.19,b,0.00,0.00,0.00,c,0.15,3.41,0.44,d,0.00,0.00,0.00,4.481
a,-0.09,4.62,0.19,b,0.00,0.00,0.00,c,0.15,3.41,0.44,d,0.00,0.00,0.00,4.497
a,-0.09,4.62,0.19,b,0.00,0.00,0.00,c,0.21,4.54,0.59,d,0.00,0.00,0.00,4.514
a,-0.10,5.77,0.24,b,0.00,0.00,0.00,c,0.17,5.83,0.40,d,0.00,0.00,0.00,4.530
a,-0.10,5.77,0.24,b,0.00,0.00,0.00,c,0.23,6.97,0.26,d,0.00,0.00,0.00,4.547
a,0.15,10.30,2.72,b,0.00,0.00,0.00,c,1.34,9.37,1.23,d,0.00,0.00,0.00,4.562
a,0.15,10.30,2.72,b,0.00,0.00,0.00,c,1.34,9.37,1.23,d,0.00,0.00,0.00,4.579
a,-0.01,11.50,1.63,b,0.00,0.00,0.00,c,1.43,11.63,0.96,d,0.00,0.00,0.00,4.596
a,-0.01,12.65,1.68,b,0.00,0.00,0.00,c,1.52,12.69,0.36,d,0.00,0.00,0.00,4.612
a,-0.01,13.80,1.72,b,0.00,0.00,0.00,c,1.65,14.96,0.61,d,0.00,0.00,0.00,4.629
a,-0.01,16.10,1.82,b,0.00,0.00,0.00,c,1.72,16.10,0.73,d,0.00,0.00,0.00,4.646
a,-1.14,17.23,2.09,b,0.00,0.00,0.00,c,0.67,17.26,1.06,d,0.00,0.00,0.00,4.662
a,-1.13,18.37,2.15,b,0.00,0.00,0.00,c,0.75,18.39,1.19,d,0.00,0.00,0.00,4.679
a,-1.11,20.65,2.27,b,0.00,0.00,0.00,c,0.92,20.63,1.45,d,0.00,0.00,0.00,4.695
a,-1.14,24.23,2.45,b,0.00,0.00,0.00,c,1.06,24.18,1.92,d,0.00,0.00,0.00,4.713
a,-1.14,24.23,2.45,b,0.00,0.00,0.00,c,1.06,24.18,1.92,d,0.00,0.00,0.00,4.729
a,-0.03,28.99,2.35,b,0.00,0.00,0.00,c,1.33,28.87,2.49,d,0.00,0.00,0.00,4.746
a,-0.02,30.11,2.40,b,0.00,0.00,0.00,c,1.44,29.98,2.61,d,0.00,0.00,0.00,4.762
a,-0.02,33.75,2.55,b,0.00,0.00,0.00,c,1.54,32.47,2.94,d,0.00,0.00,0.00,4.779
a,0.02,35.98,2.64,b,0.00,0.00,0.00,c,1.65,33.57,3.04,d,0.00,0.00,0.00,4.796
a,0.03,37.09,2.69,b,0.00,0.00,0.00,c,2.48,36.25,1.90,d,0.00,0.00,0.00,4.812
a,0.03,39.62,2.79,b,0.00,0.00,0.00,c,1.50,37.35,2.39,d,0.00,0.00,0.00,4.829
a,0.03,42.17,2.90,b,0.00,0.00,0.00,c,2.92,42.03,2.48,d,0.00,0.00,0.00,4.846
a,0.06,45.82,3.05,b,0.00,0.00,0.00,c,3.29,46.68,2.92,d,0.00,0.00,0.00,4.863
a,0.06,45.82,3.05,b,0.00,0.00,0.00,c,3.29,46.68,2.92,d,0.00,0.00,0.00,4.879
a,0.68,51.99,4.31,b,0.00,0.00,0.00,c,2.98,50.90,2.36,d,0.00,0.00,0.00,4.895
a,0.68,51.99,4.31,b,0.00,0.00,0.00,c,2.98,50.90,2.36,d,0.00,0.00,0.00,4.912
a,0.68,51.99,4.31,b,0.00,0.00,0.00,c,3.14,53.45,2.63,d,0.00,0.00,0.00,4.929
a,0.76,55.62,4.43,b,0.00,0.00,0.00,c,3.31,56.00,2.89,d,0.00,0.00,0.00,4.946
a,0.81,58.19,4.52,b,0.00,0.00,0.00,c,3.49,58.55,3.15,d,0.00,0.00,0.00,4.962
a,0.81,58.19,4.52,b,0.00,0.00,0.00,c,3.61,59.55,3.21,d,0.00,0.00,0.00,4.979
a,0.87,60.77,4.61,b,0.00,0.00,0.00,c,3.81,62.09,3.45,d,0.00,0.00,0.00,4.996
a,0.97,64.34,4.71,b,0.00,0.00,0.00,c,3.97,65.20,3.82,d,0.00,0.00,0.00,5.013
a,0.97,64.34,4.71,b,0.00,0.00,0.00,c,3.97,65.20,3.82,d,0.00,0.00,0.00,5.029
a,1.05,69.07,4.90,b,0.00,0.00,0.00,c,3.53,67.94,3.10,d,0.00,0.00,0.00,5.045
a,1.05,69.07,4.90,b,0.00,0.00,0.00,c,4.53,69.56,2.60,d,0.00,0.00,0.00,5.062
a,1.09,70.05,4.91,b,0.00,0.00,0.00,c,4.66,70.52,2.65,d,0.00,0.00,0.00,5.079
a,1.12,71.65,4.97,b,0.00,0.00,0.00,c,4.66,70.52,2.65,d,0.00,0.00,0.00,5.095
a,1.16,72.61,4.99,b,0.00,0.00,0.00,c,4.74,72.10,2.81,d,0.00,0.00,0.00,5.112
a,1.16,72.61,4.99,b,0.00,0.00,0.00,c,4.74,72.10,2.81,d,0.00,0.00,0.00,5.129
a,1.15,73.25,5.03,b,0.00,0.00,0.00,c,4.86,73.04,2.85,d,0.00,0.00,0.00,5.146
a,1.93,74.13,5.93,b,0.00,0.00,0.00,c,4.94,74.62,3.01,d,0.00,0.00,0.00,5.162
a,1.93,74.13,5.93,b,0.00,0.00,0.00,c,4.94,74.62,3.01,d,0.00,0.00,0.00,5.179
a,1.98,75.74,5.98,b,0.00,0.00,0.00,c,5.04,76.21,3.16,d,0.00,0.00,0.00,5.196
a,2.03,76.68,5.98,b,0.00,0.00,0.00,c,5.04,76.21,3.16,d,0.00,0.00,0.00,5.213
a,2.07,78.28,6.03,b,0.00,0.00,0.00,c,5.16,77.12,3.19,d,0.00,0.00,0.00,5.229
a,2.07,78.28,6.03,b,0.00,0.00,0.00,c,5.13,77.80,3.32,d,0.00,0.00,0.00,5.246
a,2.13,79.89,6.07,b,0.00,0.00,0.00,c,5.26,78.71,3.34,d,0.00,0.00,0.00,5.262
a,2.13,79.89,6.07,b,0.00,0.00,0.00,c,5.23,79.41,3.47,d,0.00,0.00,0.00,5.279
a,2.13,79.89,6.07,b,0.00,0.00,0.00,c,5.36,80.30,3.49,d,0.00,0.00,0.00,5.296
a,2.17,80.80,6.07,b,0.00,0.00,0.00,c,5.36,80.30,3.49,d,0.00,0.00,0.00,5.312
a,2.17,80.80,6.07,b,0.00,0.00,0.00,c,5.36,80.30,3.49,d,0.00,0.00,0.00,5.329
a,3.01,80.83,5.28,b,0.00,0.00,0.00,c,3.74,80.44,3.39,d,0.00,0.00,0.00,5.346
a,3.01,80.83,5.28,b,0.00,0.00,0.00,c,3.74,80.44,3.39,d,0.00,0.00,0.00,5.362
a,3.01,80.83,5.28,b,0.00,0.00,0.00,c,4.60,80.50,2.63,d,0.00,0.00,0.00,5.379
a,3.01,80.83,5.28,b,0.00,0.00,0.00,c,3.74,80.44,3.39,d,0.00,0.00,0.00,5.396
a,2.17,80.80,6.07,b,0.00,0.00,0.00,c,5.36,80.30,3.49,d,0.00,0.00,0.00,5.412
a,2.17,80.80,6.07,b,0.00,0.00,0.00,c,5.36,80.30,3.49,d,0.00,0.00,0.00,5.429
a,2.17,80.80,6.07,b,0.00,0.00,0.00,c,5.36,80.30,3.49,d,0.00,0.00,0.00,5.446
a,2.17,80.80,6.07,b,0.00,0.00,0.00,c,6.12,80.09,4.36,d,0.00,0.00,0.00,5.463
a,2.17,80.80,6.07,b,0.00,0.00,0.00,c,6.12,80.09,4.36,d,0.00,0.00,0.00,5.479
a,2.17,80.80,6.07,b,0.00,0.00,0.00,c,6.12,80.09,4.36,d,0.00,0.00,0.00,5.496
a,2.17,80.80,6.07,b,0.00,0.00,0.00,c,6.12,80.09,4.36,d,0.00,0.00,0.00,5.513
a,2.17,80.80,6.07,b,0.00,0.00,0.00,c,6.87,79.86,5.22,d,0.00,0.00,0.00,5.529
a,2.17,80.80,6.07,b,0.00,0.00,0.00,c,6.87,79.86,5.22,d,0.00,0.00,0.00,5.545
a,2.17,80.80,6.07,b,0.00,0.00,0.00,c,6.87,79.86,5.22,d,0.00,0.00,0.00,5.562
a,2.17,80.80,6.07,b,0.00,0.00,0.00,c,7.73,79.94,4.47,d,0.00,0.00,0.00,5.579
a,2.17,80.80,6.07,b,0.00,0.00,0.00,c,8.48,79.70,5.34,d,0.00,0.00,0.00,5.595
a,2.17,80.80,6.07,b,0.00,0.00,0.00,c,8.48,79.70,5.34,d,0.00,0.00,0.00,5.612
a,2.17,80.80,6.07,b,0.00,0.00,0.00,c,8.48,79.70,5.34,d,0.00,0.00,0.00,5.629
a,2.17,80.80,6.07,b,0.00,0.00,0.00,c,8.48,79.70,5.34,d,0.00,0.00,0.00,5.645
a,2.17,80.80,6.07,b,0.00,0.00,0.00,c,8.48,79.70,5.34,d,0.00,0.00,0.00,5.662
a,2.17,80.80,6.07,b,0.00,0.00,0.00,c,9.23,79.45,6.22,d,0.00,0.00,0.00,5.679
a,2.17,80.80,6.07,b,0.00,0.00,0.00,c,9.23,79.45,6.22,d,0.00,0.00,0.00,5.695
a,2.17,80.80,6.07,b,0.00,0.00,0.00,c,9.23,79.45,6.22,d,0.00,0.00,0.00,5.712
a,2.17,80.80,6.07,b,0.00,0.00,0.00,c,9.23,79.45,6.22,d,0.00,0.00,0.00,5.729
a,2.17,80.80,6.07,b,0.00,0.00,0.00,c,9.98,79.18,7.10,d,0.00,0.00,0.00,5.745
a,2.17,80.80,6.07,b,0.00,0.00,0.00,c,9.98,79.18,7.10,d,0.00,0.00,0.00,5.762
a,2.17,80.80,6.07,b,0.00,0.00,0.00,c,9.98,79.18,7.10,d,0.00,0.00,0.00,5.779
a,2.17,80.80,6.07,b,0.00,0.00,0.00,c,10.71,78.91,7.99,d,0.00,0.00,0.00,5.795
a,2.17,80.80,6.07,b,0.00,0.00,0.00,c,10.71,78.91,7.99,d,0.00,0.00,0.00,5.812
a,2.17,80.80,6.07,b,0.00,0.00,0.00,c,10.71,78.91,7.99,d,0.00,0.00,0.00,5.829
a,2.17,80.80,6.07,b,0.00,0.00,0.00,c,10.71,78.91,7.99,d,0.00,0.00,0.00,5.845
a,2.96,80.72,6.90,b,0.00,0.00,0.00,c,10.71,78.91,7.99,d,0.00,0.00,0.00,5.862
a,2.96,80.72,6.90,b,0.00,0.00,0.00,c,10.71,78.91,7.99,d,0.00,0.00,0.00,5.879
a,2.96,80.72,6.90,b,0.00,0.00,0.00,c,10.71,78.91,7.99,d,0.00,0.00,0.00,5.895
a,2.96,80.72,6.90,b,0.00,0.00,0.00,c,11.45,78.62,8.88,d,0.00,0.00,0.00,5.912
a,2.96,80.72,6.90,b,0.00,0.00,0.00,c,11.45,78.62,8.88,d,0.00,0.00,0.00,5.928
a,2.96,80.72,6.90,b,0.00,0.00,0.00,c,11.45,78.62,8.88,d,0.00,0.00,0.00,5.945
a,2.96,80.72,6.90,b,0.00,0.00,0.00,c,11.45,78.62,8.88,d,0.00,0.00,0.00,5.962
a,2.96,80.72,6.90,b,0.00,0.00,0.00,c,11.45,78.62,8.88,d,0.00,0.00,0.00,5.979
a,2.96,80.72,6.90,b,0.00,0.00,0.00,c,11.45,78.62,8.88,d,0.00,0.00,0.00,5.995
a,2.96,80.72,6.90,b,0.00,0.00,0.00,c,12.33,78.69,8.14,d,0.00,0.00,0.00,6.012
a,2.96,80.72,6.90,b,0.00,0.00,0.00,c,12.33,78.69,8.14,d,0.00,0.00,0.00,6.028
a,2.96,80.72,6.90,b,0.00,0.00,0.00,c,12.33,78.69,8.14,d,0.00,0.00,0.00,6.045
a,2.96,80.72,6.90,b,0.00,0.00,0.00,c,12.21,77.78,8.19,d,0.00,0.00,0.00,6.065
a,2.96,80.72,6.90,b,0.00,0.00,0.00,c,12.21,77.78,8.19,d,0.00,0.00,0.00,6.081
a,2.96,80.72,6.90,b,0.00,0.00,0.00,c,12.21,77.78,8.19,d,0.00,0.00,0.00,6.098
a,2.96,80.72,6.90,b,0.00,0.00,0.00,c,12.21,77.78,8.19,d,0.00,0.00,0.00,6.115
a,2.96,80.72,6.90,b,0.00,0.00,0.00,c,12.21,77.78,8.19,d,0.00,0.00,0.00,6.131
a,2.96,80.72,6.90,b,0.00,0.00,0.00,c,12.21,77.78,8.19,d,0.00,0.00,0.00,6.147
a,2.96,80.72,6.90,b,0.00,0.00,0.00,c,12.21,77.78,8.19,d,0.00,0.00,0.00,6.164
a,2.96,80.72,6.90,b,0.00,0.00,0.00,c,12.21,77.78,8.19,d,0.00,0.00,0.00,6.181
a,2.96,80.72,6.90,b,0.00,0.00,0.00,c,12.93,77.48,9.11,d,0.00,0.00,0.00,6.198
a,2.96,80.72,6.90,b,0.00,0.00,0.00,c,12.93,77.48,9.11,d,0.00,0.00,0.00,6.215
a,2.96,80.72,6.90,b,0.00,0.00,0.00,c,12.93,77.48,9.11,d,0.00,0.00,0.00,6.233
a,2.96,80.72,6.90,b,0.00,0.00,0.00,c,12.93,77.48,9.11,d,0.00,0.00,0.00,6.246
a,2.96,80.72,6.90,b,0.00,0.00,0.00,c,12.93,77.48,9.11,d,0.00,0.00,0.00,6.263
a,2.96,80.72,6.90,b,0.00,0.00,0.00,c,12.93,77.48,9.11,d,0.00,0.00,0.00,6.279
a,2.96,80.72,6.90,b,0.00,0.00,0.00,c,12.93,77.48,9.11,d,0.00,0.00,0.00,6.296
a,2.96,80.72,6.90,b,0.00,0.00,0.00,c,12.93,77.48,9.11,d,0.00,0.00,0.00,6.313
a,2.96,80.72,6.90,b,0.00,0.00,0.00,c,12.93,77.48,9.11,d,0.00,0.00,0.00,6.329
a,2.96,80.72,6.90,b,0.00,0.00,0.00,c,12.93,77.48,9.11,d,0.00,0.00,0.00,6.346
a,2.96,80.72,6.90,b,0.00,0.00,0.00,c,12.93,77.48,9.11,d,0.00,0.00,0.00,6.363
a,2.96,80.72,6.90,b,0.00,0.00,0.00,c,12.93,77.48,9.11,d,0.00,0.00,0.00,6.379
a,2.96,80.72,6.90,b,0.00,0.00,0.00,c,12.93,77.48,9.11,d,0.00,0.00,0.00,6.396
a,2.96,80.72,6.90,b,0.00,0.00,0.00,c,12.93,77.48,9.11,d,0.00,0.00,0.00,6.412
a,2.96,80.72,6.90,b,0.00,0.00,0.00,c,12.93,77.48,9.11,d,0.00,0.00,0.00,6.429
a,2.96,80.72,6.90,b,0.00,0.00,0.00,c,12.93,77.48,9.11,d,0.00,0.00,0.00,6.445
a,2.96,80.72,6.90,b,0.00,0.00,0.00,c,12.93,77.48,9.11,d,0.00,0.00,0.00,6.463
a,2.96,80.72,6.90,b,0.00,0.00,0.00,c,12.93,77.48,9.11,d,0.00,0.00,0.00,6.478
a,2.96,80.72,6.90,b,0.00,0.00,0.00,c,12.93,77.48,9.11,d,0.00,0.00,0.00,6.495
a,2.96,80.72,6.90,b,0.00,0.00,0.00,c,12.93,77.48,9.11,d,0.00,0.00,0.00,6.512
a,2.96,80.72,6.90,b,0.00,0.00,0.00,c,12.93,77.48,9.11,d,0.00,0.00,0.00,6.529
a,2.96,80.72,6.90,b,0.00,0.00,0.00,c,12.93,77.48,9.11,d,0.00,0.00,0.00,6.545
a,2.96,80.72,6.90,b,0.00,0.00,0.00,c,12.93,77.48,9.11,d,0.00,0.00,0.00,6.562
a,2.96,80.72,6.90,b,0.00,0.00,0.00,c,12.93,77.48,9.11,d,0.00,0.00,0.00,6.580
a,2.96,80.72,6.90,b,0.00,0.00,0.00,c,12.93,77.48,9.11,d,0.00,0.00,0.00,6.596
a,2.96,80.72,6.90,b,0.00,0.00,0.00,c,12.93,77.48,9.11,d,0.00,0.00,0.00,6.613
a,2.96,80.72,6.90,b,0.00,0.00,0.00,c,12.93,77.48,9.11,d,0.00,0.00,0.00,6.629
a,2.96,80.72,6.90,b,0.00,0.00,0.00,c,12.93,77.48,9.11,d,0.00,0.00,0.00,6.646
a,2.96,80.72,6.90,b,0.00,0.00,0.00,c,12.93,77.48,9.11,d,0.00,0.00,0.00,6.663
a,2.96,80.72,6.90,b,0.00,0.00,0.00,c,12.93,77.48,9.11,d,0.00,0.00,0.00,6.679
a,2.96,80.72,6.90,b,0.00,0.00,0.00,c,12.93,77.48,9.11,d,0.00,0.00,0.00,6.696
a,2.96,80.72,6.90,b,0.00,0.00,0.00,c,12.93,77.48,9.11,d,0.00,0.00,0.00,6.713
a,2.96,80.72,6.90,b,0.00,0.00,0.00,c,12.93,77.48,9.11,d,0.00,0.00,0.00,6.730
a,2.96,80.72,6.90,b,0.00,0.00,0.00,c,12.93,77.48,9.11,d,0.00,0.00,0.00,6.746
a,2.96,80.72,6.90,b,0.00,0.00,0.00,c,12.93,77.48,9.11,d,0.00,0.00,0.00,6.763
a,2.96,80.72,6.90,b,0.00,0.00,0.00,c,12.93,77.48,9.11,d,0.00,0.00,0.00,6.779
a,2.96,80.72,6.90,b,0.00,0.00,0.00,c,12.93,77.48,9.11,d,0.00,0.00,0.00,6.796
a,2.96,80.72,6.90,b,0.00,0.00,0.00,c,12.93,77.48,9.11,d,0.00,0.00,0.00,6.813
a,2.96,80.72,6.90,b,0.00,0.00,0.00,c,12.93,77.48,9.11,d,0.00,0.00,0.00,6.830
a,2.96,80.72,6.90,b,0.00,0.00,0.00,c,12.93,77.48,9.11,d,0.00,0.00,0.00,6.846
a,2.96,80.72,6.90,b,0.00,0.00,0.00,c,12.93,77.48,9.11,d,0.00,0.00,0.00,6.863
a,2.96,80.72,6.90,b,0.00,0.00,0.00,c,12.93,77.48,9.11,d,0.00,0.00,0.00,6.880
a,2.96,80.72,6.90,b,0.00,0.00,0.00,c,12.93,77.48,9.11,d,0.00,0.00,0.00,6.896
a,2.96,80.72,6.90,b,0.00,0.00,0.00,c,12.93,77.48,9.11,d,0.00,0.00,0.00,6.913
a,2.96,80.72,6.90,b,0.00,0.00,0.00,c,12.93,77.48,9.11,d,0.00,0.00,0.00,6.929
a,2.96,80.72,6.90,b,0.00,0.00,0.00,c,12.93,77.48,9.11,d,0.00,0.00,0.00,6.945
a,3.74,80.63,7.74,b,0.00,0.00,0.00,c,12.93,77.48,9.11,d,0.00,0.00,0.00,6.962
a,3.74,80.63,7.74,b,0.00,0.00,0.00,c,12.93,77.48,9.11,d,0.00,0.00,0.00,6.979
a,3.74,80.63,7.74,b,0.00,0.00,0.00,c,12.93,77.48,9.11,d,0.00,0.00,0.00,6.996
a,3.74,80.63,7.74,b,0.00,0.00,0.00,c,12.93,77.48,9.11,d,0.00,0.00,0.00,7.013
a,3.74,80.63,7.74,b,0.00,0.00,0.00,c,12.04,77.41,9.85,d,0.00,0.00,0.00,7.029
a,3.74,80.63,7.74,b,0.00,0.00,0.00,c,12.04,77.41,9.85,d,0.00,0.00,0.00,7.045
a,3.74,80.63,7.74,b,0.00,0.00,0.00,c,12.04,77.41,9.85,d,0.00,0.00,0.00,7.062
a,3.74,80.63,7.74,b,0.00,0.00,0.00,c,12.04,77.41,9.85,d,0.00,0.00,0.00,7.079
a,3.74,80.63,7.74,b,0.00,0.00,0.00,c,12.04,77.41,9.85,d,0.00,0.00,0.00,7.095
a,3.74,80.63,7.74,b,0.00,0.00,0.00,c,12.93,77.48,9.11,d,0.00,0.00,0.00,7.112
a,3.74,80.63,7.74,b,0.00,0.00,0.00,c,12.93,77.48,9.11,d,0.00,0.00,0.00,7.129
a,3.74,80.63,7.74,b,0.00,0.00,0.00,c,12.93,77.48,9.11,d,0.00,0.00,0.00,7.145
a,2.96,80.72,6.90,b,0.00,0.00,0.00,c,12.93,77.48,9.11,d,0.00,0.00,0.00,7.162
a,2.96,80.72,6.90,b,0.00,0.00,0.00,c,12.93,77.48,9.11,d,0.00,0.00,0.00,7.181
a,2.96,80.72,6.90,b,0.00,0.00,0.00,c,12.93,77.48,9.11,d,0.00,0.00,0.00,7.196
a,2.96,80.72,6.90,b,0.00,0.00,0.00,c,12.93,77.48,9.11,d,0.00,0.00,0.00,7.213
a,2.96,80.72,6.90,b,0.00,0.00,0.00,c,12.93,77.48,9.11,d,0.00,0.00,0.00,7.230
a,2.96,80.72,6.90,b,0.00,0.00,0.00,c,12.93,77.48,9.11,d,0.00,0.00,0.00,7.246
a,2.96,80.72,6.90,b,0.00,0.00,0.00,c,12.93,77.48,9.11,d,0.00,0.00,0.00,7.263
a,2.96,80.72,6.90,b,0.00,0.00,0.00,c,12.93,77.48,9.11,d,0.00,0.00,0.00,7.280
a,2.96,80.72,6.90,b,0.00,0.00,0.00,c,12.93,77.48,9.11,d,0.00,0.00,0.00,7.297
a,2.96,80.72,6.90,b,0.00,0.00,0.00,c,12.93,77.48,9.11,d,0.00,0.00,0.00,7.313
a,2.96,80.72,6.90,b,0.00,0.00,0.00,c,12.93,77.48,9.11,d,0.00,0.00,0.00,7.330
a,2.96,80.72,6.90,b,0.00,0.00,0.00,c,12.93,77.48,9.11,d,0.00,0.00,0.00,7.346
a,2.96,80.72,6.90,b,0.00,0.00,0.00,c,12.93,77.48,9.11,d,0.00,0.00,0.00,7.363
a,2.96,80.72,6.90,b,0.00,0.00,0.00,c,12.93,77.48,9.11,d,0.00,0.00,0.00,7.381
a,2.96,80.72,6.90,b,0.00,0.00,0.00,c,12.93,77.48,9.11,d,0.00,0.00,0.00,7.397
a,2.96,80.72,6.90,b,0.00,0.00,0.00,c,12.93,77.48,9.11,d,0.00,0.00,0.00,7.412
a,2.96,80.72,6.90,b,0.00,0.00,0.00,c,12.93,77.48,9.11,d,0.00,0.00,0.00,7.429
a,2.96,80.72,6.90,b,0.00,0.00,0.00,c,12.93,77.48,9.11,d,0.00,0.00,0.00,7.446
a,2.96,80.72,6.90,b,0.00,0.00,0.00,c,12.93,77.48,9.11,d,0.00,0.00,0.00,7.462
a,2.96,80.72,6.90,b,0.00,0.00,0.00,c,12.93,77.48,9.11,d,0.00,0.00,0.00,7.479
a,2.96,80.72,6.90,b,0.00,0.00,0.00,c,12.93,77.48,9.11,d,0.00,0.00,0.00,7.496
a,2.96,80.72,6.90,b,0.00,0.00,0.00,c,12.93,77.48,9.11,d,0.00,0.00,0.00,7.512
a,2.96,80.72,6.90,b,0.00,0.00,0.00,c,12.93,77.48,9.11,d,0.00,0.00,0.00,7.529
a,2.96,80.72,6.90,b,0.00,0.00,0.00,c,12.93,77.48,9.11,d,0.00,0.00,0.00,7.546
a,2.96,80.72,6.90,b,0.00,0.00,0.00,c,12.93,77.48,9.11,d,0.00,0.00,0.00,7.563
a,2.96,80.72,6.90,b,0.00,0.00,0.00,c,12.93,77.48,9.11,d,0.00,0.00,0.00,7.580
a,2.96,80.72,6.90,b,0.00,0.00,0.00,c,12.93,77.48,9.11,d,0.00,0.00,0.00,7.596
a,2.96,80.72,6.90,b,0.00,0.00,0.00,c,12.93,77.48,9.11,d,0.00,0.00,0.00,7.613
a,2.96,80.72,6.90,b,0.00,0.00,0.00,c,12.93,77.48,9.11,d,0.00,0.00,0.00,7.630
a,2.96,80.72,6.90,b,0.00,0.00,0.00,c,12.93,77.48,9.11,d,0.00,0.00,0.00,7.647
a,2.96,80.72,6.90,b,0.00,0.00,0.00,c,12.93,77.48,9.11,d,0.00,0.00,0.00,7.663
a,2.96,80.72,6.90,b,0.00,0.00,0.00,c,12.93,77.48,9.11,d,0.00,0.00,0.00,7.680
a,2.96,80.72,6.90,b,0.00,0.00,0.00,c,12.93,77.48,9.11,d,0.00,0.00,0.00,7.697
a,2.96,80.72,6.90,b,0.00,0.00,0.00,c,12.93,77.48,9.11,d,0.00,0.00,0.00,7.713
a,2.96,80.72,6.90,b,0.00,0.00,0.00,c,12.93,77.48,9.11,d,0.00,0.00,0.00,7.730
a,2.96,80.72,6.90,b,0.00,0.00,0.00,c,12.93,77.48,9.11,d,0.00,0.00,0.00,7.746
a,2.96,80.72,6.90,b,0.00,0.00,0.00,c,12.93,77.48,9.11,d,0.00,0.00,0.00,7.763
a,2.96,80.72,6.90,b,0.00,0.00,0.00,c,13.66,77.16,10.03,d,0.00,0.00,0.00,7.780
a,2.96,80.72,6.90,b,0.00,0.00,0.00,c,13.66,77.16,10.03,d,0.00,0.00,0.00,7.796
a,2.96,80.72,6.90,b,0.00,0.00,0.00,c,13.66,77.16,10.03,d,0.00,0.00,0.00,7.813
a,2.96,80.72,6.90,b,0.00,0.00,0.00,c,13.66,77.16,10.03,d,0.00,0.00,0.00,7.830
a,2.96,80.72,6.90,b,0.00,0.00,0.00,c,13.66,77.16,10.03,d,0.00,0.00,0.00,7.847
a,2.91,79.81,6.92,b,0.00,0.00,0.00,c,13.66,77.16,10.03,d,0.00,0.00,0.00,7.862
a,2.91,79.81,6.92,b,0.00,0.00,0.00,c,13.66,77.16,10.03,d,0.00,0.00,0.00,7.880
a,2.91,79.81,6.92,b,0.00,0.00,0.00,c,13.58,76.49,9.90,d,0.00,0.00,0.00,7.896
a,2.91,79.81,6.92,b,0.00,0.00,0.00,c,13.58,76.49,9.90,d,0.00,0.00,0.00,7.912
a,2.91,79.81,6.92,b,0.00,0.00,0.00,c,13.45,75.57,9.97,d,0.00,0.00,0.00,7.929
a,2.86,78.88,6.93,b,0.00,0.00,0.00,c,13.45,75.57,9.97,d,0.00,0.00,0.00,7.945
a,2.84,78.20,6.88,b,0.00,0.00,0.00,c,13.45,75.57,9.97,d,0.00,0.00,0.00,7.962
a,2.84,78.20,6.88,b,0.00,0.00,0.00,c,13.25,73.98,9.92,d,0.00,0.00,0.00,7.979
a,2.84,78.20,6.88,b,0.00,0.00,0.00,c,13.25,73.98,9.92,d,0.00,0.00,0.00,7.995
a,2.79,77.26,6.90,b,0.00,0.00,0.00,c,13.25,73.98,9.92,d,0.00,0.00,0.00,8.013
a,2.79,77.26,6.90,b,0.00,0.00,0.00,c,13.25,73.98,9.92,d,0.00,0.00,0.00,8.030
a,2.73,75.65,6.86,b,0.00,0.00,0.00,c,13.05,72.39,9.86,d,0.00,0.00,0.00,8.047
a,2.73,75.65,6.86,b,0.00,0.00,0.00,c,12.92,71.45,9.92,d,0.00,0.00,0.00,8.063
a,2.67,74.05,6.82,b,0.00,0.00,0.00,c,12.92,71.45,9.92,d,0.00,0.00,0.00,8.082
a,2.67,74.05,6.82,b,0.00,0.00,0.00,c,12.85,70.82,9.79,d,0.00,0.00,0.00,8.098
a,2.62,73.09,6.83,b,0.00,0.00,0.00,c,12.72,69.87,9.85,d,0.00,0.00,0.00,8.115
a,2.56,71.49,6.78,b,0.00,0.00,0.00,c,12.39,67.33,9.84,d,0.00,0.00,0.00,8.132
a,2.56,71.49,6.78,b,0.00,0.00,0.00,c,12.39,67.33,9.84,d,0.00,0.00,0.00,8.148
a,2.50,69.90,6.74,b,0.00,0.00,0.00,c,12.20,65.76,9.75,d,0.00,0.00,0.00,8.165
a,2.39,67.34,6.69,b,0.00,0.00,0.00,c,12.01,64.21,9.66,d,0.00,0.00,0.00,8.181
a,2.34,65.76,6.65,b,0.00,0.00,0.00,c,11.87,63.22,9.71,d,0.00,0.00,0.00,8.198
a,2.34,65.76,6.65,b,0.00,0.00,0.00,c,11.82,62.66,9.57,d,0.00,0.00,0.00,8.216
a,2.28,64.76,6.65,b,0.00,0.00,0.00,c,11.54,60.67,9.65,d,0.00,0.00,0.00,8.239
a,2.18,62.18,6.59,b,0.00,0.00,0.00,c,11.21,58.12,9.58,d,0.00,0.00,0.00,8.264
a,2.08,59.08,6.49,b,0.00,0.00,0.00,c,11.04,56.59,9.46,d,0.00,0.00,0.00,8.282
a,2.08,59.08,6.49,b,0.00,0.00,0.00,c,11.04,56.59,9.46,d,0.00,0.00,0.00,8.298
a,1.93,55.48,6.42,b,0.00,0.00,0.00,c,10.55,52.54,9.24,d,0.00,0.00,0.00,8.316
a,1.88,54.43,6.41,b,0.00,0.00,0.00,c,10.40,51.50,9.26,d,0.00,0.00,0.00,8.332
a,1.84,52.91,6.35,b,0.00,0.00,0.00,c,10.24,50.01,9.13,d,0.00,0.00,0.00,8.348
a,1.75,50.34,6.28,b,0.00,0.00,0.00,c,9.94,47.49,9.00,d,0.00,0.00,0.00,8.365
a,1.75,50.34,6.28,b,0.00,0.00,0.00,c,9.94,47.49,9.00,d,0.00,0.00,0.00,8.382
a,1.12,48.28,5.22,b,0.00,0.00,0.00,c,10.69,44.95,8.40,d,0.00,0.00,0.00,8.398
a,1.12,48.28,5.22,b,0.00,0.00,0.00,c,10.69,44.95,8.40,d,0.00,0.00,0.00,8.421
a,1.06,45.71,5.13,b,0.00,0.00,0.00,c,10.84,42.53,9.50,d,0.00,0.00,0.00,8.446
a,1.06,45.71,5.13,b,0.00,0.00,0.00,c,10.69,41.09,9.36,d,0.00,0.00,0.00,8.465
a,1.01,43.15,5.04,b,0.00,0.00,0.00,c,10.54,40.01,9.36,d,0.00,0.00,0.00,8.482
a,1.01,43.15,5.04,b,0.00,0.00,0.00,c,9.99,39.22,8.27,d,0.00,0.00,0.00,8.498
a,0.92,39.51,4.92,b,0.00,0.00,0.00,c,9.86,37.80,8.12,d,0.00,0.00,0.00,8.515
a,0.92,39.51,4.92,b,0.00,0.00,0.00,c,9.72,36.71,8.11,d,0.00,0.00,0.00,8.532
a,0.88,38.40,4.89,b,0.00,0.00,0.00,c,9.80,34.24,9.19,d,0.00,0.00,0.00,8.548
a,0.88,38.40,4.89,b,0.00,0.00,0.00,c,9.80,34.24,9.19,d,0.00,0.00,0.00,8.565
a,0.83,35.87,4.79,b,0.00,0.00,0.00,c,9.51,31.75,9.01,d,0.00,0.00,0.00,8.582
a,0.76,33.64,4.73,b,0.00,0.00,0.00,c,9.37,30.65,8.99,d,0.00,0.00,0.00,8.606
a,0.76,32.25,4.66,b,0.00,0.00,0.00,c,9.10,28.18,8.79,d,0.00,0.00,0.00,8.630
a,0.72,31.13,4.63,b,0.00,0.00,0.00,c,8.95,27.08,8.76,d,0.00,0.00,0.00,8.647
a,0.66,28.88,4.56,b,0.00,0.00,0.00,c,8.53,26.23,7.60,d,0.00,0.00,0.00,8.663
a,0.62,27.75,4.52,b,0.00,0.00,0.00,c,8.44,24.89,7.43,d,0.00,0.00,0.00,8.681
a,0.60,25.27,4.42,b,0.00,0.00,0.00,c,8.04,21.54,7.29,d,0.00,0.00,0.00,8.697
a,0.60,25.27,4.42,b,0.00,0.00,0.00,c,8.04,21.54,7.29,d,0.00,0.00,0.00,8.712
a,0.57,24.14,4.38,b,0.00,0.00,0.00,c,7.96,20.25,7.11,d,0.00,0.00,0.00,8.729
a,0.24,21.91,3.18,b,0.00,0.00,0.00,c,7.83,19.14,7.06,d,0.00,0.00,0.00,8.746
a,0.50,19.42,4.20,b,0.00,0.00,0.00,c,7.45,15.77,6.89,d,0.00,0.00,0.00,8.762
a,0.50,19.42,4.20,b,0.00,0.00,0.00,c,7.45,15.77,6.89,d,0.00,0.00,0.00,8.779
a,0.40,14.85,4.04,b,0.00,0.00,0.00,c,8.07,12.53,5.40,d,0.00,0.00,0.00,8.795
a,0.40,14.85,4.04,b,0.00,0.00,0.00,c,8.07,12.53,5.40,d,0.00,0.00,0.00,8.812
a,0.35,12.55,3.95,b,0.00,0.00,0.00,c,7.92,10.19,5.17,d,0.00,0.00,0.00,8.829
a,0.35,12.55,3.95,b,0.00,0.00,0.00,c,7.82,9.06,5.10,d,0.00,0.00,0.00,8.845
a,1.47,11.39,3.74,b,0.00,0.00,0.00,c,7.71,7.93,5.03,d,0.00,0.00,0.00,8.862
a,1.30,10.30,2.56,b,0.00,0.00,0.00,c,6.68,7.78,6.28,d,0.00,0.00,0.00,8.879
a,1.29,9.14,2.53,b,0.00,0.00,0.00,c,6.56,6.65,6.20,d,0.00,0.00,0.00,8.895
a,1.28,7.99,2.49,b,0.00,0.00,0.00,c,6.34,4.39,6.04,d,0.00,0.00,0.00,8.912
a,1.28,6.83,2.46,b,0.00,0.00,0.00,c,6.23,3.26,5.95,d,0.00,0.00,0.00,8.929
a,1.27,4.52,2.39,b,0.00,0.00,0.00,c,6.01,1.00,5.77,d,0.00,0.00,0.00,8.946
a,1.27,3.37,2.35,b,0.00,0.00,0.00,c,6.01,1.00,5.77,d,0.00,0.00,0.00,8.962
a,1.27,1.06,2.28,b,0.00,0.00,0.00,c,6.95,-1.37,5.58,d,0.00,0.00,0.00,8.979
a,1.20,1.12,1.13,b,0.00,0.00,0.00,c,6.84,-2.71,6.64,d,0.00,0.00,0.00,8.996
a,1.20,1.12,1.13,b,0.00,0.00,0.00,c,6.84,-2.71,6.64,d,0.00,0.00,0.00,9.012
a,1.13,1.18,0.02,b,0.00,0.00,0.00,c,6.83,-2.93,7.79,d,0.00,0.00,0.00,9.029
a,1.13,1.18,0.02,b,0.00,0.00,0.00,c,6.83,-2.93,7.79,d,0.00,0.00,0.00,9.046
a,1.06,1.23,1.18,b,0.00,0.00,0.00,c,5.82,-1.68,7.88,d,0.00,0.00,0.00,9.063
a,1.06,1.23,1.18,b,0.00,0.00,0.00,c,5.82,-1.68,7.88,d,0.00,0.00,0.00,9.079
a,1.13,1.18,0.02,b,0.00,0.00,0.00,c,5.82,-1.68,7.88,d,0.00,0.00,0.00,9.096
a,1.13,1.18,0.02,b,0.00,0.00,0.00,c,5.81,-1.47,6.73,d,0.00,0.00,0.00,9.113
a,1.13,1.18,0.02,b,0.00,0.00,0.00,c,5.81,-1.47,6.73,d,0.00,0.00,0.00,9.133
a,1.20,1.12,1.13,b,0.00,0.00,0.00,c,5.81,-1.26,5.59,d,0.00,0.00,0.00,9.150
a,1.20,1.12,1.13,b,0.00,0.00,0.00,c,5.81,-1.26,5.59,d,0.00,0.00,0.00,9.166
a,1.20,1.12,1.13,b,0.00,0.00,0.00,c,5.80,-1.05,4.44,d,0.00,0.00,0.00,9.183
a,1.20,1.12,1.13,b,0.00,0.00,0.00,c,4.65,-0.96,4.46,d,0.00,0.00,0.00,9.199
a,1.20,1.12,1.13,b,0.00,0.00,0.00,c,4.65,-0.96,4.46,d,0.00,0.00,0.00,9.216
a,1.20,1.12,1.13,b,0.00,0.00,0.00,c,4.64,-0.77,3.31,d,0.00,0.00,0.00,9.233
a,1.20,1.12,1.13,b,0.00,0.00,0.00,c,4.64,-0.77,3.31,d,0.00,0.00,0.00,9.249
a,1.20,1.12,1.13,b,0.00,0.00,0.00,c,3.50,-0.69,3.33,d,0.00,0.00,0.00,9.266
a,1.20,1.12,1.13,b,0.00,0.00,0.00,c,3.50,-0.69,3.33,d,0.00,0.00,0.00,9.295
a,1.20,1.12,1.13,b,0.00,0.00,0.00,c,3.47,-0.50,2.19,d,0.00,0.00,0.00,9.313
a,1.20,1.12,1.13,b,0.00,0.00,0.00,c,2.33,-0.44,2.21,d,0.00,0.00,0.00,9.333
a,1.20,1.12,1.13,b,0.00,0.00,0.00,c,2.33,-0.44,2.21,d,0.00,0.00,0.00,9.349
a,1.20,1.12,1.13,b,0.00,0.00,0.00,c,2.33,-0.44,2.21,d,0.00,0.00,0.00,9.366
a,1.20,1.12,1.13,b,0.00,0.00,0.00,c,2.33,-0.44,2.21,d,0.00,0.00,0.00,9.383
a,1.20,1.12,1.13,b,0.00,0.00,0.00,c,2.33,-0.44,2.21,d,0.00,0.00,0.00,9.399
a,1.20,1.12,1.13,b,0.00,0.00,0.00,c,2.33,-0.44,2.21,d,0.00,0.00,0.00,9.416
a,1.20,1.12,1.13,b,0.00,0.00,0.00,c,2.33,-0.44,2.21,d,0.00,0.00,0.00,9.433
a,0.05,1.11,1.20,b,0.00,0.00,0.00,c,2.31,-0.26,1.07,d,0.00,0.00,0.00,9.449
a,0.05,1.11,1.20,b,0.00,0.00,0.00,c,2.31,-0.26,1.07,d,0.00,0.00,0.00,9.477
a,0.05,1.11,1.20,b,0.00,0.00,0.00,c,2.31,-0.26,1.07,d,0.00,0.00,0.00,9.497
a,0.05,1.11,1.20,b,0.00,0.00,0.00,c,1.17,-0.21,1.10,d,0.00,0.00,0.00,9.513
a,0.05,1.11,1.20,b,0.00,0.00,0.00,c,1.17,-0.21,1.10,d,0.00,0.00,0.00,9.530
a,0.05,1.11,1.20,b,0.00,0.00,0.00,c,1.17,-0.21,1.10,d,0.00,0.00,0.00,9.551
a,0.05,1.11,1.20,b,0.00,0.00,0.00,c,1.17,-0.21,1.10,d,0.00,0.00,0.00,9.566
a,0.05,1.11,1.20,b,0.00,0.00,0.00,c,1.17,-0.21,1.10,d,0.00,0.00,0.00,9.583
a,-0.02,1.15,0.05,b,0.00,0.00,0.00,c,1.17,-0.21,1.10,d,0.00,0.00,0.00,9.599
a,-0.02,1.15,0.05,b,0.00,0.00,0.00,c,1.17,-0.21,1.10,d,0.00,0.00,0.00,9.616
a,-0.02,1.15,0.05,b,0.00,0.00,0.00,c,1.17,-0.21,1.10,d,0.00,0.00,0.00,9.633
a,-0.02,1.15,0.05,b,0.00,0.00,0.00,c,1.17,-0.21,1.10,d,0.00,0.00,0.00,9.659
a,-0.02,1.15,0.05,b,0.00,0.00,0.00,c,1.17,-0.21,1.10,d,0.00,0.00,0.00,9.680
a,-0.02,1.15,0.05,b,0.00,0.00,0.00,c,1.17,-0.21,1.10,d,0.00,0.00,0.00,9.697
a,-0.02,1.15,0.05,b,0.00,0.00,0.00,c,1.17,-0.21,1.10,d,0.00,0.00,0.00,9.713
a,-0.02,1.15,0.05,b,0.00,0.00,0.00,c,1.17,-0.21,1.10,d,0.00,0.00,0.00,9.733
a,-0.02,1.15,0.05,b,0.00,0.00,0.00,c,1.17,-0.21,1.10,d,0.00,0.00,0.00,9.749
a,-0.02,1.15,0.05,b,0.00,0.00,0.00,c,1.17,-0.21,1.10,d,0.00,0.00,0.00,9.766
a,-0.02,1.15,0.05,b,0.00,0.00,0.00,c,1.17,-0.21,1.10,d,0.00,0.00,0.00,9.782
a,-0.02,1.15,0.05,b,0.00,0.00,0.00,c,1.17,-0.21,1.10,d,0.00,0.00,0.00,9.801
a,-0.02,1.15,0.05,b,0.00,0.00,0.00,c,1.17,-0.21,1.10,d,0.00,0.00,0.00,9.816
a,-0.02,1.15,0.05,b,0.00,0.00,0.00,c,1.17,-0.21,1.10,d,0.00,0.00,0.00,9.843
a,-0.02,1.15,0.05,b,0.00,0.00,0.00,c,1.17,-0.21,1.10,d,0.00,0.00,0.00,9.863
a,-0.02,1.15,0.05,b,0.00,0.00,0.00,c,1.17,-0.21,1.10,d,0.00,0.00,0.00,9.879
a,-0.02,1.15,0.05,b,0.00,0.00,0.00,c,1.17,-0.21,1.10,d,0.00,0.00,0.00,9.896
a,-0.02,1.15,0.05,b,0.00,0.00,0.00,c,1.17,-0.21,1.10,d,0.00,0.00,0.00,9.912
a,-0.02,1.15,0.05,b,0.00,0.00,0.00,c,1.17,-0.21,1.10,d,0.00,0.00,0.00,9.929
a,-0.02,1.15,0.05,b,0.00,0.00,0.00,c,1.17,-0.21,1.10,d,0.00,0.00,0.00,9.945
a,-0.02,1.15,0.05,b,0.00,0.00,0.00,c,1.17,-0.21,1.10,d,0.00,0.00,0.00,9.962
a,-0.02,1.15,0.05,b,0.00,0.00,0.00,c,1.17,-0.21,1.10,d,0.00,0.00,0.00,9.979
a,-0.02,1.15,0.05,b,0.00,0.00,0.00,c,1.17,-0.21,1.10,d,0.00,0.00,0.00,9.997
a,-0.02,1.15,0.05,b,0.00,0.00,0.00,c,1.17,-0.21,1.10,d,0.00,0.00,0.00,10.013
a,-0.02,1.15,0.05,b,0.00,0.00,0.00,c,1.17,-0.21,1.10,d,0.00,0.00,0.00,10.033
a,-0.02,1.15,0.05,b,0.00,0.00,0.00,c,1.17,-0.21,1.10,d,0.00,0.00,0.00,10.061
a,-0.02,1.15,0.05,b,0.00,0.00,0.00,c,1.17,-0.21,1.10,d,0.00,0.00,0.00,10.077
a,-0.02,1.15,0.05,b,0.00,0.00,0.00,c,1.17,-0.21,1.10,d,0.00,0.00,0.00,10.091
a,-0.02,1.15,0.05,b,0.00,0.00,0.00,c,1.17,-0.21,1.10,d,0.00,0.00,0.00,10.108
a,-0.02,1.15,0.05,b,0.00,0.00,0.00,c,1.17,-0.21,1.10,d,0.00,0.00,0.00,10.126
a,-0.02,1.15,0.05,b,0.00,0.00,0.00,c,1.17,-0.21,1.10,d,0.00,0.00,0.00,10.144
a,-0.02,1.15,0.05,b,0.00,0.00,0.00,c,1.17,-0.21,1.10,d,0.00,0.00,0.00,10.159
a,-0.02,1.15,0.05,b,0.00,0.00,0.00,c,1.17,-0.21,1.10,d,0.00,0.00,0.00,10.176
a,-0.02,1.15,0.05,b,0.00,0.00,0.00,c,1.17,-0.21,1.10,d,0.00,0.00,0.00,10.233
a,-0.02,1.15,0.05,b,0.00,0.00,0.00,c,1.17,-0.21,1.10,d,0.00,0.00,0.00,10.257
a,-0.02,1.15,0.05,b,0.00,0.00,0.00,c,1.17,-0.21,1.10,d,0.00,0.00,0.00,10.270
a,-0.02,1.15,0.05,b,0.00,0.00,0.00,c,1.17,-0.21,1.10,d,0.00,0.00,0.00,10.282
a,-0.02,1.15,0.05,b,0.00,0.00,0.00,c,1.17,-0.21,1.10,d,0.00,0.00,0.00,10.306
a,-0.02,1.15,0.05,b,0.00,0.00,0.00,c,1.17,-0.21,1.10,d,0.00,0.00,0.00,10.320
a,-0.02,1.15,0.05,b,0.00,0.00,0.00,c,1.17,-0.21,1.10,d,0.00,0.00,0.00,10.334
a,-0.02,1.15,0.05,b,0.00,0.00,0.00,c,1.17,-0.21,1.10,d,0.00,0.00,0.00,10.348
a,-0.02,1.15,0.05,b,0.00,0.00,0.00,c,1.17,-0.21,1.10,d,0.00,0.00,0.00,10.362
a,-0.02,1.15,0.05,b,0.00,0.00,0.00,c,1.17,-0.21,1.10,d,0.00,0.00,0.00,10.377
a,-0.02,1.15,0.05,b,0.00,0.00,0.00,c,1.17,-0.21,1.10,d,0.00,0.00,0.00,10.427
a,-0.02,1.15,0.05,b,0.00,0.00,0.00,c,1.17,-0.21,1.10,d,0.00,0.00,0.00,10.439
a,-0.02,1.15,0.05,b,0.00,0.00,0.00,c,1.17,-0.21,1.10,d,0.00,0.00,0.00,10.461
a,-0.02,1.15,0.05,b,0.00,0.00,0.00,c,1.17,-0.21,1.10,d,0.00,0.00,0.00,10.484
a,-0.02,1.15,0.05,b,0.00,0.00,0.00,c,1.17,-0.21,1.10,d,0.00,0.00,0.00,10.497
a,-0.02,1.15,0.05,b,0.00,0.00,0.00,c,1.17,-0.21,1.10,d,0.00,0.00,0.00,10.509
a,-0.02,1.15,0.05,b,0.00,0.00,0.00,c,1.17,-0.21,1.10,d,0.00,0.00,0.00,10.512
a,-0.02,1.15,0.05,b,0.00,0.00,0.00,c,1.17,-0.21,1.10,d,0.00,0.00,0.00,10.524
a,-0.02,1.15,0.05,b,0.00,0.00,0.00,c,1.17,-0.21,1.10,d,0.00,0.00,0.00,10.547
a,-0.02,1.15,0.05,b,0.00,0.00,0.00,c,1.17,-0.21,1.10,d,0.00,0.00,0.00,10.575
a,-0.02,1.15,0.05,b,0.00,0.00,0.00,c,1.17,-0.21,1.10,d,0.00,0.00,0.00,10.603
a,-0.02,1.15,0.05,b,0.00,0.00,0.00,c,1.17,-0.21,1.10,d,0.00,0.00,0.00,10.626
a,-0.02,1.15,0.05,b,0.00,0.00,0.00,c,1.17,-0.21,1.10,d,0.00,0.00,0.00,10.639
a,-0.02,1.15,0.05,b,0.00,0.00,0.00,c,1.17,-0.21,1.10,d,0.00,0.00,0.00,10.652
a,-0.02,1.15,0.05,b,0.00,0.00,0.00,c,1.17,-0.21,1.10,d,0.00,0.00,0.00,10.664
a,-0.02,1.15,0.05,b,0.00,0.00,0.00,c,1.17,-0.21,1.10,d,0.00,0.00,0.00,10.676
a,-0.02,1.15,0.05,b,0.00,0.00,0.00,c,1.17,-0.21,1.10,d,0.00,0.00,0.00,10.691
a,-0.02,1.15,0.05,b,0.00,0.00,0.00,c,1.17,-0.21,1.10,d,0.00,0.00,0.00,10.697
a,-0.02,1.15,0.05,b,0.00,0.00,0.00,c,1.17,-0.21,1.10,d,0.00,0.00,0.00,10.724
a,-0.02,1.15,0.05,b,0.00,0.00,0.00,c,1.17,-0.21,1.10,d,0.00,0.00,0.00,10.740
a,-0.02,1.15,0.05,b,0.00,0.00,0.00,c,1.17,-0.21,1.10,d,0.00,0.00,0.00,10.768
a,-0.02,1.15,0.05,b,0.00,0.00,0.00,c,1.17,-0.21,1.10,d,0.00,0.00,0.00,10.791
a,-0.02,1.15,0.05,b,0.00,0.00,0.00,c,1.17,-0.21,1.10,d,0.00,0.00,0.00,10.915
a,-0.02,1.15,0.05,b,0.00,0.00,0.00,c,1.17,-0.21,1.10,d,0.00,0.00,0.00,11.001
a,-0.02,1.15,0.05,b,0.00,0.00,0.00,c,1.17,-0.21,1.10,d,0.00,0.00,0.00,11.054
a,-0.02,1.15,0.05,b,0.00,0.00,0.00,c,1.17,-0.21,1.10,d,0.00,0.00,0.00,11.086
a,-0.02,1.15,0.05,b,0.00,0.00,0.00,c,1.17,-0.21,1.10,d,0.00,0.00,0.00,11.133
a,-0.02,1.15,0.05,b,0.00,0.00,0.00,c,1.17,-0.21,1.10,d,0.00,0.00,0.00,11.158
a,-0.02,1.15,0.05,b,0.00,0.00,0.00,c,1.17,-0.21,1.10,d,0.00,0.00,0.00,11.172
a,-0.02,1.15,0.05,b,0.00,0.00,0.00,c,1.17,-0.21,1.10,d,0.00,0.00,0.00,11.197
a,-0.02,1.15,0.05,b,0.00,0.00,0.00,c,1.17,-0.21,1.10,d,0.00,0.00,0.00,11.266
a,-0.02,1.15,0.05,b,0.00,0.00,0.00,c,1.17,-0.21,1.10,d,0.00,0.00,0.00,11.288
a,-0.02,1.15,0.05,b,0.00,0.00,0.00,c,1.17,-0.21,1.10,d,0.00,0.00,0.00,11.300
a,-0.02,1.15,0.05,b,0.00,0.00,0.00,c,1.17,-0.21,1.10,d,0.00,0.00,0.00,11.312
a,-0.02,1.15,0.05,b,0.00,0.00,0.00,c,1.17,-0.21,1.10,d,0.00,0.00,0.00,11.324
a,-0.02,1.15,0.05,b,0.00,0.00,0.00,c,1.17,-0.21,1.10,d,0.00,0.00,0.00,11.336
a,-0.02,1.15,0.05,b,0.00,0.00,0.00,c,1.17,-0.21,1.10,d,0.00,0.00,0.00,11.337
a,-0.02,1.15,0.05,b,0.00,0.00,0.00,c,1.17,-0.21,1.10,d,0.00,0.00,0.00,11.349
a,-0.02,1.15,0.05,b,0.00,0.00,0.00,c,1.17,-0.21,1.10,d,0.00,0.00,0.00,11.374
a,-0.02,1.15,0.05,b,0.00,0.00,0.00,c,1.17,-0.21,1.10,d,0.00,0.00,0.00,11.390
a,-0.02,1.15,0.05,b,0.00,0.00,0.00,c,1.17,-0.21,1.10,d,0.00,0.00,0.00,11.423
a,-0.02,1.15,0.05,b,0.00,0.00,0.00,c,1.17,-0.21,1.10,d,0.00,0.00,0.00,11.435
a,-0.02,1.15,0.05,b,0.00,0.00,0.00,c,1.17,-0.21,1.10,d,0.00,0.00,0.00,11.449
a,-0.02,1.15,0.05,b,0.00,0.00,0.00,c,1.17,-0.21,1.10,d,0.00,0.00,0.00,11.463
a,-0.02,1.15,0.05,b,0.00,0.00,0.00,c,1.17,-0.21,1.10,d,0.00,0.00,0.00,11.477
a,-0.02,1.15,0.05,b,0.00,0.00,0.00,c,1.17,-0.21,1.10,d,0.00,0.00,0.00,11.493
a,-0.02,1.15,0.05,b,0.00,0.00,0.00,c,1.17,-0.21,1.10,d,0.00,0.00,0.00,11.509
a,-0.02,1.15,0.05,b,0.00,0.00,0.00,c,1.17,-0.21,1.10,d,0.00,0.00,0.00,11.525
a,-0.02,1.15,0.05,b,0.00,0.00,0.00,c,1.17,-0.21,1.10,d,0.00,0.00,0.00,11.543
a,-0.02,1.15,0.05,b,0.00,0.00,0.00,c,1.17,-0.21,1.10,d,0.00,0.00,0.00,11.569
a,-0.02,1.15,0.05,b,0.00,0.00,0.00,c,1.17,-0.21,1.10,d,0.00,0.00,0.00,11.617
a,-0.02,1.15,0.05,b,0.00,0.00,0.00,c,1.17,-0.21,1.10,d,0.00,0.00,0.00,11.807
a,-0.02,1.15,0.05,b,0.00,0.00,0.00,c,1.17,-0.21,1.10,d,0.00,0.00,0.00,11.861
a,-0.02,1.15,0.05,b,0.00,0.00,0.00,c,1.17,-0.21,1.10,d,0.00,0.00,0.00,11.915
a,-0.02,1.15,0.05,b,0.00,0.00,0.00,c,1.17,-0.21,1.10,d,0.00,0.00,0.00,11.939
a,-0.02,1.15,0.05,b,0.00,0.00,0.00,c,1.17,-0.21,1.10,d,0.00,0.00,0.00,11.962
a,-0.02,1.15,0.05,b,0.00,0.00,0.00,c,1.17,-0.21,1.10,d,0.00,0.00,0.00,11.985
a,-0.02,1.15,0.05,b,0.00,0.00,0.00,c,1.17,-0.21,1.10,d,0.00,0.00,0.00,12.008
a,-0.02,1.15,0.05,b,0.00,0.00,0.00,c,1.17,-0.21,1.10,d,0.00,0.00,0.00,12.021
a,-0.02,1.15,0.05,b,0.00,0.00,0.00,c,1.17,-0.21,1.10,d,0.00,0.00,0.00,12.034
a,-0.02,1.15,0.05,b,0.00,0.00,0.00,c,1.17,-0.21,1.10,d,0.00,0.00,0.00,12.062
a,-0.02,1.15,0.05,b,0.00,0.00,0.00,c,1.17,-0.21,1.10,d,0.00,0.00,0.00,12.085
a,-0.02,1.15,0.05,b,0.00,0.00,0.00,c,1.17,-0.21,1.10,d,0.00,0.00,0.00,12.098
a,-0.02,1.15,0.05,b,0.00,0.00,0.00,c,1.17,-0.21,1.10,d,0.00,0.00,0.00,12.110
a,-0.02,1.15,0.05,b,0.00,0.00,0.00,c,1.17,-0.21,1.10,d,0.00,0.00,0.00,12.123
a,-0.02,1.15,0.05,b,0.00,0.00,0.00,c,1.17,-0.21,1.10,d,0.00,0.00,0.00,12.136
a,-0.02,1.15,0.05,b,0.00,0.00,0.00,c,1.17,-0.21,1.10,d,0.00,0.00,0.00,12.149
a,-0.02,1.15,0.05,b,0.00,0.00,0.00,c,1.17,-0.21,1.10,d,0.00,0.00,0.00,12.151
a,-0.02,1.15,0.05,b,0.00,0.00,0.00,c,1.17,-0.21,1.10,d,0.00,0.00,0.00,12.174
a,-0.02,1.15,0.05,b,0.00,0.00,0.00,c,1.17,-0.21,1.10,d,0.00,0.00,0.00,12.190
a,-0.02,1.15,0.05,b,0.00,0.00,0.00,c,1.17,-0.21,1.10,d,0.00,0.00,0.00,12.229
a,-0.02,1.15,0.05,b,0.00,0.00,0.00,c,1.17,-0.21,1.10,d,0.00,0.00,0.00,12.242
a,-0.02,1.15,0.05,b,0.00,0.00,0.00,c,1.17,-0.21,1.10,d,0.00,0.00,0.00,12.254
a,-0.02,1.15,0.05,b,0.00,0.00,0.00,c,1.17,-0.21,1.10,d,0.00,0.00,0.00,12.276
a,-0.02,1.15,0.05,b,0.00,0.00,0.00,c,1.17,-0.21,1.10,d,0.00,0.00,0.00,12.289
a,-0.02,1.15,0.05,b,0.00,0.00,0.00,c,1.17,-0.21,1.10,d,0.00,0.00,0.00,12.301
a,-0.02,1.15,0.05,b,0.00,0.00,0.00,c,1.17,-0.21,1.10,d,0.00,0.00,0.00,12.303
a,-0.02,1.15,0.05,b,0.00,0.00,0.00,c,1.17,-0.21,1.10,d,0.00,0.00,0.00,12.316
a,-0.02,1.15,0.05,b,0.00,0.00,0.00,c,1.17,-0.21,1.10,d,0.00,0.00,0.00,12.341
a,-0.02,1.15,0.05,b,0.00,0.00,0.00,c,1.17,-0.21,1.10,d,0.00,0.00,0.00,12.357
a,-0.02,1.15,0.05,b,0.00,0.00,0.00,c,1.17,-0.21,1.10,d,0.00,0.00,0.00,12.398
a,-0.02,1.15,0.05,b,0.00,0.00,0.00,c,1.17,-0.21,1.10,d,0.00,0.00,0.00,12.421
a,-0.02,1.15,0.05,b,0.00,0.00,0.00,c,1.17,-0.21,1.10,d,0.00,0.00,0.00,12.611
a,-0.02,1.15,0.05,b,0.00,0.00,0.00,c,1.17,-0.21,1.10,d,0.00,0.00,0.00,12.677
a,-0.02,1.15,0.05,b,0.00,0.00,0.00,c,1.17,-0.21,1.10,d,0.00,0.00,0.00,12.712
a,-0.02,1.15,0.05,b,0.00,0.00,0.00,c,1.17,-0.21,1.10,d,0.00,0.00,0.00,12.748
a,-0.02,1.15,0.05,b,0.00,0.00,0.00,c,1.17,-0.21,1.10,d,0.00,0.00,0.00,12.784
a,-0.02,1.15,0.05,b,0.00,0.00,0.00,c,1.17,-0.21,1.10,d,0.00,0.00,0.00,12.808
a,-0.02,1.15,0.05,b,0.00,0.00,0.00,c,1.17,-0.21,1.10,d,0.00,0.00,0.00,12.830
a,-0.02,1.15,0.05,b,0.00,0.00,0.00,c,1.17,-0.21,1.10,d,0.00,0.00,0.00,12.842
a,-0.02,1.15,0.05,b,0.00,0.00,0.00,c,1.17,-0.21,1.10,d,0.00,0.00,0.00,12.888
a,-0.02,1.15,0.05,b,0.00,0.00,0.00,c,1.17,-0.21,1.10,d,0.00,0.00,0.00,12.924
a,-0.02,1.15,0.05,b,0.00,0.00,0.00,c,1.17,-0.21,1.10,d,0.00,0.00,0.00,12.938
a,-0.02,1.15,0.05,b,0.00,0.00,0.00,c,1.17,-0.21,1.10,d,0.00,0.00,0.00,12.964
a,-0.02,1.15,0.05,b,0.00,0.00,0.00,c,1.17,-0.21,1.10,d,0.00,0.00,0.00,12.978
a,-0.02,1.15,0.05,b,0.00,0.00,0.00,c,1.17,-0.21,1.10,d,0.00,0.00,0.00,12.992
a,-0.02,1.15,0.05,b,0.00,0.00,0.00,c,1.17,-0.21,1.10,d,0.00,0.00,0.00,13.006
a,-0.02,1.15,0.05,b,0.00,0.00,0.00,c,1.17,-0.21,1.10,d,0.00,0.00,0.00,13.020
a,-0.02,1.15,0.05,b,0.00,0.00,0.00,c,1.17,-0.21,1.10,d,0.00,0.00,0.00,13.034
a,-0.02,1.15,0.05,b,0.00,0.00,0.00,c,1.17,-0.21,1.10,d,0.00,0.00,0.00,13.047
a,-0.02,1.15,0.05,b,0.00,0.00,0.00,c,1.17,-0.21,1.10,d,0.00,0.00,0.00,13.097
a,-0.02,1.15,0.05,b,0.00,0.00,0.00,c,1.17,-0.21,1.10,d,0.00,0.00,0.00,13.120
a,-0.02,1.15,0.05,b,0.00,0.00,0.00,c,1.17,-0.21,1.10,d,0.00,0.00,0.00,13.132
a,-0.02,1.15,0.05,b,0.00,0.00,0.00,c,1.17,-0.21,1.10,d,0.00,0.00,0.00,13.144
a,-0.02,1.15,0.05,b,0.00,0.00,0.00,c,1.17,-0.21,1.10,d,0.00,0.00,0.00,13.155
a,-0.02,1.15,0.05,b,0.00,0.00,0.00,c,1.17,-0.21,1.10,d,0.00,0.00,0.00,13.167
a,-0.02,1.15,0.05,b,0.00,0.00,0.00,c,1.17,-0.21,1.10,d,0.00,0.00,0.00,13.168
a,-0.02,1.15,0.05,b,0.00,0.00,0.00,c,1.17,-0.21,1.10,d,0.00,0.00,0.00,13.180
a,-0.02,1.15,0.05,b,0.00,0.00,0.00,c,1.17,-0.21,1.10,d,0.00,0.00,0.00,13.207
a,-0.02,1.15,0.05,b,0.00,0.00,0.00,c,1.17,-0.21,1.10,d,0.00,0.00,0.00,13.338
a,-0.02,1.15,0.05,b,0.00,0.00,0.00,c,1.17,-0.21,1.10,d,0.00,0.00,0.00,13.438
a,-0.02,1.15,0.05,b,0.00,0.00,0.00,c,1.17,-0.21,1.10,d,0.00,0.00,0.00,13.496
a,-0.02,1.15,0.05,b,0.00,0.00,0.00,c,1.17,-0.21,1.10,d,0.00,0.00,0.00,13.543
a,-0.02,1.15,0.05,b,0.00,0.00,0.00,c,1.17,-0.21,1.10,d,0.00,0.00,0.00,13.578
a,-0.02,1.15,0.05,b,0.00,0.00,0.00,c,1.17,-0.21,1.10,d,0.00,0.00,0.00,13.603
a,-0.02,1.15,0.05,b,0.00,0.00,0.00,c,1.17,-0.21,1.10,d,0.00,0.00,0.00,13.626
a,-0.02,1.15,0.05,b,0.00,0.00,0.00,c,1.17,-0.21,1.10,d,0.00,0.00,0.00,13.651
a,-0.02,1.15,0.05,b,0.00,0.00,0.00,c,1.17,-0.21,1.10,d,0.00,0.00,0.00,13.663
a,-0.02,1.15,0.05,b,0.00,0.00,0.00,c,1.17,-0.21,1.10,d,0.00,0.00,0.00,13.686
a,-0.02,1.15,0.05,b,0.00,0.00,0.00,c,1.17,-0.21,1.10,d,0.00,0.00,0.00,13.701
a,-0.02,1.15,0.05,b,0.00,0.00,0.00,c,1.17,-0.21,1.10,d,0.00,0.00,0.00,13.738
a,-0.02,1.15,0.05,b,0.00,0.00,0.00,c,1.17,-0.21,1.10,d,0.00,0.00,0.00,13.753
a,-0.02,1.15,0.05,b,0.00,0.00,0.00,c,1.17,-0.21,1.10,d,0.00,0.00,0.00,13.767
a,-0.02,1.15,0.05,b,0.00,0.00,0.00,c,1.17,-0.21,1.10,d,0.00,0.00,0.00,13.781
a,-0.02,1.15,0.05,b,0.00,0.00,0.00,c,1.17,-0.21,1.10,d,0.00,0.00,0.00,13.795
a,-0.02,1.15,0.05,b,0.00,0.00,0.00,c,1.17,-0.21,1.10,d,0.00,0.00,0.00,13.809
a,-0.02,1.15,0.05,b,0.00,0.00,0.00,c,1.17,-0.21,1.10,d,0.00,0.00,0.00,13.826
a,-0.02,1.15,0.05,b,0.00,0.00,0.00,c,1.17,-0.21,1.10,d,0.00,0.00,0.00,13.842
a,-0.02,1.15,0.05,b,0.00,0.00,0.00,c,1.17,-0.21,1.10,d,0.00,0.00,0.00,13.860
a,-0.02,1.15,0.05,b,0.00,0.00,0.00,c,1.17,-0.21,1.10,d,0.00,0.00,0.00,13.884
a,-0.02,1.15,0.05,b,0.00,0.00,0.00,c,1.17,-0.21,1.10,d,0.00,0.00,0.00,13.932
a,-0.02,1.15,0.05,b,0.00,0.00,0.00,c,1.17,-0.21,1.10,d,0.00,0.00,0.00,13.955
a,-0.02,1.15,0.05,b,0.00,0.00,0.00,c,1.17,-0.21,1.10,d,0.00,0.00,0.00,13.978
a,-0.02,1.15,0.05,b,0.00,0.00,0.00,c,1.17,-0.21,1.10,d,0.00,0.00,0.00,14.001
a,-0.02,1.15,0.05,b,0.00,0.00,0.00,c,1.17,-0.21,1.10,d,0.00,0.00,0.00,14.013
a,-0.02,1.15,0.05,b,0.00,0.00,0.00,c,1.17,-0.21,1.10,d,0.00,0.00,0.00,14.025
a,-0.02,1.15,0.05,b,0.00,0.00,0.00,c,1.17,-0.21,1.10,d,0.00,0.00,0.00,14.031
a,-0.02,1.15,0.05,b,0.00,0.00,0.00,c,1.17,-0.21,1.10,d,0.00,0.00,0.00,14.047
a,-0.02,1.15,0.05,b,0.00,0.00,0.00,c,1.17,-0.21,1.10,d,0.00,0.00,0.00,14.235
a,-0.02,1.15,0.05,b,0.00,0.00,0.00,c,1.17,-0.21,1.10,d,0.00,0.00,0.00,14.305
a,-0.02,1.15,0.05,b,0.00,0.00,0.00,c,1.17,-0.21,1.10,d,0.00,0.00,0.00,14.396
a,-0.02,1.15,0.05,b,0.00,0.00,0.00,c,1.17,-0.21,1.10,d,0.00,0.00,0.00,14.429
a,-0.02,1.15,0.05,b,0.00,0.00,0.00,c,1.17,-0.21,1.10,d,0.00,0.00,0.00,14.472
a,-0.02,1.15,0.05,b,0.00,0.00,0.00,c,1.17,-0.21,1.10,d,0.00,0.00,0.00,14.497
a,-0.02,1.15,0.05,b,0.00,0.00,0.00,c,1.17,-0.21,1.10,d,0.00,0.00,0.00,14.521
a,-0.02,1.15,0.05,b,0.00,0.00,0.00,c,1.17,-0.21,1.10,d,0.00,0.00,0.00,14.535
a,-0.02,1.15,0.05,b,0.00,0.00,0.00,c,1.17,-0.21,1.10,d,0.00,0.00,0.00,14.560
a,-0.02,1.15,0.05,b,0.00,0.00,0.00,c,1.17,-0.21,1.10,d,0.00,0.00,0.00,14.574
a,-0.02,1.15,0.05,b,0.00,0.00,0.00,c,1.17,-0.21,1.10,d,0.00,0.00,0.00,14.588
a,-0.02,1.15,0.05,b,0.00,0.00,0.00,c,1.17,-0.21,1.10,d,0.00,0.00,0.00,14.602
a,-0.02,1.15,0.05,b,0.00,0.00,0.00,c,1.17,-0.21,1.10,d,0.00,0.00,0.00,14.652
a,-0.02,1.15,0.05,b,0.00,0.00,0.00,c,1.17,-0.21,1.10,d,0.00,0.00,0.00,14.675
a,-0.02,1.15,0.05,b,0.00,0.00,0.00,c,1.17,-0.21,1.10,d,0.00,0.00,0.00,14.699
a,-0.02,1.15,0.05,b,0.00,0.00,0.00,c,1.17,-0.21,1.10,d,0.00,0.00,0.00,14.714
a,-0.02,1.15,0.05,b,0.00,0.00,0.00,c,1.17,-0.21,1.10,d,0.00,0.00,0.00,14.738
a,-0.02,1.15,0.05,b,0.00,0.00,0.00,c,1.17,-0.21,1.10,d,0.00,0.00,0.00,14.752
a,-0.02,1.15,0.05,b,0.00,0.00,0.00,c,1.17,-0.21,1.10,d,0.00,0.00,0.00,14.765
a,-0.02,1.15,0.05,b,0.00,0.00,0.00,c,1.17,-0.21,1.10,d,0.00,0.00,0.00,14.779
a,-0.02,1.15,0.05,b,0.00,0.00,0.00,c,1.17,-0.21,1.10,d,0.00,0.00,0.00,14.793
a,-0.02,1.15,0.05,b,0.00,0.00,0.00,c,1.17,-0.21,1.10,d,0.00,0.00,0.00,14.809
a,-0.02,1.15,0.05,b,0.00,0.00,0.00,c,1.17,-0.21,1.10,d,0.00,0.00,0.00,14.859
a,-0.02,1.15,0.05,b,0.00,0.00,0.00,c,1.17,-0.21,1.10,d,0.00,0.00,0.00,15.046
a,-0.02,1.15,0.05,b,0.00,0.00,0.00,c,1.17,-0.21,1.10,d,0.00,0.00,0.00,15.089
a,-0.02,1.15,0.05,b,0.00,0.00,0.00,c,1.17,-0.21,1.10,d,0.00,0.00,0.00,15.132
a,-0.02,1.15,0.05,b,0.00,0.00,0.00,c,1.17,-0.21,1.10,d,0.00,0.00,0.00,15.165
a,-0.02,1.15,0.05,b,0.00,0.00,0.00,c,1.17,-0.21,1.10,d,0.00,0.00,0.00,15.187
a,-0.02,1.15,0.05,b,0.00,0.00,0.00,c,1.17,-0.21,1.10,d,0.00,0.00,0.00,15.199
a,-0.02,1.15,0.05,b,0.00,0.00,0.00,c,1.17,-0.21,1.10,d,0.00,0.00,0.00,15.221
a,-0.02,1.15,0.05,b,0.00,0.00,0.00,c,1.17,-0.21,1.10,d,0.00,0.00,0.00,15.233
a,-0.02,1.15,0.05,b,0.00,0.00,0.00,c,1.17,-0.21,1.10,d,0.00,0.00,0.00,15.234
a,-0.02,1.15,0.05,b,0.00,0.00,0.00,c,1.17,-0.21,1.10,d,0.00,0.00,0.00,15.251
a,-0.02,1.15,0.05,b,0.00,0.00,0.00,c,1.17,-0.21,1.10,d,0.00,0.00,0.00,15.262
a,-0.02,1.15,0.05,b,0.00,0.00,0.00,c,1.17,-0.21,1.10,d,0.00,0.00,0.00,15.289
a,-0.02,1.15,0.05,b,0.00,0.00,0.00,c,1.17,-0.21,1.10,d,0.00,0.00,0.00,15.301
a,-0.02,1.15,0.05,b,0.00,0.00,0.00,c,1.17,-0.21,1.10,d,0.00,0.00,0.00,15.322
a,-0.02,1.15,0.05,b,0.00,0.00,0.00,c,1.17,-0.21,1.10,d,0.00,0.00,0.00,15.329
a,-0.02,1.15,0.05,b,0.00,0.00,0.00,c,1.17,-0.21,1.10,d,0.00,0.00,0.00,15.356
a,-0.02,1.15,0.05,b,0.00,0.00,0.00,c,1.17,-0.21,1.10,d,0.00,0.00,0.00,15.373
a,-0.02,1.15,0.05,b,0.00,0.00,0.00,c,1.17,-0.21,1.10,d,0.00,0.00,0.00,15.389
a,-0.02,1.15,0.05,b,0.00,0.00,0.00,c,1.17,-0.21,1.10,d,0.00,0.00,0.00,15.405
a,-0.02,1.15,0.05,b,0.00,0.00,0.00,c,1.17,-0.21,1.10,d,0.00,0.00,0.00,15.422
a,-0.02,1.15,0.05,b,0.00,0.00,0.00,c,1.17,-0.21,1.10,d,0.00,0.00,0.00,15.439
a,-0.02,1.15,0.05,b,0.00,0.00,0.00,c,1.17,-0.21,1.10,d,0.00,0.00,0.00,15.450
a,-0.02,1.15,0.05,b,0.00,0.00,0.00,c,1.17,-0.21,1.10,d,0.00,0.00,0.00,15.473
a,-0.02,1.15,0.05,b,0.00,0.00,0.00,c,1.17,-0.21,1.10,d,0.00,0.00,0.00,15.479
a,-0.02,1.15,0.05,b,0.00,0.00,0.00,c,1.17,-0.21,1.10,d,0.00,0.00,0.00,15.506
a,-0.02,1.15,0.05,b,0.00,0.00,0.00,c,1.17,-0.21,1.10,d,0.00,0.00,0.00,15.523
a,-0.02,1.15,0.05,b,0.00,0.00,0.00,c,1.17,-0.21,1.10,d,0.00,0.00,0.00,15.539
a,-0.02,1.15,0.05,b,0.00,0.00,0.00,c,1.17,-0.21,1.10,d,0.00,0.00,0.00,15.556
a,-0.02,1.15,0.05,b,0.00,0.00,0.00,c,1.17,-0.21,1.10,d,0.00,0.00,0.00,15.572
a,-0.02,1.15,0.05,b,0.00,0.00,0.00,c,1.17,-0.21,1.10,d,0.00,0.00,0.00,15.589
a,-0.02,1.15,0.05,b,0.00,0.00,0.00,c,1.17,-0.21,1.10,d,0.00,0.00,0.00,15.600
a,-0.02,1.15,0.05,b,0.00,0.00,0.00,c,1.17,-0.21,1.10,d,0.00,0.00,0.00,15.622
a,-0.02,1.15,0.05,b,0.00,0.00,0.00,c,1.17,-0.21,1.10,d,0.00,0.00,0.00,15.629
a,-0.02,1.15,0.05,b,0.00,0.00,0.00,c,1.17,-0.21,1.10,d,0.00,0.00,0.00,15.656
a,-0.02,1.15,0.05,b,0.00,0.00,0.00,c,1.17,-0.21,1.10,d,0.00,0.00,0.00,15.773
a,-0.02,1.15,0.05,b,0.00,0.00,0.00,c,1.17,-0.21,1.10,d,0.00,0.00,0.00,15.850
a,-0.02,1.15,0.05,b,0.00,0.00,0.00,c,1.17,-0.21,1.10,d,0.00,0.00,0.00,15.917
a,-0.02,1.15,0.05,b,0.00,0.00,0.00,c,1.17,-0.21,1.10,d,0.00,0.00,0.00,15.963
a,-0.02,1.15,0.05,b,0.00,0.00,0.00,c,1.17,-0.21,1.10,d,0.00,0.00,0.00,16.009
a,-0.02,1.15,0.05,b,0.00,0.00,0.00,c,1.17,-0.21,1.10,d,0.00,0.00,0.00,16.080
a,-0.02,1.15,0.05,b,0.00,0.00,0.00,c,1.17,-0.21,1.10,d,0.00,0.00,0.00,16.103
a,-0.02,1.15,0.05,b,0.00,0.00,0.00,c,1.17,-0.21,1.10,d,0.00,0.00,0.00,16.139
a,-0.02,1.15,0.05,b,0.00,0.00,0.00,c,1.17,-0.21,1.10,d,0.00,0.00,0.00,16.176
a,-0.02,1.15,0.05,b,0.00,0.00,0.00,c,1.17,-0.21,1.10,d,0.00,0.00,0.00,16.190
a,-0.02,1.15,0.05,b,0.00,0.00,0.00,c,1.17,-0.21,1.10,d,0.00,0.00,0.00,16.214
a,-0.02,1.15,0.05,b,0.00,0.00,0.00,c,1.17,-0.21,1.10,d,0.00,0.00,0.00,16.228
a,-0.02,1.15,0.05,b,0.00,0.00,0.00,c,1.17,-0.21,1.10,d,0.00,0.00,0.00,16.242
a,-0.02,1.15,0.05,b,0.00,0.00,0.00,c,1.17,-0.21,1.10,d,0.00,0.00,0.00,16.256
a,-0.02,1.15,0.05,b,0.00,0.00,0.00,c,1.17,-0.21,1.10,d,0.00,0.00,0.00,16.270
a,-0.02,1.15,0.05,b,0.00,0.00,0.00,c,1.17,-0.21,1.10,d,0.00,0.00,0.00,16.319
a,-0.02,1.15,0.05,b,0.00,0.00,0.00,c,1.17,-0.21,1.10,d,0.00,0.00,0.00,16.344
a,-0.02,1.15,0.05,b,0.00,0.00,0.00,c,1.17,-0.21,1.10,d,0.00,0.00,0.00,16.369
a,-0.02,1.15,0.05,b,0.00,0.00,0.00,c,1.17,-0.21,1.10,d,0.00,0.00,0.00,16.383
a,-0.02,1.15,0.05,b,0.00,0.00,0.00,c,1.17,-0.21,1.10,d,0.00,0.00,0.00,16.407
a,-0.02,1.15,0.05,b,0.00,0.00,0.00,c,1.17,-0.21,1.10,d,0.00,0.00,0.00,16.421
a,-0.02,1.15,0.05,b,0.00,0.00,0.00,c,1.17,-0.21,1.10,d,0.00,0.00,0.00,16.435
a,-0.02,1.15,0.05,b,0.00,0.00,0.00,c,1.17,-0.21,1.10,d,0.00,0.00,0.00,16.449
a,-0.02,1.15,0.05,b,0.00,0.00,0.00,c,1.17,-0.21,1.10,d,0.00,0.00,0.00,16.563
a,-0.02,1.15,0.05,b,0.00,0.00,0.00,c,1.17,-0.21,1.10,d,0.00,0.00,0.00,16.630
a,-0.02,1.15,0.05,b,0.00,0.00,0.00,c,1.17,-0.21,1.10,d,0.00,0.00,0.00,16.733
a,-0.02,1.15,0.05,b,0.00,0.00,0.00,c,1.17,-0.21,1.10,d,0.00,0.00,0.00,16.800
a,-0.02,1.15,0.05,b,0.00,0.00,0.00,c,1.17,-0.21,1.10,d,0.00,0.00,0.00,16.834
a,-0.02,1.15,0.05,b,0.00,0.00,0.00,c,1.17,-0.21,1.10,d,0.00,0.00,0.00,16.860
a,-0.02,1.15,0.05,b,0.00,0.00,0.00,c,1.17,-0.21,1.10,d,0.00,0.00,0.00,16.883
a,-0.02,1.15,0.05,b,0.00,0.00,0.00,c,1.17,-0.21,1.10,d,0.00,0.00,0.00,16.906
a,-0.02,1.15,0.05,b,0.00,0.00,0.00,c,1.17,-0.21,1.10,d,0.00,0.00,0.00,16.928
a,-0.02,1.15,0.05,b,0.00,0.00,0.00,c,1.17,-0.21,1.10,d,0.00,0.00,0.00,16.941
a,-0.02,1.15,0.05,b,0.00,0.00,0.00,c,1.17,-0.21,1.10,d,0.00,0.00,0.00,16.953
a,-0.02,1.15,0.05,b,0.00,0.00,0.00,c,1.17,-0.21,1.10,d,0.00,0.00,0.00,16.955
a,-0.02,1.15,0.05,b,0.00,0.00,0.00,c,1.17,-0.21,1.10,d,0.00,0.00,0.00,16.992
a,-0.02,1.15,0.05,b,0.00,0.00,0.00,c,1.17,-0.21,1.10,d,0.00,0.00,0.00,17.004
a,-0.02,1.15,0.05,b,0.00,0.00,0.00,c,1.17,-0.21,1.10,d,0.00,0.00,0.00,17.016
a,-0.02,1.15,0.05,b,0.00,0.00,0.00,c,1.17,-0.21,1.10,d,0.00,0.00,0.00,17.030
a,-0.02,1.15,0.05,b,0.00,0.00,0.00,c,1.17,-0.21,1.10,d,0.00,0.00,0.00,17.044
a,-0.02,1.15,0.05,b,0.00,0.00,0.00,c,1.17,-0.21,1.10,d,0.00,0.00,0.00,17.060
a,-0.02,1.15,0.05,b,0.00,0.00,0.00,c,1.17,-0.21,1.10,d,0.00,0.00,0.00,17.077
a,-0.02,1.15,0.05,b,0.00,0.00,0.00,c,1.17,-0.21,1.10,d,0.00,0.00,0.00,17.093
a,-0.02,1.15,0.05,b,0.00,0.00,0.00,c,1.17,-0.21,1.10,d,0.00,0.00,0.00,17.109
a,-0.02,1.15,0.05,b,0.00,0.00,0.00,c,1.17,-0.21,1.10,d,0.00,0.00,0.00,17.126
a,-0.02,1.15,0.05,b,0.00,0.00,0.00,c,1.17,-0.21,1.10,d,0.00,0.00,0.00,17.175
a,-0.02,1.15,0.05,b,0.00,0.00,0.00,c,1.17,-0.21,1.10,d,0.00,0.00,0.00,17.207
a,-0.02,1.15,0.05,b,0.00,0.00,0.00,c,1.17,-0.21,1.10,d,0.00,0.00,0.00,17.219
a,-0.02,1.15,0.05,b,0.00,0.00,0.00,c,1.17,-0.21,1.10,d,0.00,0.00,0.00,17.243
a,-0.02,1.15,0.05,b,0.00,0.00,0.00,c,1.17,-0.21,1.10,d,0.00,0.00,0.00,17.255
a,-0.02,1.15,0.05,b,0.00,0.00,0.00,c,1.17,-0.21,1.10,d,0.00,0.00,0.00,17.368
a,-0.02,1.15,0.05,b,0.00,0.00,0.00,c,1.17,-0.21,1.10,d,0.00,0.00,0.00,17.439
a,-0.02,1.15,0.05,b,0.00,0.00,0.00,c,1.17,-0.21,1.10,d,0.00,0.00,0.00,17.482
a,-0.02,1.15,0.05,b,0.00,0.00,0.00,c,1.17,-0.21,1.10,d,0.00,0.00,0.00,17.538
a,-0.02,1.15,0.05,b,0.00,0.00,0.00,c,1.17,-0.21,1.10,d,0.00,0.00,0.00,17.560
a,-0.02,1.15,0.05,b,0.00,0.00,0.00,c,1.17,-0.21,1.10,d,0.00,0.00,0.00,17.587
a,-0.02,1.15,0.05,b,0.00,0.00,0.00,c,1.17,-0.21,1.10,d,0.00,0.00,0.00,17.608
a,-0.02,1.15,0.05,b,0.00,0.00,0.00,c,1.17,-0.21,1.10,d,0.00,0.00,0.00,17.620
a,-0.02,1.15,0.05,b,0.00,0.00,0.00,c,1.17,-0.21,1.10,d,0.00,0.00,0.00,17.641
a,-0.02,1.15,0.05,b,0.00,0.00,0.00,c,1.17,-0.21,1.10,d,0.00,0.00,0.00,17.651
a,-0.02,1.15,0.05,b,0.00,0.00,0.00,c,1.17,-0.21,1.10,d,0.00,0.00,0.00,17.652
a,-0.02,1.15,0.05,b,0.00,0.00,0.00,c,1.17,-0.21,1.10,d,0.00,0.00,0.00,17.690
a,-0.02,1.15,0.05,b,0.00,0.00,0.00,c,1.17,-0.21,1.10,d,0.00,0.00,0.00,17.705
a,-0.02,1.15,0.05,b,0.00,0.00,0.00,c,1.17,-0.21,1.10,d,0.00,0.00,0.00,17.723
a,-0.02,1.15,0.05,b,0.00,0.00,0.00,c,1.17,-0.21,1.10,d,0.00,0.00,0.00,17.739
a,-0.02,1.15,0.05,b,0.00,0.00,0.00,c,1.17,-0.21,1.10,d,0.00,0.00,0.00,17.756
a,-0.02,1.15,0.05,b,0.00,0.00,0.00,c,1.17,-0.21,1.10,d,0.00,0.00,0.00,17.767
a,-0.02,1.15,0.05,b,0.00,0.00,0.00,c,1.17,-0.21,1.10,d,0.00,0.00,0.00,17.789
a,-0.02,1.15,0.05,b,0.00,0.00,0.00,c,1.17,-0.21,1.10,d,0.00,0.00,0.00,17.805
a,-0.02,1.15,0.05,b,0.00,0.00,0.00,c,1.17,-0.21,1.10,d,0.00,0.00,0.00,17.822
a,-0.02,1.15,0.05,b,0.00,0.00,0.00,c,1.17,-0.21,1.10,d,0.00,0.00,0.00,17.839
a,-0.02,1.15,0.05,b,0.00,0.00,0.00,c,1.17,-0.21,1.10,d,0.00,0.00,0.00,17.855
a,-0.02,1.15,0.05,b,0.00,0.00,0.00,c,1.17,-0.21,1.10,d,0.00,0.00,0.00,17.873
a,-0.02,1.15,0.05,b,0.00,0.00,0.00,c,1.17,-0.21,1.10,d,0.00,0.00,0.00,17.889
a,-0.02,1.15,0.05,b,0.00,0.00,0.00,c,1.17,-0.21,1.10,d,0.00,0.00,0.00,17.905
a,-0.02,1.15,0.05,b,0.00,0.00,0.00,c,1.17,-0.21,1.10,d,0.00,0.00,0.00,17.932
a,-0.02,1.15,0.05,b,0.00,0.00,0.00,c,1.17,-0.21,1.10,d,0.00,0.00,0.00,17.944
a,-0.02,1.15,0.05,b,0.00,0.00,0.00,c,1.17,-0.21,1.10,d,0.00,0.00,0.00,17.955
a,-0.02,1.15,0.05,b,0.00,0.00,0.00,c,1.17,-0.21,1.10,d,0.00,0.00,0.00,17.972
a,-0.02,1.15,0.05,b,0.00,0.00,0.00,c,1.17,-0.21,1.10,d,0.00,0.00,0.00,17.989
a,-0.02,1.15,0.05,b,0.00,0.00,0.00,c,1.17,-0.21,1.10,d,0.00,0.00,0.00,18.006
a,-0.02,1.15,0.05,b,0.00,0.00,0.00,c,1.17,-0.21,1.10,d,0.00,0.00,0.00,18.022
a,-0.02,1.15,0.05,b,0.00,0.00,0.00,c,1.17,-0.21,1.10,d,0.00,0.00,0.00,18.039
a,-0.02,1.15,0.05,b,0.00,0.00,0.00,c,1.17,-0.21,1.10,d,0.00,0.00,0.00,18.055
a,-0.02,1.15,0.05,b,0.00,0.00,0.00,c,1.17,-0.21,1.10,d,0.00,0.00,0.00,18.243
a,-0.02,1.15,0.05,b,0.00,0.00,0.00,c,1.17,-0.21,1.10,d,0.00,0.00,0.00,18.320
a,-0.02,1.15,0.05,b,0.00,0.00,0.00,c,1.17,-0.21,1.10,d,0.00,0.00,0.00,18.364
a,-0.02,1.15,0.05,b,0.00,0.00,0.00,c,1.17,-0.21,1.10,d,0.00,0.00,0.00,18.386
a,-0.02,1.15,0.05,b,0.00,0.00,0.00,c,1.17,-0.21,1.10,d,0.00,0.00,0.00,18.418
a,-0.02,1.15,0.05,b,0.00,0.00,0.00,c,1.17,-0.21,1.10,d,0.00,0.00,0.00,18.441
a,-0.02,1.15,0.05,b,0.00,0.00,0.00,c,1.17,-0.21,1.10,d,0.00,0.00,0.00,18.454
a,-0.02,1.15,0.05,b,0.00,0.00,0.00,c,1.17,-0.21,1.10,d,0.00,0.00,0.00,18.466
a,-0.02,1.15,0.05,b,0.00,0.00,0.00,c,1.17,-0.21,1.10,d,0.00,0.00,0.00,18.478
a,-0.02,1.15,0.05,b,0.00,0.00,0.00,c,1.17,-0.21,1.10,d,0.00,0.00,0.00,18.491
a,-0.02,1.15,0.05,b,0.00,0.00,0.00,c,1.17,-0.21,1.10,d,0.00,0.00,0.00,18.507
a,-0.02,1.15,0.05,b,0.00,0.00,0.00,c,1.17,-0.21,1.10,d,0.00,0.00,0.00,18.535
a,-0.02,1.15,0.05,b,0.00,0.00,0.00,c,1.17,-0.21,1.10,d,0.00,0.00,0.00,18.558
a,-0.02,1.15,0.05,b,0.00,0.00,0.00,c,1.17,-0.21,1.10,d,0.00,0.00,0.00,18.571
a,-0.02,1.15,0.05,b,0.00,0.00,0.00,c,1.17,-0.21,1.10,d,0.00,0.00,0.00,18.584
a,-0.02,1.15,0.05,b,0.00,0.00,0.00,c,1.17,-0.21,1.10,d,0.00,0.00,0.00,18.597
a,-0.02,1.15,0.05,b,0.00,0.00,0.00,c,1.17,-0.21,1.10,d,0.00,0.00,0.00,18.609
a,-0.02,1.15,0.05,b,0.00,0.00,0.00,c,1.17,-0.21,1.10,d,0.00,0.00,0.00,18.624
a,-0.02,1.15,0.05,b,0.00,0.00,0.00,c,1.17,-0.21,1.10,d,0.00,0.00,0.00,18.641
a,-0.02,1.15,0.05,b,0.00,0.00,0.00,c,1.17,-0.21,1.10,d,0.00,0.00,0.00,18.657
a,-0.02,1.15,0.05,b,0.00,0.00,0.00,c,1.17,-0.21,1.10,d,0.00,0.00,0.00,18.674
a,-0.02,1.15,0.05,b,0.00,0.00,0.00,c,1.17,-0.21,1.10,d,0.00,0.00,0.00,18.712
a,-0.02,1.15,0.05,b,0.00,0.00,0.00,c,1.17,-0.21,1.10,d,0.00,0.00,0.00,18.724
a,-0.02,1.15,0.05,b,0.00,0.00,0.00,c,1.17,-0.21,1.10,d,0.00,0.00,0.00,18.737
a,-0.02,1.15,0.05,b,0.00,0.00,0.00,c,1.17,-0.21,1.10,d,0.00,0.00,0.00,18.749
a,-0.02,1.15,0.05,b,0.00,0.00,0.00,c,1.17,-0.21,1.10,d,0.00,0.00,0.00,18.761
a,-0.02,1.15,0.05,b,0.00,0.00,0.00,c,1.17,-0.21,1.10,d,0.00,0.00,0.00,18.774
a,-0.02,1.15,0.05,b,0.00,0.00,0.00,c,1.17,-0.21,1.10,d,0.00,0.00,0.00,18.791
a,-0.02,1.15,0.05,b,0.00,0.00,0.00,c,1.17,-0.21,1.10,d,0.00,0.00,0.00,18.807
a,-0.02,1.15,0.05,b,0.00,0.00,0.00,c,1.17,-0.21,1.10,d,0.00,0.00,0.00,18.824
a,-0.02,1.15,0.05,b,0.00,0.00,0.00,c,1.17,-0.21,1.10,d,0.00,0.00,0.00,18.841
a,-0.02,1.15,0.05,b,0.00,0.00,0.00,c,1.17,-0.21,1.10,d,0.00,0.00,0.00,18.980
a,-0.02,1.15,0.05,b,0.00,0.00,0.00,c,1.17,-0.21,1.10,d,0.00,0.00,0.00,19.058
a,-0.02,1.15,0.05,b,0.00,0.00,0.00,c,1.17,-0.21,1.10,d,0.00,0.00,0.00,19.125
a,-0.02,1.15,0.05,b,0.00,0.00,0.00,c,1.17,-0.21,1.10,d,0.00,0.00,0.00,19.171
a,-0.02,1.15,0.05,b,0.00,0.00,0.00,c,1.17,-0.21,1.10,d,0.00,0.00,0.00,19.218
a,-0.02,1.15,0.05,b,0.00,0.00,0.00,c,1.17,-0.21,1.10,d,0.00,0.00,0.00,19.243
a,-0.02,1.15,0.05,b,0.00,0.00,0.00,c,1.17,-0.21,1.10,d,0.00,0.00,0.00,19.267
a,-0.02,1.15,0.05,b,0.00,0.00,0.00,c,1.17,-0.21,1.10,d,0.00,0.00,0.00,19.292
a,-0.02,1.15,0.05,b,0.00,0.00,0.00,c,1.17,-0.21,1.10,d,0.00,0.00,0.00,19.317
a,-0.02,1.15,0.05,b,0.00,0.00,0.00,c,1.17,-0.21,1.10,d,0.00,0.00,0.00,19.330
a,-0.02,1.15,0.05,b,0.00,0.00,0.00,c,1.17,-0.21,1.10,d,0.00,0.00,0.00,19.378
a,-0.02,1.15,0.05,b,0.00,0.00,0.00,c,1.17,-0.21,1.10,d,0.00,0.00,0.00,19.403
a,-0.02,1.15,0.05,b,0.00,0.00,0.00,c,1.17,-0.21,1.10,d,0.00,0.00,0.00,19.428
a,-0.02,1.15,0.05,b,0.00,0.00,0.00,c,1.17,-0.21,1.10,d,0.00,0.00,0.00,19.442
a,-0.02,1.15,0.05,b,0.00,0.00,0.00,c,1.17,-0.21,1.10,d,0.00,0.00,0.00,19.467
a,-0.02,1.15,0.05,b,0.00,0.00,0.00,c,1.17,-0.21,1.10,d,0.00,0.00,0.00,19.480
a,-0.02,1.15,0.05,b,0.00,0.00,0.00,c,1.17,-0.21,1.10,d,0.00,0.00,0.00,19.494
a,-0.02,1.15,0.05,b,0.00,0.00,0.00,c,1.17,-0.21,1.10,d,0.00,0.00,0.00,19.510
a,-0.02,1.15,0.05,b,0.00,0.00,0.00,c,1.17,-0.21,1.10,d,0.00,0.00,0.00,19.526
a,-0.02,1.15,0.05,b,0.00,0.00,0.00,c,1.17,-0.21,1.10,d,0.00,0.00,0.00,19.543
a,-0.02,1.15,0.05,b,0.00,0.00,0.00,c,1.17,-0.21,1.10,d,0.00,0.00,0.00,19.593
a,-0.02,1.15,0.05,b,0.00,0.00,0.00,c,1.17,-0.21,1.10,d,0.00,0.00,0.00,19.627
a,-0.02,1.15,0.05,b,0.00,0.00,0.00,c,1.17,-0.21,1.10,d,0.00,0.00,0.00,19.639
a,-0.02,1.15,0.05,b,0.00,0.00,0.00,c,1.17,-0.21,1.10,d,0.00,0.00,0.00,19.661
a,-0.02,1.15,0.05,b,0.00,0.00,0.00,c,1.17,-0.21,1.10,d,0.00,0.00,0.00,19.773
a,-0.02,1.15,0.05,b,0.00,0.00,0.00,c,1.17,-0.21,1.10,d,0.00,0.00,0.00,19.851
a,-0.02,1.15,0.05,b,0.00,0.00,0.00,c,1.17,-0.21,1.10,d,0.00,0.00,0.00,19.919
a,-0.02,1.15,0.05,b,0.00,0.00,0.00,c,1.17,-0.21,1.10,d,0.00,0.00,0.00,19.976
a,-0.02,1.15,0.05,b,0.00,0.00,0.00,c,1.17,-0.21,1.10,d,0.00,0.00,0.00,20.012
a,-0.02,1.15,0.05,b,0.00,0.00,0.00,c,1.17,-0.21,1.10,d,0.00,0.00,0.00,20.036
a,-0.02,1.15,0.05,b,0.00,0.00,0.00,c,1.17,-0.21,1.10,d,0.00,0.00,0.00,20.102
a,-0.02,1.15,0.05,b,0.00,0.00,0.00,c,1.17,-0.21,1.10,d,0.00,0.00,0.00,20.125
a,-0.02,1.15,0.05,b,0.00,0.00,0.00,c,1.17,-0.21,1.10,d,0.00,0.00,0.00,20.147
a,-0.02,1.15,0.05,b,0.00,0.00,0.00,c,1.17,-0.21,1.10,d,0.00,0.00,0.00,20.159
a,-0.02,1.15,0.05,b,0.00,0.00,0.00,c,1.17,-0.21,1.10,d,0.00,0.00,0.00,20.183
a,-0.02,1.15,0.05,b,0.00,0.00,0.00,c,1.17,-0.21,1.10,d,0.00,0.00,0.00,20.195
a,-0.02,1.15,0.05,b,0.00,0.00,0.00,c,1.17,-0.21,1.10,d,0.00,0.00,0.00,20.207
a,-0.02,1.15,0.05,b,0.00,0.00,0.00,c,1.17,-0.21,1.10,d,0.00,0.00,0.00,20.224
a,-0.02,1.15,0.05,b,0.00,0.00,0.00,c,1.17,-0.21,1.10,d,0.00,0.00,0.00,20.241
a,-0.02,1.15,0.05,b,0.00,0.00,0.00,c,1.17,-0.21,1.10,d,0.00,0.00,0.00,20.258
a,-0.02,1.15,0.05,b,0.00,0.00,0.00,c,1.17,-0.21,1.10,d,0.00,0.00,0.00,20.283
a,-0.02,1.15,0.05,b,0.00,0.00,0.00,c,1.17,-0.21,1.10,d,0.00,0.00,0.00,20.306
a,-0.02,1.15,0.05,b,0.00,0.00,0.00,c,1.17,-0.21,1.10,d,0.00,0.00,0.00,20.319
a,-0.02,1.15,0.05,b,0.00,0.00,0.00,c,1.17,-0.21,1.10,d,0.00,0.00,0.00,20.332
a,-0.02,1.15,0.05,b,0.00,0.00,0.00,c,1.17,-0.21,1.10,d,0.00,0.00,0.00,20.344
a,-0.02,1.15,0.05,b,0.00,0.00,0.00,c,1.17,-0.21,1.10,d,0.00,0.00,0.00,20.358
a,-0.02,1.15,0.05,b,0.00,0.00,0.00,c,1.17,-0.21,1.10,d,0.00,0.00,0.00,20.374
a,-0.02,1.15,0.05,b,0.00,0.00,0.00,c,1.17,-0.21,1.10,d,0.00,0.00,0.00,20.391
a,-0.02,1.15,0.05,b,0.00,0.00,0.00,c,1.17,-0.21,1.10,d,0.00,0.00,0.00,20.407
a,-0.02,1.15,0.05,b,0.00,0.00,0.00,c,1.17,-0.21,1.10,d,0.00,0.00,0.00,20.424
