0.000000,0.000000,-0.000000,0.000000,-0.006908,-0.057573,0.004788,-0.297796,1.341566,-0.306207,0.010251,-0.889763,0.040547,-3.089094,-0.125708,-3.083600
0.217103,0.000000,-0.000000,0.000000,-0.006908,-0.057573,0.004788,-0.297796,1.341566,-0.306207,0.010251,-0.889763,0.040547,-3.089094,-0.125708,-3.083600
0.348970,0.000000,-0.000000,0.000000,-0.006908,-0.057573,0.004788,-0.297796,1.341566,-0.306207,0.010251,-0.889763,0.040547,-3.089094,-0.125708,-3.083600
0.615877,0.000000,-0.000000,0.000000,-0.006908,-0.057573,0.004788,-0.297796,1.341566,-0.306207,0.010251,-0.889763,0.040547,-3.089094,-0.125708,-3.083600
0.916264,0.000000,-0.000000,0.000000,-0.006908,-0.057573,0.004788,-0.297796,1.341566,-0.306207,0.010251,-0.889763,0.040547,-3.089094,-0.125708,-3.083600
1.191860,0.000000,-0.000000,0.000000,-0.006908,-0.057573,0.004788,-0.297796,1.341566,-0.306207,0.010251,-0.889763,0.040547,-3.089094,-0.125708,-3.083600
1.389387,0.000000,-0.000000,0.000000,-0.006908,-0.057573,0.004788,-0.297796,1.341566,-0.306207,0.010251,-0.889763,0.040547,-3.089094,-0.125708,-3.083600
1.625650,0.000000,-0.000000,0.000000,-0.006908,-0.057573,0.004788,-0.297796,1.341566,-0.306207,0.010251,-0.889763,0.040547,-3.089094,-0.125708,-3.083600
1.860119,0.000000,-0.000000,0.000000,-0.006908,-0.057573,0.004788,-0.297796,1.341566,-0.306207,0.010251,-0.889763,0.040547,-3.089094,-0.125708,-3.083600
2.103272,0.000000,-0.000000,0.000000,-0.006908,-0.057573,0.004788,-0.297796,1.341566,-0.306207,0.010251,-0.889763,0.040547,-3.089094,-0.125708,-3.083600
2.354699,0.000000,-0.000000,0.000000,-0.006908,-0.057573,0.004788,-0.297796,1.341566,-0.306207,0.010251,-0.889763,0.040547,-3.089094,-0.125708,-3.083600
2.600572,0.000000,-0.000000,0.000000,-0.006908,-0.057573,0.004788,-0.297796,1.341566,-0.306207,0.010251,-0.889763,0.040547,-3.089094,-0.125708,-3.083600
2.834639,0.000000,-0.000000,0.000000,-0.006908,-0.057573,0.004788,-0.297796,1.341566,-0.306207,0.010251,-0.889763,0.040547,-3.089094,-0.125708,-3.083600
3.086405,0.000000,-0.000000,0.000000,-0.006908,-0.057573,0.004788,-0.297796,1.341566,-0.306207,0.010251,-0.889763,0.040547,-3.089094,-0.125708,-3.083600
3.322898,0.000000,-0.000000,0.000000,-0.006908,-0.057573,0.004788,-0.297796,1.341566,-0.306207,0.010251,-0.889763,0.040547,-3.089094,-0.125708,-3.083600
3.564001,0.000000,-0.000000,0.000000,-0.006908,-0.057573,0.004788,-0.297796,1.341566,-0.306207,0.010251,-0.889763,0.040547,-3.089094,-0.125708,-3.083600
3.818240,0.000000,-0.000000,0.000000,-0.006908,-0.057573,0.004788,-0.297796,1.341566,-0.306207,0.010251,-0.889763,0.040547,-3.089094,-0.125708,-3.083600
4.067648,0.000000,-0.000000,0.000000,-0.006908,-0.057573,0.004788,-0.297796,1.341566,-0.306207,0.010251,-0.889763,0.040547,-3.089094,-0.125708,-3.083600
4.338336,0.000000,-0.000000,0.000000,-0.006908,-0.057573,0.004788,-0.297796,1.341566,-0.306207,0.010251,-0.889763,0.040547,-3.089094,-0.125708,-3.083600
4.605794,0.000000,-0.000000,0.000000,-0.006908,-0.057573,0.004788,-0.297796,1.341566,-0.306207,0.010251,-0.889763,0.040547,-3.089094,-0.125708,-3.083600
4.853257,0.000000,-0.000000,0.000000,-0.006908,-0.057573,0.004788,-0.297796,1.341566,-0.306207,0.010251,-0.889763,0.040547,-3.089094,-0.125708,-3.083600
5.125908,0.000000,-0.000000,0.000000,-0.006908,-0.057573,0.004788,-0.297796,1.341566,-0.306207,0.010251,-0.889763,0.040547,-3.089094,-0.125708,-3.083600
5.398012,0.000000,-0.000000,0.000000,-0.006908,-0.057573,0.004788,-0.297796,1.341566,-0.306207,0.010251,-0.889763,0.040547,-3.089094,-0.125708,-3.083600
5.626294,0.000000,-0.000000,0.000000,-0.006908,-0.057573,0.004788,-0.297796,1.341566,-0.306207,0.010251,-0.889763,0.040547,-3.089094,-0.125708,-3.083600
5.866854,0.000000,-0.000000,0.000000,-0.006908,-0.057573,0.004788,-0.297796,1.341566,-0.306207,0.010251,-0.889763,0.040547,-3.089094,-0.125708,-3.083600
6.128802,0.000000,-0.000000,0.000000,-0.006908,-0.057573,0.004788,-0.297796,1.341566,-0.306207,0.010251,-0.889763,0.040547,-3.089094,-0.125708,-3.083600
6.382597,0.000000,-0.000000,0.000000,-0.006908,-0.057573,0.004788,-0.297796,1.341566,-0.306207,0.010251,-0.889763,0.040547,-3.089094,-0.125708,-3.083600
6.654715,0.000000,-0.000000,0.000000,-0.006908,-0.057573,0.004788,-0.293267,1.343385,-0.304205,0.010251,-0.889763,0.040547,-3.089094,-0.125708,-3.083600
6.920790,0.000000,-0.000000,0.000000,-0.006908,-0.057573,0.004788,-0.293267,1.343385,-0.304205,0.010251,-0.889763,0.040547,-3.089094,-0.125708,-3.083600
7.166492,0.000000,-0.000000,0.000000,-0.006908,-0.057573,0.004788,-0.293267,1.343385,-0.304205,0.010251,-0.889763,0.040547,-3.089094,-0.125708,-3.083600
7.413000,0.000000,-0.000000,0.000000,-0.006908,-0.057573,0.004788,-0.284187,1.342332,-0.297640,0.010251,-0.889763,0.040547,-3.089094,-0.125708,-3.083600
7.678581,0.000000,-0.000000,0.000000,-0.006908,-0.057573,0.004788,-0.284187,1.342332,-0.297640,0.010251,-0.889763,0.040547,-3.089094,-0.125708,-3.083600
7.941424,0.000000,-0.000000,0.000000,-0.006908,-0.057573,0.004788,-0.284187,1.342332,-0.297640,0.010251,-0.889763,0.040547,-3.089094,-0.125708,-3.083600
8.211788,0.000000,-0.000000,0.000000,-0.006908,-0.057573,0.004788,-0.284187,1.342332,-0.297640,0.010251,-0.889763,0.040547,-3.089094,-0.125708,-3.083600
8.464611,0.000000,-0.000000,0.000000,-0.006908,-0.057573,0.004788,-0.284187,1.342332,-0.297640,0.010251,-0.889763,0.040547,-3.089094,-0.125708,-3.083600
8.726209,0.000000,-0.000000,0.000000,-0.006908,-0.057573,0.004788,-0.284187,1.342332,-0.297640,0.010251,-0.889763,0.040547,-3.089094,-0.125708,-3.083600
8.987690,0.000000,-0.000000,0.000000,-0.006908,-0.057573,0.004788,-0.284187,1.342332,-0.297640,0.010251,-0.889763,0.040547,-3.089094,-0.125708,-3.083600
9.230717,0.000000,-0.000000,0.000000,-0.006908,-0.057573,0.004788,-0.284187,1.342332,-0.297640,0.010251,-0.889763,0.040547,-3.089094,-0.125708,-3.083600
9.473810,0.000000,-0.000000,0.000000,-0.006908,-0.057573,0.004788,-0.284187,1.342332,-0.297640,0.010251,-0.889763,0.040547,-3.089094,-0.125708,-3.083600
9.743947,0.000000,-0.000000,0.000000,-0.006908,-0.057573,0.004788,-0.284187,1.342332,-0.297640,0.010251,-0.889763,0.040547,-3.089094,-0.125708,-3.083600
10.013190,0.000000,-0.000000,0.000000,-0.006908,-0.057573,0.004788,-0.284187,1.342332,-0.297640,0.010251,-0.889763,0.040547,-3.089094,-0.125708,-3.083600
10.285098,0.000000,-0.000000,0.000000,-0.006908,-0.057573,0.004788,-0.284187,1.342332,-0.297640,0.010251,-0.889763,0.040547,-3.089094,-0.125708,-3.083600
10.531467,0.000000,-0.000000,0.000000,-0.006908,-0.057573,0.004788,-0.284187,1.342332,-0.297640,0.010251,-0.889763,0.040547,-3.089094,-0.125708,-3.083600
10.793516,0.000000,-0.000000,0.000000,-0.006908,-0.057573,0.004788,-0.284187,1.342332,-0.297640,0.010251,-0.889763,0.040547,-3.089094,-0.125708,-3.083600
11.074917,0.000000,-0.000000,0.000000,-0.006908,-0.057573,0.004788,-0.284187,1.342332,-0.297640,0.010251,-0.889763,0.040547,-3.089094,-0.125708,-3.083600
11.314777,0.000000,-0.000000,0.000000,-0.006908,-0.057573,0.004788,-0.284187,1.342332,-0.297640,0.010251,-0.889763,0.040547,-3.089094,-0.125708,-3.083600
11.578774,0.000000,-0.000000,0.000000,-0.006908,-0.057573,0.004788,-0.284187,1.342332,-0.297640,0.010251,-0.889763,0.040547,-3.089094,-0.125708,-3.083600
11.838062,0.000000,-0.000000,0.000000,-0.006908,-0.057573,0.004788,-0.284187,1.342332,-0.297640,0.010251,-0.889763,0.040547,-3.089094,-0.125708,-3.083600
12.127586,0.000000,-0.000000,0.000000,-0.006908,-0.057573,0.004788,-0.284187,1.342332,-0.297640,0.010251,-0.889763,0.040547,-3.089094,-0.125708,-3.083600
12.350965,0.000000,-0.000000,0.000000,-0.006908,-0.057573,0.004788,-0.284187,1.342332,-0.297640,0.010251,-0.889763,0.040547,-3.089094,-0.125708,-3.083600
12.601849,0.000000,-0.000000,0.000000,-0.006908,-0.057573,0.004788,-0.284187,1.342332,-0.297640,0.010251,-0.889763,0.040547,-3.089094,-0.125708,-3.083600
12.850970,0.000000,-0.000000,0.000000,-0.006908,-0.057573,0.004788,-0.284187,1.342332,-0.297640,0.010251,-0.889763,0.040547,-3.089094,-0.125708,-3.083600
13.095852,0.000000,-0.000000,0.000000,-0.006908,-0.057573,0.004788,-0.284187,1.342332,-0.297640,0.010251,-0.889763,0.040547,-3.089094,-0.125708,-3.083600
13.361137,0.000000,-0.000000,0.000000,-0.006908,-0.057573,0.004788,-0.284187,1.342332,-0.297640,0.010251,-0.889763,0.040547,-3.089094,-0.125708,-3.083600
13.626009,0.000000,-0.000000,0.000000,-0.006908,-0.057573,0.004788,-0.284187,1.342332,-0.297640,0.010251,-0.889763,0.040547,-3.089094,-0.125708,-3.083600
13.868802,0.000000,-0.000000,0.000000,-0.006908,-0.057573,0.004788,-0.284187,1.342332,-0.297640,0.010251,-0.889763,0.040547,-3.089094,-0.125708,-3.083600
14.112398,0.000000,-0.000000,0.000000,-0.006908,-0.057573,0.004788,-0.284187,1.342332,-0.297640,0.010251,-0.889763,0.040547,-3.089094,-0.125708,-3.083600
14.357587,0.000000,-0.000000,0.000000,-0.006908,-0.057573,0.004788,-0.284187,1.342332,-0.297640,0.010251,-0.889763,0.040547,-3.089094,-0.125708,-3.083600
14.618866,0.000000,-0.000000,0.000000,-0.006908,-0.057573,0.004788,-0.284187,1.342332,-0.297640,0.010251,-0.889763,0.040547,-3.089094,-0.125708,-3.083600
14.882296,0.000000,-0.000000,0.000000,-0.006908,-0.057573,0.004788,-0.284187,1.342332,-0.297640,0.010251,-0.889763,0.040547,-3.089094,-0.125708,-3.083600
15.146146,0.000000,-0.000000,0.000000,-0.006908,-0.057573,0.004788,-0.284187,1.342332,-0.297640,0.010251,-0.889763,0.040547,-3.089094,-0.125708,-3.083600
15.387867,0.000000,-0.000000,0.000000,-0.006908,-0.057573,0.004788,-0.284187,1.342332,-0.297640,0.010251,-0.889763,0.040547,-3.089094,-0.125708,-3.083600
15.630326,0.000000,-0.000000,0.000000,-0.006908,-0.057573,0.004788,-0.284187,1.342332,-0.297640,0.010251,-0.889763,0.040547,-3.089094,-0.125708,-3.083600
15.881620,0.000000,-0.000000,0.000000,-0.006908,-0.057573,0.004788,-0.284187,1.342332,-0.297640,0.010251,-0.889763,0.040547,-3.089094,-0.125708,-3.083600
16.126505,0.000000,-0.000000,0.000000,-0.006908,-0.057573,0.004788,-0.284187,1.342332,-0.297640,0.010251,-0.889763,0.040547,-3.089094,-0.125708,-3.083600
16.371570,0.000000,-0.000000,0.000000,-0.006908,-0.057573,0.004788,-0.284187,1.342332,-0.297640,0.010251,-0.889763,0.040547,-3.089094,-0.125708,-3.083600
16.597681,0.000000,-0.000000,0.000000,-0.006908,-0.057573,0.004788,-0.284187,1.342332,-0.297640,0.010251,-0.889763,0.040547,-3.089094,-0.125708,-3.083600
16.869620,0.000000,-0.000000,0.000000,-0.006908,-0.057573,0.004788,-0.284187,1.342332,-0.297640,0.010251,-0.889763,0.040547,-3.089094,-0.125708,-3.083600
17.139205,0.000000,-0.000000,0.000000,-0.006908,-0.057573,0.004788,-0.284187,1.342332,-0.297640,0.010251,-0.889763,0.040547,-3.089094,-0.125708,-3.083600
17.411288,0.000000,-0.000000,0.000000,-0.006908,-0.057573,0.004788,-0.284187,1.342332,-0.297640,0.010251,-0.889763,0.040547,-3.089094,-0.125708,-3.083600
17.665011,0.000000,-0.000000,0.000000,-0.006908,-0.057573,0.004788,-0.284187,1.342332,-0.297640,0.010251,-0.889763,0.040547,-3.089094,-0.125708,-3.083600
17.932021,0.000000,-0.000000,0.000000,-0.006908,-0.057573,0.004788,-0.284187,1.342332,-0.297640,0.010251,-0.889763,0.040547,-3.089094,-0.125708,-3.083600
18.194751,0.000000,-0.000000,0.000000,-0.006908,-0.057573,0.004788,-0.284187,1.342332,-0.297640,0.010251,-0.889763,0.040547,-3.089094,-0.125708,-3.083600
18.439258,0.000000,-0.000000,0.000000,-0.006908,-0.057573,0.004788,-0.284187,1.342332,-0.297640,0.010251,-0.889763,0.040547,-3.089094,-0.125708,-3.083600
18.682192,0.000000,-0.000000,0.000000,-0.006908,-0.057573,0.004788,-0.284187,1.342332,-0.297640,0.010251,-0.889763,0.040547,-3.089094,-0.125708,-3.083600
18.922386,0.000000,-0.000000,0.000000,-0.006908,-0.057573,0.004788,-0.284187,1.342332,-0.297640,0.010251,-0.889763,0.040547,-3.089094,-0.125708,-3.083600
19.186123,0.000000,-0.000000,0.000000,-0.006908,-0.057573,0.004788,-0.284187,1.342332,-0.297640,0.010251,-0.889763,0.040547,-3.089094,-0.125708,-3.083600
19.449567,0.000000,-0.000000,0.000000,-0.006908,-0.057573,0.004788,-0.284187,1.342332,-0.297640,0.010251,-0.889763,0.040547,-3.089094,-0.125708,-3.083600
19.719450,0.000000,-0.000000,0.000000,-0.006908,-0.057573,0.004788,-0.284187,1.342332,-0.297640,0.010251,-0.889763,0.040547,-3.089094,-0.125708,-3.083600
19.965524,0.000000,-0.000000,0.000000,-0.006908,-0.057573,0.004788,-0.284187,1.342332,-0.297640,0.010251,-0.889763,0.040547,-3.089094,-0.125708,-3.083600
20.217180,0.000000,-0.000000,0.000000,-0.006908,-0.057573,0.004788,-0.284187,1.342332,-0.297640,0.010251,-0.889763,0.040547,-3.089094,-0.125708,-3.083600
20.490293,0.000000,-0.000000,0.000000,-0.006908,-0.057573,0.004788,-0.284187,1.342332,-0.297640,0.010251,-0.889763,0.040547,-3.089094,-0.125708,-3.083600
20.761921,0.000000,-0.000000,0.000000,-0.006908,-0.057573,0.004788,-0.284187,1.342332,-0.297640,0.010251,-0.889763,0.040547,-3.089094,-0.125708,-3.083600
20.987460,0.000000,-0.000000,0.000000,-0.006908,-0.057573,0.004788,-0.284187,1.342332,-0.297640,0.010251,-0.889763,0.040547,-3.089094,-0.125708,-3.083600
21.248198,0.000000,-0.000000,0.000000,-0.006908,-0.057573,0.004788,-0.284187,1.342332,-0.297640,0.010251,-0.889763,0.040547,-3.089094,-0.125708,-3.083600
21.501539,0.000000,-0.000000,0.000000,-0.006908,-0.057573,0.004788,-0.284187,1.342332,-0.297640,0.010251,-0.889763,0.040547,-3.089094,-0.125708,-3.083600
21.773813,0.000000,-0.000000,0.000000,-0.006908,-0.057573,0.004788,-0.284187,1.342332,-0.297640,0.010251,-0.889763,0.040547,-3.089094,-0.125708,-3.083600
22.037802,0.000000,-0.000000,0.000000,-0.006908,-0.057573,0.004788,-0.284187,1.342332,-0.297640,0.010251,-0.889763,0.040547,-3.089094,-0.125708,-3.083600
22.261237,0.000000,-0.000000,0.000000,-0.006908,-0.057573,0.004788,-0.284187,1.342332,-0.297640,0.010251,-0.889763,0.040547,-3.089094,-0.125708,-3.083600
22.550461,0.000000,-0.000000,0.000000,-0.006908,-0.057573,0.004788,-0.284187,1.342332,-0.297640,0.010251,-0.889763,0.040547,-3.089094,-0.125708,-3.083600
22.804268,0.000000,-0.000000,0.000000,-0.006908,-0.057573,0.004788,-0.284187,1.342332,-0.297640,0.010251,-0.889763,0.040547,-3.089094,-0.125708,-3.083600
23.069827,0.000000,-0.000000,0.000000,-0.006908,-0.057573,0.004788,-0.284187,1.342332,-0.297640,0.010251,-0.889763,0.040547,-3.089094,-0.125708,-3.083600
23.323224,0.000000,-0.000000,0.000000,-0.006908,-0.057573,0.004788,-0.284187,1.342332,-0.297640,0.010251,-0.889763,0.040547,-3.089094,-0.125708,-3.083600
23.575870,0.000000,-0.000000,0.000000,-0.006908,-0.057573,0.004788,-0.284187,1.342332,-0.297640,0.010251,-0.889763,0.040547,-3.089094,-0.125708,-3.083600
23.848063,0.000000,-0.000000,0.000000,-0.006908,-0.057573,0.004788,-0.284187,1.342332,-0.297640,0.010251,-0.889763,0.040547,-3.089094,-0.125708,-3.083600
24.112759,0.000000,-0.000000,0.000000,-0.006908,-0.057573,0.004788,-0.284187,1.342332,-0.297640,0.010251,-0.889763,0.040547,-3.089094,-0.125708,-3.083600
24.357698,0.000000,-0.000000,0.000000,-0.006908,-0.057573,0.004788,-0.284187,1.342332,-0.297640,0.010251,-0.889763,0.040547,-3.089094,-0.125708,-3.083600
24.602714,0.000000,-0.000000,0.000000,-0.006908,-0.057573,0.004788,-0.284187,1.342332,-0.297640,0.010251,-0.889763,0.040547,-3.089094,-0.125708,-3.083600
24.867039,0.000000,-0.000000,0.000000,-0.006908,-0.057573,0.004788,-0.284187,1.342332,-0.297640,0.010251,-0.889763,0.040547,-3.089094,-0.125708,-3.083600
25.154985,0.000000,-0.000000,0.000000,-0.006908,-0.057573,0.004788,-0.284187,1.342332,-0.297640,0.016207,-0.892695,0.030892,-3.089094,-0.125708,-3.083600
25.407855,0.000000,-0.000000,0.000000,-0.006908,-0.057573,0.004788,-0.284187,1.342332,-0.297640,0.016207,-0.892695,0.030892,-3.089094,-0.125708,-3.083600
25.661285,0.000000,-0.000000,0.000000,-0.006908,-0.057573,0.004788,-0.284187,1.342332,-0.297640,0.016207,-0.892695,0.030892,-3.089094,-0.125708,-3.083600
25.903878,0.000000,-0.000000,0.000000,-0.006908,-0.057573,0.004788,-0.284187,1.342332,-0.297640,0.016207,-0.892695,0.030892,-3.089094,-0.125708,-3.083600
26.163120,0.000000,-0.000000,0.000000,-0.006908,-0.057573,0.004788,-0.284187,1.342332,-0.297640,0.016207,-0.892695,0.030892,-3.089094,-0.125708,-3.083600
26.428142,0.000000,-0.000000,0.000000,-0.006908,-0.057573,0.004788,-0.284187,1.342332,-0.297640,0.016207,-0.892695,0.030892,-3.089094,-0.125708,-3.083600
26.679465,0.000000,-0.000000,0.000000,-0.006908,-0.057573,0.004788,-0.284187,1.342332,-0.297640,0.016207,-0.892695,0.030892,-3.089094,-0.125708,-3.083600
26.946610,0.000000,-0.000000,0.000000,-0.006908,-0.057573,0.004788,-0.284187,1.342332,-0.297640,0.016207,-0.892695,0.030892,-3.089094,-0.125708,-3.083600
27.236232,0.000000,-0.000000,0.000000,-0.006908,-0.057573,0.004788,-0.284187,1.342332,-0.297640,0.016207,-0.892695,0.030892,-3.089094,-0.125708,-3.083600
27.483678,0.000000,-0.000000,0.000000,-0.006908,-0.057573,0.004788,-0.284187,1.342332,-0.297640,0.016207,-0.892695,0.030892,-3.089094,-0.125708,-3.083600
27.734333,0.000000,-0.000000,0.000000,-0.006908,-0.057573,0.004788,-0.284187,1.342332,-0.297640,0.016207,-0.892695,0.030892,-3.089094,-0.125708,-3.083600
27.976252,0.000000,-0.000000,0.000000,-0.006908,-0.057573,0.004788,-0.284187,1.342332,-0.297640,0.016207,-0.892695,0.030892,-3.089094,-0.125708,-3.083600
28.246909,0.000000,-0.000000,0.000000,-0.006908,-0.057573,0.004788,-0.284187,1.342332,-0.297640,0.016207,-0.892695,0.030892,-3.089094,-0.125708,-3.083600
28.504386,0.000000,-0.000000,0.000000,-0.006908,-0.057573,0.004788,-0.284187,1.342332,-0.297640,0.016207,-0.892695,0.030892,-3.089094,-0.125708,-3.083600
28.744256,0.000000,-0.000000,0.000000,-0.006908,-0.057573,0.004788,-0.284187,1.342332,-0.297640,0.016207,-0.892695,0.030892,-3.089094,-0.125708,-3.083600
28.987642,0.000000,-0.000000,0.000000,-0.006908,-0.057573,0.004788,-0.284187,1.342332,-0.297640,0.016207,-0.892695,0.030892,-3.089094,-0.125708,-3.083600
29.233217,0.000000,-0.000000,0.000000,-0.006908,-0.057573,0.004788,-0.284187,1.342332,-0.297640,0.016207,-0.892695,0.030892,-3.089094,-0.125708,-3.083600
29.505073,0.000000,-0.000000,0.000000,-0.006908,-0.057573,0.004788,-0.284187,1.342332,-0.297640,0.016207,-0.892695,0.030892,-3.089094,-0.125708,-3.083600
29.777041,0.000000,-0.000000,0.000000,-0.006908,-0.057573,0.004788,-0.284187,1.342332,-0.297640,0.016207,-0.892695,0.030892,-3.089094,-0.125708,-3.083600
30.024184,0.000000,-0.000000,0.000000,-0.006908,-0.057573,0.004788,-0.284187,1.342332,-0.297640,0.016207,-0.892695,0.030892,-3.089094,-0.125708,-3.083600
30.276906,0.000000,-0.000000,0.000000,-0.006908,-0.057573,0.004788,-0.284187,1.342332,-0.297640,0.016207,-0.892695,0.030892,-3.089094,-0.125708,-3.083600
30.511199,0.000000,-0.000000,0.000000,-0.006908,-0.057573,0.004788,-0.284187,1.342332,-0.297640,0.016207,-0.892695,0.030892,-3.089094,-0.125708,-3.083600
30.759357,0.000000,-0.000000,0.000000,-0.006908,-0.057573,0.004788,-0.284187,1.342332,-0.297640,0.016207,-0.892695,0.030892,-3.089094,-0.125708,-3.083600
31.000527,0.000000,-0.000000,0.000000,-0.006908,-0.057573,0.004788,-0.284187,1.342332,-0.297640,0.016207,-0.892695,0.030892,-3.089094,-0.125708,-3.083600
31.243818,0.000000,-0.000000,0.000000,-0.006908,-0.057573,0.004788,-0.284187,1.342332,-0.297640,0.016207,-0.892695,0.030892,-3.089094,-0.125708,-3.083600
31.506180,0.000000,-0.000000,0.000000,-0.006908,-0.057573,0.004788,-0.284187,1.342332,-0.297640,0.016207,-0.892695,0.030892,-3.089094,-0.125708,-3.083600
31.794905,0.000000,-0.000000,0.000000,-0.006908,-0.057573,0.004788,-0.284187,1.342332,-0.297640,0.016207,-0.892695,0.030892,-3.089094,-0.125708,-3.083600
32.021346,0.000000,-0.000000,0.000000,-0.006908,-0.057573,0.004788,-0.284187,1.342332,-0.297640,0.016207,-0.892695,0.030892,-3.089094,-0.125708,-3.083600
32.293892,0.000000,-0.000000,0.000000,-0.006908,-0.057573,0.004788,-0.284187,1.342332,-0.297640,0.016207,-0.892695,0.030892,-3.089094,-0.125708,-3.083600
32.566209,0.000000,-0.000000,0.000000,-0.006908,-0.057573,0.004788,-0.284187,1.342332,-0.297640,0.016207,-0.892695,0.030892,-3.089094,-0.125708,-3.083600
32.819029,0.000000,-0.000000,0.000000,-0.006908,-0.057573,0.004788,-0.284187,1.342332,-0.297640,0.016207,-0.892695,0.030892,-3.089094,-0.125708,-3.083600
33.077095,0.000000,-0.000000,0.000000,-0.006908,-0.057573,0.004788,-0.284187,1.342332,-0.297640,0.016207,-0.892695,0.030892,-3.089094,-0.125708,-3.083600
33.330917,0.000000,-0.000000,0.000000,-0.006908,-0.057573,0.004788,-0.284187,1.342332,-0.297640,0.016207,-0.892695,0.030892,-3.089094,-0.125708,-3.083600
33.584417,0.000000,-0.000000,0.000000,-0.006908,-0.057573,0.004788,-0.284187,1.342332,-0.297640,0.016207,-0.892695,0.030892,-3.089094,-0.125708,-3.083600
33.851976,0.000000,-0.000000,0.000000,-0.006908,-0.057573,0.004788,-0.284187,1.342332,-0.297640,0.016207,-0.892695,0.030892,-3.089094,-0.125708,-3.083600
34.106901,0.000000,-0.000000,0.000000,-0.006908,-0.057573,0.004788,-0.284187,1.342332,-0.297640,0.016207,-0.892695,0.030892,-3.089094,-0.125708,-3.083600
34.359709,0.000000,-0.000000,0.000000,-0.006908,-0.057573,0.004788,-0.284187,1.342332,-0.297640,0.016207,-0.892695,0.030892,-3.089094,-0.125708,-3.083600
34.599783,0.000000,-0.000000,0.000000,-0.006908,-0.057573,0.004788,-0.284187,1.342332,-0.297640,0.016207,-0.892695,0.030892,-3.089094,-0.125708,-3.083600
34.861847,0.000000,-0.000000,0.000000,-0.006908,-0.057573,0.004788,-0.284187,1.342332,-0.297640,0.016207,-0.892695,0.030892,-3.089094,-0.125708,-3.083600
35.122949,0.000000,-0.000000,0.000000,-0.006315,-0.058377,0.007782,-0.270106,1.342357,-0.283970,0.013281,-0.893562,0.035633,-3.087958,-0.124728,-3.086560
35.375625,0.000000,-0.000000,0.000000,-0.006315,-0.058377,0.007782,-0.270106,1.342357,-0.283970,0.013281,-0.893562,0.035633,-3.085311,-0.127421,-3.085926
35.624308,0.000000,-0.000000,0.000000,-0.006315,-0.058377,0.007782,-0.270106,1.342357,-0.283970,0.013281,-0.893562,0.035633,-3.085311,-0.127421,-3.085926
35.866969,0.000000,-0.000000,0.000000,-0.006315,-0.058377,0.007782,-0.270106,1.342357,-0.283970,0.013281,-0.893562,0.035633,-3.085311,-0.127421,-3.085926
36.129512,0.000000,-0.000000,0.000000,-0.006315,-0.058377,0.007782,-0.270106,1.342357,-0.283970,0.013281,-0.893562,0.035633,-3.085311,-0.127421,-3.085926
36.390386,0.000000,-0.000000,0.000000,-0.006315,-0.058377,0.007782,-0.270106,1.342357,-0.283970,0.013281,-0.893562,0.035633,-3.085311,-0.127421,-3.085926
36.667590,0.000000,-0.000000,0.000000,-0.006315,-0.058377,0.007782,-0.270106,1.342357,-0.283970,0.013281,-0.893562,0.035633,-3.085311,-0.127421,-3.085926
36.920268,0.000000,-0.000000,0.000000,-0.006315,-0.058377,0.007782,-0.270106,1.342357,-0.283970,0.013281,-0.893562,0.035633,-3.085311,-0.127421,-3.085926
37.191996,0.000000,-0.000000,0.000000,-0.006315,-0.058377,0.007782,-0.270106,1.342357,-0.283970,0.013281,-0.893562,0.035633,-3.085311,-0.127421,-3.085926
37.454329,0.000000,-0.000000,0.000000,-0.006315,-0.058377,0.007782,-0.270106,1.342357,-0.283970,0.013281,-0.893562,0.035633,-3.085311,-0.127421,-3.085926
37.707744,0.000000,-0.000000,0.000000,-0.006315,-0.058377,0.007782,-0.270106,1.342357,-0.283970,0.013281,-0.893562,0.035633,-3.085311,-0.127421,-3.085926
37.969838,0.000000,-0.000000,0.000000,-0.006315,-0.058377,0.007782,-0.270106,1.342357,-0.283970,0.013281,-0.893562,0.035633,-3.085311,-0.127421,-3.085926
38.229849,0.000000,-0.000000,0.000000,-0.006315,-0.058377,0.007782,-0.270106,1.342357,-0.283970,0.013281,-0.893562,0.035633,-3.085311,-0.127421,-3.085926
38.513764,0.000000,-0.000000,0.000000,-0.006315,-0.058377,0.007782,-0.270106,1.342357,-0.283970,0.013281,-0.893562,0.035633,-3.085311,-0.127421,-3.085926
38.755132,0.000000,-0.000000,0.000000,-0.006315,-0.058377,0.007782,-0.270106,1.342357,-0.283970,0.013281,-0.893562,0.035633,-3.085311,-0.127421,-3.085926
39.017403,0.000000,-0.000000,0.000000,-0.006315,-0.058377,0.007782,-0.270106,1.342357,-0.283970,0.013281,-0.893562,0.035633,-3.085311,-0.127421,-3.085926
39.280281,0.000000,-0.000000,0.000000,-0.006315,-0.058377,0.007782,-0.270106,1.342357,-0.283970,0.013281,-0.893562,0.035633,-3.085311,-0.127421,-3.085926
39.532739,0.000000,-0.000000,0.000000,-0.006315,-0.058377,0.007782,-0.270106,1.342357,-0.283970,0.013281,-0.893562,0.035633,-3.085311,-0.127421,-3.085926
39.787358,0.000000,-0.000000,0.000000,-0.006315,-0.058377,0.007782,-0.270106,1.342357,-0.283970,0.013281,-0.893562,0.035633,-3.085311,-0.127421,-3.085926
40.040682,0.000000,-0.000000,0.000000,-0.006315,-0.058377,0.007782,-0.270106,1.342357,-0.283970,0.013281,-0.893562,0.035633,-3.085311,-0.127421,-3.085926
40.291931,0.000000,-0.000000,0.000000,-0.006315,-0.058377,0.007782,-0.270106,1.342357,-0.283970,0.013281,-0.893562,0.035633,-3.085311,-0.127421,-3.085926
40.544501,0.000000,-0.000000,0.000000,-0.006315,-0.058377,0.007782,-0.270106,1.342357,-0.283970,0.013281,-0.893562,0.035633,-3.085311,-0.127421,-3.085926
40.809563,0.000000,-0.000000,0.000000,-0.006315,-0.058377,0.007782,-0.270106,1.342357,-0.283970,0.013281,-0.893562,0.035633,-3.085311,-0.127421,-3.085926
41.062701,0.000000,-0.000000,0.000000,-0.006315,-0.058377,0.007782,-0.270106,1.342357,-0.283970,0.013281,-0.893562,0.035633,-3.085311,-0.127421,-3.085926
41.330473,0.000000,-0.000000,0.000000,-0.006315,-0.058377,0.007782,-0.270106,1.342357,-0.283970,0.013281,-0.893562,0.035633,-3.085311,-0.127421,-3.085926
41.577777,0.000000,-0.000000,0.000000,-0.006315,-0.058377,0.007782,-0.270106,1.342357,-0.283970,0.013281,-0.893562,0.035633,-3.085311,-0.127421,-3.085926
41.836967,0.000000,-0.000000,0.000000,-0.006315,-0.058377,0.007782,-0.270106,1.342357,-0.283970,0.013281,-0.893562,0.035633,-3.085311,-0.127421,-3.085926
42.098466,0.000000,-0.000000,0.000000,-0.006315,-0.058377,0.007782,-0.270106,1.342357,-0.283970,0.013281,-0.893562,0.035633,-3.085311,-0.127421,-3.085926
42.361350,0.000000,-0.000000,0.000000,-0.006315,-0.058377,0.007782,-0.270106,1.342357,-0.283970,0.013281,-0.893562,0.035633,-3.085311,-0.127421,-3.085926
42.602891,0.000000,-0.000000,0.000000,-0.006315,-0.058377,0.007782,-0.270106,1.342357,-0.283970,0.013281,-0.893562,0.035633,-3.085311,-0.127421,-3.085926
42.846345,0.000000,-0.000000,0.000000,-0.006315,-0.058377,0.007782,-0.270106,1.342357,-0.283970,0.013281,-0.893562,0.035633,-3.085311,-0.127421,-3.085926
43.088808,0.000000,-0.000000,0.000000,-0.006315,-0.058377,0.007782,-0.270106,1.342357,-0.283970,0.013281,-0.893562,0.035633,-3.085311,-0.127421,-3.085926
43.361837,0.000000,-0.000000,0.000000,-0.006315,-0.058377,0.007782,-0.270106,1.342357,-0.283970,0.013281,-0.893562,0.035633,-3.085311,-0.127421,-3.085926
43.623092,0.000000,-0.000000,0.000000,-0.006315,-0.058377,0.007782,-0.270106,1.342357,-0.283970,0.013281,-0.893562,0.035633,-3.085311,-0.127421,-3.085926
43.887761,0.000000,-0.000000,0.000000,-0.006315,-0.058377,0.007782,-0.270106,1.342357,-0.283970,0.013281,-0.893562,0.035633,-3.085311,-0.127421,-3.085926
44.141584,0.000000,-0.000000,0.000000,-0.006315,-0.058377,0.007782,-0.270106,1.342357,-0.283970,0.013281,-0.893562,0.035633,-3.085311,-0.127421,-3.085926
44.391736,0.000000,-0.000000,0.000000,-0.006315,-0.058377,0.007782,-0.270106,1.342357,-0.283970,0.013281,-0.893562,0.035633,-3.085311,-0.127421,-3.085926
44.657224,0.000000,-0.000000,0.000000,-0.006315,-0.058377,0.007782,-0.270106,1.342357,-0.283970,0.013281,-0.893562,0.035633,-3.085311,-0.127421,-3.085926
44.914564,0.000000,-0.000000,0.000000,-0.006315,-0.058377,0.007782,-0.270106,1.342357,-0.283970,0.013281,-0.893562,0.035633,-3.085311,-0.127421,-3.085926
45.163417,0.000000,-0.000000,0.000000,-0.006315,-0.058377,0.007782,-0.270106,1.342357,-0.283970,0.013281,-0.893562,0.035633,-3.085311,-0.127421,-3.085926
45.404420,0.000000,-0.000000,0.000000,-0.006315,-0.058377,0.007782,-0.270106,1.342357,-0.283970,0.013281,-0.893562,0.035633,-3.085311,-0.127421,-3.085926
45.647699,0.000000,-0.000000,0.000000,-0.006315,-0.058377,0.007782,-0.270106,1.342357,-0.283970,0.013281,-0.893562,0.035633,-3.085311,-0.127421,-3.085926
45.891104,0.000000,-0.000000,0.000000,-0.006315,-0.058377,0.007782,-0.270106,1.342357,-0.283970,0.013281,-0.893562,0.035633,-3.085311,-0.127421,-3.085926
46.173461,0.000000,-0.000000,0.000000,-0.006315,-0.058377,0.007782,-0.270106,1.342357,-0.283970,0.013281,-0.893562,0.035633,-3.085311,-0.127421,-3.085926
46.434176,0.000000,-0.000000,0.000000,-0.006315,-0.058377,0.007782,-0.270106,1.342357,-0.283970,0.013281,-0.893562,0.035633,-3.085311,-0.127421,-3.085926
46.686703,0.000000,-0.000000,0.000000,-0.006315,-0.058377,0.007782,-0.270106,1.342357,-0.283970,0.013281,-0.893562,0.035633,-3.085311,-0.127421,-3.085926
46.935495,0.000000,-0.000000,0.000000,-0.006315,-0.058377,0.007782,-0.270106,1.342357,-0.283970,0.013281,-0.893562,0.035633,-3.085311,-0.127421,-3.085926
47.205297,0.000000,-0.000000,0.000000,-0.006315,-0.058377,0.007782,-0.270106,1.342357,-0.283970,0.013281,-0.893562,0.035633,-3.085311,-0.127421,-3.085926
47.476468,0.000000,-0.000000,0.000000,-0.006315,-0.058377,0.007782,-0.270106,1.342357,-0.283970,0.013281,-0.893562,0.035633,-3.085311,-0.127421,-3.085926
47.722840,0.000000,-0.000000,0.000000,-0.006315,-0.058377,0.007782,-0.270106,1.342357,-0.283970,0.013281,-0.893562,0.035633,-3.085311,-0.127421,-3.085926
47.964604,0.000000,-0.000000,0.000000,-0.006315,-0.058377,0.007782,-0.270106,1.342357,-0.283970,0.013281,-0.893562,0.035633,-3.085311,-0.127421,-3.085926
48.218102,0.000000,-0.000000,0.000000,-0.006315,-0.058377,0.007782,-0.270106,1.342357,-0.283970,0.013281,-0.893562,0.035633,-3.085311,-0.127421,-3.085926
48.460724,0.000000,-0.000000,0.000000,-0.006315,-0.058377,0.007782,-0.270106,1.342357,-0.283970,0.013281,-0.893562,0.035633,-3.085311,-0.127421,-3.085926
48.709763,0.000000,-0.000000,0.000000,-0.006315,-0.058377,0.007782,-0.270106,1.342357,-0.283970,0.013281,-0.893562,0.035633,-3.085311,-0.127421,-3.085926
48.976770,0.000000,-0.000000,0.000000,-0.006315,-0.058377,0.007782,-0.270106,1.342357,-0.283970,0.013281,-0.893562,0.035633,-3.085311,-0.127421,-3.085926
49.235140,0.000000,-0.000000,0.000000,-0.006315,-0.058377,0.007782,-0.270106,1.342357,-0.283970,0.013281,-0.893562,0.035633,-3.085311,-0.127421,-3.085926
49.481230,0.000000,-0.000000,0.000000,-0.006315,-0.058377,0.007782,-0.270106,1.342357,-0.283970,0.013281,-0.893562,0.035633,-3.085311,-0.127421,-3.085926
49.751546,0.000000,-0.000000,0.000000,-0.006315,-0.058377,0.007782,-0.270106,1.342357,-0.283970,0.013281,-0.893562,0.035633,-3.085311,-0.127421,-3.085926
49.999142,0.000000,-0.000000,0.000000,-0.006315,-0.058377,0.007782,-0.270106,1.342357,-0.283970,0.013281,-0.893562,0.035633,-3.085311,-0.127421,-3.085926
50.275467,0.000000,-0.000000,0.000000,-0.006315,-0.058377,0.007782,-0.270106,1.342357,-0.283970,0.013281,-0.893562,0.035633,-3.085311,-0.127421,-3.085926
50.537473,0.000000,-0.000000,0.000000,-0.006315,-0.058377,0.007782,-0.270106,1.342357,-0.283970,0.013281,-0.893562,0.035633,-3.085311,-0.127421,-3.085926
50.796909,0.000000,-0.000000,0.000000,-0.006315,-0.058377,0.007782,-0.270106,1.342357,-0.283970,0.013281,-0.893562,0.035633,-3.085311,-0.127421,-3.085926
51.062971,0.000000,-0.000000,0.000000,-0.006315,-0.058377,0.007782,-0.270106,1.342357,-0.283970,0.013281,-0.893562,0.035633,-3.085311,-0.127421,-3.085926
51.341264,0.000000,-0.000000,0.000000,-0.006315,-0.058377,0.007782,-0.270106,1.342357,-0.283970,0.013281,-0.893562,0.035633,-3.085311,-0.127421,-3.085926
51.567141,0.000000,-0.000000,0.000000,-0.006315,-0.058377,0.007782,-0.270106,1.342357,-0.283970,0.013281,-0.893562,0.035633,-3.085311,-0.127421,-3.085926
51.809853,0.000000,-0.000000,0.000000,-0.006315,-0.058377,0.007782,-0.270106,1.342357,-0.283970,0.013281,-0.893562,0.035633,-3.085311,-0.127421,-3.085926
52.053544,0.000000,-0.000000,0.000000,-0.006315,-0.058377,0.007782,-0.270106,1.342357,-0.283970,0.013281,-0.893562,0.035633,-3.085311,-0.127421,-3.085926
52.283436,0.000000,-0.000000,0.000000,-0.006315,-0.058377,0.007782,-0.270106,1.342357,-0.283970,0.013281,-0.893562,0.035633,-3.085311,-0.127421,-3.085926
52.526877,0.000000,-0.000000,0.000000,-0.006315,-0.058377,0.007782,-0.270106,1.342357,-0.283970,0.013281,-0.893562,0.035633,-3.085311,-0.127421,-3.085926
52.768489,0.000000,-0.000000,0.000000,-0.006315,-0.058377,0.007782,-0.270106,1.342357,-0.283970,0.013281,-0.893562,0.035633,-3.085311,-0.127421,-3.085926
53.030340,0.000000,-0.000000,0.000000,-0.006315,-0.058377,0.007782,-0.270106,1.342357,-0.283970,0.013281,-0.893562,0.035633,-3.085311,-0.127421,-3.085926
53.296886,0.000000,-0.000000,0.000000,-0.006315,-0.058377,0.007782,-0.270106,1.342357,-0.283970,0.013281,-0.893562,0.035633,-3.085311,-0.127421,-3.085926
53.554566,0.000000,-0.000000,0.000000,-0.006315,-0.058377,0.007782,-0.270106,1.342357,-0.283970,0.013281,-0.893562,0.035633,-3.085311,-0.127421,-3.085926
53.797634,0.000000,-0.000000,0.000000,-0.006315,-0.058377,0.007782,-0.270106,1.342357,-0.283970,0.013281,-0.893562,0.035633,-3.085311,-0.127421,-3.085926
54.067375,0.000000,-0.000000,0.000000,-0.006315,-0.058377,0.007782,-0.270106,1.342357,-0.283970,0.013281,-0.893562,0.035633,-3.085311,-0.127421,-3.085926
54.328111,0.000000,-0.000000,0.000000,-0.000875,-0.058018,0.005912,-0.270106,1.342357,-0.283970,0.013281,-0.893562,0.035633,-3.085311,-0.127421,-3.085926
54.579166,0.000000,-0.000000,0.000000,-0.000875,-0.058018,0.005912,-0.270106,1.342357,-0.283970,0.013281,-0.893562,0.035633,-3.085311,-0.127421,-3.085926
54.847420,0.000000,-0.000000,0.000000,-0.000875,-0.058018,0.005912,-0.270106,1.342357,-0.283970,0.013281,-0.893562,0.035633,-3.085311,-0.127421,-3.085926
55.088682,0.000000,-0.000000,0.000000,-0.000875,-0.058018,0.005912,-0.270106,1.342357,-0.283970,0.013281,-0.893562,0.035633,-3.085311,-0.127421,-3.085926
55.360800,0.000000,-0.000000,0.000000,-0.000875,-0.058018,0.005912,-0.270106,1.342357,-0.283970,0.013281,-0.893562,0.035633,-3.085311,-0.127421,-3.085926
55.632082,0.000000,-0.000000,0.000000,-0.000875,-0.058018,0.005912,-0.270106,1.342357,-0.283970,0.013281,-0.893562,0.035633,-3.085311,-0.127421,-3.085926
55.884260,0.000000,-0.000000,0.000000,-0.000875,-0.058018,0.005912,-0.270106,1.342357,-0.283970,0.013281,-0.893562,0.035633,-3.085311,-0.127421,-3.085926
56.128102,0.000000,-0.000000,0.000000,-0.000875,-0.058018,0.005912,-0.270106,1.342357,-0.283970,0.013281,-0.893562,0.035633,-3.085311,-0.127421,-3.085926
56.373472,0.000000,-0.000000,0.000000,-0.000875,-0.058018,0.005912,-0.270106,1.342357,-0.283970,0.013281,-0.893562,0.035633,-3.085311,-0.127421,-3.085926
56.637531,0.000000,-0.000000,0.000000,-0.000875,-0.058018,0.005912,-0.270106,1.342357,-0.283970,0.013281,-0.893562,0.035633,-3.085311,-0.127421,-3.085926
56.908957,0.000000,-0.000000,0.000000,-0.000875,-0.058018,0.005912,-0.270106,1.342357,-0.283970,0.013281,-0.893562,0.035633,-3.085311,-0.127421,-3.085926
57.151746,0.000000,-0.000000,0.000000,-0.000875,-0.058018,0.005912,-0.270106,1.342357,-0.283970,0.013281,-0.893562,0.035633,-3.085311,-0.127421,-3.085926
57.421979,0.000000,-0.000000,0.000000,-0.000875,-0.058018,0.005912,-0.270106,1.342357,-0.283970,0.013281,-0.893562,0.035633,-3.085311,-0.127421,-3.085926
57.676431,0.000000,-0.000000,0.000000,-0.000875,-0.058018,0.005912,-0.270106,1.342357,-0.283970,0.013281,-0.893562,0.035633,-3.083171,-0.127216,-3.091440
57.945791,0.000000,-0.000000,0.000000,-0.000875,-0.058018,0.005912,-0.270106,1.342357,-0.283970,0.013281,-0.893562,0.035633,-3.083171,-0.127216,-3.091440
58.191761,0.000000,-0.000000,0.000000,-0.000875,-0.058018,0.005912,-0.270106,1.342357,-0.283970,0.013281,-0.893562,0.035633,-3.083171,-0.127216,-3.091440
58.434761,0.000000,-0.000000,0.000000,-0.000875,-0.058018,0.005912,-0.270106,1.342357,-0.283970,0.013281,-0.893562,0.035633,-3.083171,-0.127216,-3.091440
58.696160,0.000000,-0.000000,0.000000,-0.000875,-0.058018,0.005912,-0.270106,1.342357,-0.283970,0.013281,-0.893562,0.035633,-3.083171,-0.127216,-3.091440
58.923407,0.000000,-0.000000,0.000000,-0.000875,-0.058018,0.005912,-0.270106,1.342357,-0.283970,0.013281,-0.893562,0.035633,-3.083171,-0.127216,-3.091440
59.176482,0.000000,-0.000000,0.000000,-0.000875,-0.058018,0.005912,-0.270106,1.342357,-0.283970,0.013281,-0.893562,0.035633,-3.083171,-0.127216,-3.091440
59.429154,0.000000,-0.000000,0.000000,-0.000875,-0.058018,0.005912,-0.270106,1.342357,-0.283970,0.013281,-0.893562,0.035633,-3.083171,-0.127216,-3.091440
59.681909,0.000000,-0.000000,0.000000,-0.000875,-0.058018,0.005912,-0.270106,1.342357,-0.283970,0.013281,-0.893562,0.035633,-3.083171,-0.127216,-3.091440
59.951848,0.000000,-0.000000,0.000000,-0.000875,-0.058018,0.005912,-0.270106,1.342357,-0.283970,0.013281,-0.893562,0.035633,-3.083171,-0.127216,-3.091440
