0.000000,0.000000,-0.000000,0.000000,0.000000,-0.000000,0.000000,0.000000,-0.000000,0.000000,-2.772349,-0.012519,-1.512522,-3.033426,-0.018041,-1.543273
0.223013,0.000000,-0.000000,0.000000,0.000000,-0.000000,0.000000,0.000000,-0.000000,0.000000,-2.772349,-0.012519,-1.512522,-3.033426,-0.018041,-1.543273
0.363260,0.000000,-0.000000,0.000000,0.000000,-0.000000,0.000000,0.000000,-0.000000,0.000000,-2.772349,-0.012519,-1.512522,-3.033426,-0.018041,-1.543273
0.486741,0.000000,-0.000000,0.000000,0.000000,-0.000000,0.000000,0.000000,-0.000000,0.000000,-2.772349,-0.012519,-1.512522,-3.033426,-0.018041,-1.543273
0.638518,0.000000,-0.000000,0.000000,0.000000,-0.000000,0.000000,0.000000,-0.000000,0.000000,-2.772349,-0.012519,-1.512522,-3.033426,-0.018041,-1.543273
0.804253,0.000000,-0.000000,0.000000,0.000000,-0.000000,0.000000,0.000000,-0.000000,0.000000,-2.772349,-0.012519,-1.512522,-3.033426,-0.018041,-1.543273
0.924724,0.000000,-0.000000,0.000000,0.000000,-0.000000,0.000000,0.000000,-0.000000,0.000000,-2.772349,-0.012519,-1.512522,-3.033426,-0.018041,-1.543273
1.044908,0.000000,-0.000000,0.000000,0.000000,-0.000000,0.000000,0.000000,-0.000000,0.000000,-2.772349,-0.012519,-1.512522,-3.033426,-0.018041,-1.543273
1.156371,0.000000,-0.000000,0.000000,0.000000,-0.000000,0.000000,0.000000,-0.000000,0.000000,-2.772349,-0.012519,-1.512522,-3.033426,-0.018041,-1.543273
1.263387,0.000000,-0.000000,0.000000,0.000000,-0.000000,0.000000,0.000000,-0.000000,0.000000,-2.772349,-0.012519,-1.512522,-3.033426,-0.018041,-1.543273
1.367295,0.000000,-0.000000,0.000000,0.000000,-0.000000,0.000000,0.000000,-0.000000,0.000000,-2.772349,-0.012519,-1.512522,-3.033426,-0.018041,-1.543273
1.471495,0.000000,-0.000000,0.000000,0.000000,-0.000000,0.000000,0.000000,-0.000000,0.000000,-2.772349,-0.012519,-1.512522,-3.033426,-0.018041,-1.543273
1.578777,0.000000,-0.000000,0.000000,0.000000,-0.000000,0.000000,0.000000,-0.000000,0.000000,-2.772349,-0.012519,-1.512522,-3.033426,-0.018041,-1.543273
1.683412,0.000000,-0.000000,0.000000,0.000000,-0.000000,0.000000,0.000000,-0.000000,0.000000,-2.772349,-0.012519,-1.512522,-3.033426,-0.018041,-1.543273
1.945506,0.000000,-0.000000,0.000000,0.000000,-0.000000,0.000000,0.000000,-0.000000,0.000000,-2.772349,-0.012519,-1.512522,-3.033426,-0.018041,-1.543273
2.223687,0.000000,-0.000000,0.000000,0.000000,-0.000000,0.000000,0.000000,-0.000000,0.000000,-2.772349,-0.012519,-1.512522,-3.033426,-0.018041,-1.543273
2.494173,0.000000,-0.000000,0.000000,0.000000,-0.000000,0.000000,0.000000,-0.000000,0.000000,-2.772349,-0.012519,-1.512522,-3.033426,-0.018041,-1.543273
2.766741,0.000000,-0.000000,0.000000,0.000000,-0.000000,0.000000,0.000000,-0.000000,0.000000,-2.772349,-0.012519,-1.512522,-3.033426,-0.018041,-1.543273
3.021809,0.000000,-0.000000,0.000000,0.000000,-0.000000,0.000000,0.000000,-0.000000,0.000000,-2.772349,-0.012519,-1.512522,-3.033426,-0.018041,-1.543273
3.249623,0.000000,-0.000000,0.000000,0.000000,-0.000000,0.000000,0.000000,-0.000000,0.000000,-2.772349,-0.012519,-1.512522,-3.033426,-0.018041,-1.543273
3.523310,0.000000,-0.000000,0.000000,0.000000,-0.000000,0.000000,0.000000,-0.000000,0.000000,-2.772349,-0.012519,-1.512522,-3.033426,-0.018041,-1.543273
3.764530,0.000000,-0.000000,0.000000,0.000000,-0.000000,0.000000,0.000000,-0.000000,0.000000,-2.772349,-0.012519,-1.512522,-3.033426,-0.018041,-1.543273
4.033972,0.000000,-0.000000,0.000000,0.000000,-0.000000,0.000000,0.000000,-0.000000,0.000000,-2.772349,-0.012519,-1.512522,-3.033426,-0.018041,-1.543273
4.299435,0.000000,-0.000000,0.000000,0.000000,-0.000000,0.000000,0.000000,-0.000000,0.000000,-2.772349,-0.012519,-1.512522,-3.033426,-0.018041,-1.543273
4.541246,0.000000,-0.000000,0.000000,0.000000,-0.000000,0.000000,0.000000,-0.000000,0.000000,-2.772349,-0.012519,-1.512522,-3.033426,-0.018041,-1.543273
4.792477,0.000000,-0.000000,0.000000,0.000000,-0.000000,0.000000,0.000000,-0.000000,0.000000,-2.772349,-0.012519,-1.512522,-3.033426,-0.018041,-1.543273
5.022559,0.000000,-0.000000,0.000000,0.000000,-0.000000,0.000000,0.000000,-0.000000,0.000000,-2.699577,-0.009587,-1.510428,-3.033426,-0.018041,-1.543273
5.269727,0.000000,-0.000000,0.000000,0.000000,-0.000000,0.000000,0.000000,-0.000000,0.000000,-2.699577,-0.009587,-1.510428,-3.033426,-0.018041,-1.543273
5.521102,0.000000,-0.000000,0.000000,0.000000,-0.000000,0.000000,0.000000,-0.000000,0.000000,-2.699577,-0.009587,-1.510428,-3.033426,-0.018041,-1.543273
5.780257,0.000000,-0.000000,0.000000,0.000000,-0.000000,0.000000,0.000000,-0.000000,0.000000,-2.699577,-0.009587,-1.510428,-3.033426,-0.018041,-1.543273
6.054039,0.000000,-0.000000,0.000000,0.000000,-0.000000,0.000000,0.000000,-0.000000,0.000000,-2.699577,-0.009587,-1.510428,-3.033426,-0.018041,-1.543273
6.319211,0.000000,-0.000000,0.000000,0.000000,-0.000000,0.000000,0.000000,-0.000000,0.000000,-2.699577,-0.009587,-1.510428,-3.033426,-0.018041,-1.543273
6.568686,0.000000,-0.000000,0.000000,0.000000,-0.000000,0.000000,0.000000,-0.000000,0.000000,-2.699577,-0.009587,-1.510428,-3.033426,-0.018041,-1.543273
6.798672,0.000000,-0.000000,0.000000,0.000000,-0.000000,0.000000,-3.056407,-0.021592,-1.530894,-2.699577,-0.009587,-1.510428,-3.033426,-0.018041,-1.543273
7.022531,0.000000,-0.000000,0.000000,0.000000,-0.000000,0.000000,-3.056407,-0.021592,-1.530894,-2.699577,-0.009587,-1.510428,-3.033426,-0.018041,-1.543273
7.267424,0.000000,-0.000000,0.000000,0.000000,-0.000000,0.000000,-3.056407,-0.021592,-1.530894,-2.699577,-0.009587,-1.510428,-3.033426,-0.018041,-1.543273
7.513585,0.000000,-0.000000,0.000000,0.000000,-0.000000,0.000000,-3.056407,-0.021592,-1.530894,-2.699577,-0.009587,-1.510428,-3.033426,-0.018041,-1.543273
7.769402,0.000000,-0.000000,0.000000,0.000000,-0.000000,0.000000,-3.056407,-0.021592,-1.530894,-2.699577,-0.009587,-1.510428,-3.039069,-0.018472,-1.543391
8.011123,0.000000,-0.000000,0.000000,0.000000,-0.000000,0.000000,-3.056407,-0.021592,-1.530894,-2.699577,-0.009587,-1.510428,-2.991321,-0.012033,-1.541930
8.281074,0.000000,-0.000000,0.000000,0.000000,-0.000000,0.000000,-3.056407,-0.021592,-1.530894,-2.699577,-0.009587,-1.510428,-2.991321,-0.012033,-1.541930
8.546100,0.000000,-0.000000,0.000000,0.000000,-0.000000,0.000000,-3.056407,-0.021592,-1.530894,-2.699577,-0.009587,-1.510428,-2.991321,-0.012033,-1.541930
8.780464,0.000000,-0.000000,0.000000,0.000000,-0.000000,0.000000,-3.056407,-0.021592,-1.530894,-2.699577,-0.009587,-1.510428,-2.991321,-0.012033,-1.541930
9.031524,0.000000,-0.000000,0.000000,0.000000,-0.000000,0.000000,-3.056407,-0.021592,-1.530894,-2.699577,-0.009587,-1.510428,-2.991321,-0.012033,-1.541930
9.260741,0.000000,-0.000000,0.000000,0.000000,-0.000000,0.000000,-3.056407,-0.021592,-1.530894,-2.699577,-0.009587,-1.510428,-2.991321,-0.012033,-1.541930
9.518295,0.000000,-0.000000,0.000000,0.018814,-0.269523,0.022003,0.022028,-0.063508,0.004493,0.047220,-0.419666,0.024457,0.033935,-0.128206,-0.006589
9.750019,0.000000,-0.000000,0.000000,0.018814,-0.269523,0.022003,0.022028,-0.063508,0.004493,0.047220,-0.419666,0.024457,0.033935,-0.128206,-0.006589
9.994781,0.000000,-0.000000,0.000000,0.018814,-0.269523,0.022003,0.022028,-0.063508,0.004493,0.047220,-0.419666,0.024457,0.033935,-0.128206,-0.006589
10.240383,0.000000,-0.000000,0.000000,0.018814,-0.269523,0.022003,0.022028,-0.063508,0.004493,0.047220,-0.419666,0.024457,0.033935,-0.128206,-0.006589
10.504178,0.000000,-0.000000,0.000000,0.018814,-0.269523,0.022003,0.022028,-0.063508,0.004493,0.047220,-0.419666,0.024457,0.033935,-0.128206,-0.006589
10.784564,0.000000,-0.000000,0.000000,0.018814,-0.269523,0.022003,0.022028,-0.063508,0.004493,0.047220,-0.419666,0.024457,0.033935,-0.128206,-0.006589
11.044172,0.000000,-0.000000,0.000000,0.018814,-0.269523,0.022003,0.022028,-0.063508,0.004493,0.047220,-0.419666,0.024457,0.033935,-0.128206,-0.006589
11.310041,0.000000,-0.000000,0.000000,0.018814,-0.269523,0.022003,0.022028,-0.063508,0.004493,0.047220,-0.419666,0.024457,0.033935,-0.128206,-0.006589
11.582412,0.000000,-0.000000,0.000000,0.018814,-0.269523,0.022003,0.022028,-0.063508,0.004493,0.047220,-0.419666,0.024457,0.033935,-0.128206,-0.006589
11.833619,0.000000,-0.000000,0.000000,0.018814,-0.269523,0.022003,0.022028,-0.063508,0.004493,0.047220,-0.419666,0.024457,0.033935,-0.128206,-0.006589
12.064526,0.000000,-0.000000,0.000000,0.018814,-0.269523,0.022003,0.022028,-0.063508,0.004493,0.047220,-0.419666,0.024457,0.033935,-0.128206,-0.006589
12.317127,0.000000,-0.000000,0.000000,0.018814,-0.269523,0.022003,0.022028,-0.063508,0.004493,0.047220,-0.419666,0.024457,0.033935,-0.128206,-0.006589
12.551371,0.000000,-0.000000,0.000000,0.018814,-0.269523,0.022003,0.022028,-0.063508,0.004493,0.047220,-0.419666,0.024457,0.033935,-0.128206,-0.006589
12.804634,0.000000,-0.000000,0.000000,0.018814,-0.269523,0.022003,0.022028,-0.063508,0.004493,0.047220,-0.419666,0.024457,0.033935,-0.128206,-0.006589
13.077348,0.000000,-0.000000,0.000000,0.018814,-0.269523,0.022003,0.022028,-0.063508,0.004493,0.047220,-0.419666,0.024457,0.033935,-0.128206,-0.006589
13.349167,0.000000,-0.000000,0.000000,0.018814,-0.269523,0.022003,0.022028,-0.063508,0.004493,0.047220,-0.419666,0.024457,0.033935,-0.128206,-0.006589
13.582981,0.000000,-0.000000,0.000000,0.018814,-0.269523,0.022003,0.022028,-0.063508,0.004493,0.047220,-0.419666,0.024457,0.033935,-0.128206,-0.006589
13.837456,0.000000,-0.000000,0.000000,0.018814,-0.269523,0.022003,0.022028,-0.063508,0.004493,0.047220,-0.419666,0.024457,0.033935,-0.128206,-0.006589
14.071720,0.000000,-0.000000,0.000000,0.018814,-0.269523,0.022003,0.022028,-0.063508,0.004493,0.047220,-0.419666,0.024457,0.033935,-0.128206,-0.006589
14.300922,0.000000,-0.000000,0.000000,0.018814,-0.269523,0.022003,0.022028,-0.063508,0.004493,0.047220,-0.419666,0.024457,0.033935,-0.128206,-0.006589
14.555265,0.000000,-0.000000,0.000000,0.018814,-0.269523,0.022003,0.022028,-0.063508,0.004493,0.047220,-0.419666,0.024457,0.033935,-0.128206,-0.006589
14.783900,0.000000,-0.000000,0.000000,0.018814,-0.269523,0.022003,0.022028,-0.063508,0.004493,0.047220,-0.419666,0.024457,0.033935,-0.128206,-0.006589
15.026121,0.000000,-0.000000,0.000000,0.018814,-0.269523,0.022003,0.022028,-0.063508,0.004493,0.047220,-0.419666,0.024457,0.033935,-0.128206,-0.006589
15.285528,0.000000,-0.000000,0.000000,0.018814,-0.269523,0.022003,0.022028,-0.063508,0.004493,0.047220,-0.419666,0.024457,0.033935,-0.128206,-0.006589
15.546194,0.000000,-0.000000,0.000000,0.018814,-0.269523,0.022003,0.022028,-0.063508,0.004493,0.047220,-0.419666,0.024457,0.033935,-0.128206,-0.006589
15.818699,0.000000,-0.000000,0.000000,0.018814,-0.269523,0.022003,0.022028,-0.063508,0.004493,0.047220,-0.419666,0.024457,0.032066,-0.136966,-0.006398
16.088875,0.000000,-0.000000,0.000000,0.018814,-0.269523,0.022003,0.022028,-0.063508,0.004493,0.047220,-0.419666,0.024457,0.034564,-0.133830,-0.006458
16.359157,0.000000,-0.000000,0.000000,0.018814,-0.269523,0.022003,0.022028,-0.063508,0.004493,0.047220,-0.419666,0.024457,0.032066,-0.136966,-0.006398
16.625504,0.000000,-0.000000,0.000000,0.018814,-0.269523,0.022003,0.022028,-0.063508,0.004493,0.047220,-0.419666,0.024457,0.035192,-0.139453,-0.006330
16.867641,0.000000,-0.000000,0.000000,0.018814,-0.269523,0.022003,0.022028,-0.063508,0.004493,0.047220,-0.419666,0.024457,0.036448,-0.150698,-0.006085
17.121134,0.000000,-0.000000,0.000000,0.018814,-0.269523,0.022003,0.022028,-0.063508,0.004493,0.047220,-0.419666,0.024457,0.033947,-0.153833,-0.006007
17.377869,0.000000,-0.000000,0.000000,0.018814,-0.269523,0.022003,0.022028,-0.063508,0.004493,0.047220,-0.419666,0.024457,0.033947,-0.153833,-0.006007
17.647419,0.000000,-0.000000,0.000000,0.018814,-0.269523,0.022003,0.022028,-0.063508,0.004493,0.047220,-0.419666,0.024457,0.034574,-0.159454,-0.005884
17.890791,0.000000,-0.000000,0.000000,0.018814,-0.269523,0.022003,0.022028,-0.063508,0.004493,0.047220,-0.419666,0.024457,0.034574,-0.159454,-0.005884
18.150423,0.000000,-0.000000,0.000000,0.018814,-0.269523,0.022003,0.022028,-0.063508,0.004493,0.047220,-0.419666,0.024457,0.034574,-0.159454,-0.005884
18.371774,0.000000,-0.000000,0.000000,0.018814,-0.269523,0.022003,0.022028,-0.063508,0.004493,0.047220,-0.419666,0.024457,0.034574,-0.159454,-0.005884
18.616897,0.000000,-0.000000,0.000000,0.018814,-0.269523,0.022003,0.022028,-0.063508,0.004493,0.047220,-0.419666,0.024457,0.034574,-0.159454,-0.005884
18.843812,0.000000,-0.000000,0.000000,0.018814,-0.269523,0.022003,0.022028,-0.063508,0.004493,0.047220,-0.419666,0.024457,0.034574,-0.159454,-0.005884
19.115410,0.000000,-0.000000,0.000000,0.018814,-0.269523,0.022003,0.022028,-0.063508,0.004493,0.047220,-0.419666,0.024457,0.034574,-0.159454,-0.005884
19.350781,0.000000,-0.000000,0.000000,0.018814,-0.269523,0.022003,0.022028,-0.063508,0.004493,0.047220,-0.419666,0.024457,0.034574,-0.159454,-0.005884
19.603901,0.000000,-0.000000,0.000000,0.018814,-0.269523,0.022003,0.022028,-0.063508,0.004493,0.047220,-0.419666,0.024457,0.034574,-0.159454,-0.005884
19.875649,0.000000,-0.000000,0.000000,0.018814,-0.269523,0.022003,0.022028,-0.063508,0.004493,0.047220,-0.419666,0.024457,0.034574,-0.159454,-0.005884
20.147257,0.000000,-0.000000,0.000000,0.018814,-0.269523,0.022003,0.022028,-0.063508,0.004493,0.047220,-0.419666,0.024457,0.034574,-0.159454,-0.005884
20.380181,0.000000,-0.000000,0.000000,0.018814,-0.269523,0.022003,0.022028,-0.063508,0.004493,0.047220,-0.419666,0.024457,0.034574,-0.159454,-0.005884
20.634862,0.000000,-0.000000,0.000000,0.018814,-0.269523,0.022003,0.022028,-0.063508,0.004493,0.047220,-0.419666,0.024457,0.034574,-0.159454,-0.005884
20.864046,0.000000,-0.000000,0.000000,0.018814,-0.269523,0.022003,0.022028,-0.063508,0.004493,0.047220,-0.419666,0.024457,0.034574,-0.159454,-0.005884
21.103837,0.000000,-0.000000,0.000000,0.018814,-0.269523,0.022003,0.022028,-0.063508,0.004493,0.047220,-0.419666,0.024457,0.034574,-0.159454,-0.005884
21.356891,0.000000,-0.000000,0.000000,0.018814,-0.269523,0.022003,0.022028,-0.063508,0.004493,0.047220,-0.419666,0.024457,0.034574,-0.159454,-0.005884
21.584511,0.000000,-0.000000,0.000000,0.018814,-0.269523,0.022003,0.022028,-0.063508,0.004493,0.047220,-0.419666,0.024457,0.034574,-0.159454,-0.005884
21.838620,0.000000,-0.000000,0.000000,0.018814,-0.269523,0.022003,0.022028,-0.063508,0.004493,0.047220,-0.419666,0.024457,0.034574,-0.159454,-0.005884
22.092895,0.000000,-0.000000,0.000000,0.018814,-0.269523,0.022003,0.022028,-0.063508,0.004493,0.047220,-0.419666,0.024457,0.034574,-0.159454,-0.005884
22.359026,0.000000,-0.000000,0.000000,0.018814,-0.269523,0.022003,0.022028,-0.063508,0.004493,0.047220,-0.419666,0.024457,0.034574,-0.159454,-0.005884
22.623466,0.000000,-0.000000,0.000000,0.018814,-0.269523,0.022003,0.022028,-0.063508,0.004493,0.047220,-0.419666,0.024457,0.034574,-0.159454,-0.005884
22.874732,0.000000,-0.000000,0.000000,0.018814,-0.269523,0.022003,0.022028,-0.063508,0.004493,0.047220,-0.419666,0.024457,0.034574,-0.159454,-0.005884
23.109405,0.000000,-0.000000,0.000000,0.018814,-0.269523,0.022003,0.022028,-0.063508,0.004493,0.047220,-0.419666,0.024457,0.034574,-0.159454,-0.005884
23.362601,0.000000,-0.000000,0.000000,0.018814,-0.269523,0.022003,0.022028,-0.063508,0.004493,0.047220,-0.419666,0.024457,0.034574,-0.159454,-0.005884
23.615071,0.000000,-0.000000,0.000000,0.018814,-0.269523,0.022003,0.022028,-0.063508,0.004493,0.047220,-0.419666,0.024457,0.034574,-0.159454,-0.005884
23.887385,0.000000,-0.000000,0.000000,0.018814,-0.269523,0.022003,0.022028,-0.063508,0.004493,0.047220,-0.419666,0.024457,0.034574,-0.159454,-0.005884
24.140289,0.000000,-0.000000,0.000000,0.018814,-0.269523,0.022003,0.022028,-0.063508,0.004493,0.047220,-0.419666,0.024457,0.034574,-0.159454,-0.005884
24.372656,0.000000,-0.000000,0.000000,0.018814,-0.269523,0.022003,0.022028,-0.063508,0.004493,0.047220,-0.419666,0.024457,0.034574,-0.159454,-0.005884
24.625817,0.000000,-0.000000,0.000000,0.018814,-0.269523,0.022003,0.022028,-0.063508,0.004493,0.047220,-0.419666,0.024457,0.034574,-0.159454,-0.005884
24.878407,0.000000,-0.000000,0.000000,0.018814,-0.269523,0.022003,0.022028,-0.063508,0.004493,0.047220,-0.419666,0.024457,0.034574,-0.159454,-0.005884
25.131618,0.000000,-0.000000,0.000000,0.018814,-0.269523,0.022003,0.022028,-0.063508,0.004493,0.047220,-0.419666,0.024457,0.034574,-0.159454,-0.005884
25.393860,0.000000,-0.000000,0.000000,0.018814,-0.269523,0.022003,0.022028,-0.063508,0.004493,0.047220,-0.419666,0.024457,0.034574,-0.159454,-0.005884
25.655862,0.000000,-0.000000,0.000000,0.018814,-0.269523,0.022003,0.022028,-0.063508,0.004493,0.047220,-0.419666,0.024457,0.034574,-0.159454,-0.005884
25.911062,0.000000,-0.000000,0.000000,0.018814,-0.269523,0.022003,0.022028,-0.063508,0.004493,0.047220,-0.419666,0.024457,0.034574,-0.159454,-0.005884
26.164046,0.000000,-0.000000,0.000000,0.018814,-0.269523,0.022003,0.022028,-0.063508,0.004493,0.047220,-0.419666,0.024457,0.034574,-0.159454,-0.005884
26.415434,0.000000,-0.000000,0.000000,0.018814,-0.269523,0.022003,0.022028,-0.063508,0.004493,0.047220,-0.419666,0.024457,0.034574,-0.159454,-0.005884
26.688967,0.000000,-0.000000,0.000000,0.018814,-0.269523,0.022003,0.022028,-0.063508,0.004493,0.047220,-0.419666,0.024457,0.034574,-0.159454,-0.005884
26.942774,0.000000,-0.000000,0.000000,0.018814,-0.269523,0.022003,0.022028,-0.063508,0.004493,0.047220,-0.419666,0.024457,0.034574,-0.159454,-0.005884
27.186050,0.000000,-0.000000,0.000000,0.018814,-0.269523,0.022003,0.022028,-0.063508,0.004493,0.047220,-0.419666,0.024457,0.034574,-0.159454,-0.005884
27.431529,0.000000,-0.000000,0.000000,0.018814,-0.269523,0.022003,0.022028,-0.063508,0.004493,0.047220,-0.419666,0.024457,0.034574,-0.159454,-0.005884
27.684526,0.000000,-0.000000,0.000000,0.018814,-0.269523,0.022003,0.022028,-0.063508,0.004493,0.047220,-0.419666,0.024457,0.034574,-0.159454,-0.005884
27.946919,0.000000,-0.000000,0.000000,0.018814,-0.269523,0.022003,0.022028,-0.063508,0.004493,0.047220,-0.419666,0.024457,0.034574,-0.159454,-0.005884
28.207842,0.000000,-0.000000,0.000000,0.018814,-0.269523,0.022003,0.022028,-0.063508,0.004493,0.047220,-0.419666,0.024457,0.034574,-0.159454,-0.005884
28.449156,0.000000,-0.000000,0.000000,0.018814,-0.269523,0.022003,0.022028,-0.063508,0.004493,0.047220,-0.419666,0.024457,0.034574,-0.159454,-0.005884
28.718446,0.000000,-0.000000,0.000000,0.018814,-0.269523,0.022003,0.022028,-0.063508,0.004493,0.047220,-0.419666,0.024457,0.034574,-0.159454,-0.005884
28.971417,0.000000,-0.000000,0.000000,0.018814,-0.269523,0.022003,0.022028,-0.063508,0.004493,0.047220,-0.419666,0.024457,0.034574,-0.159454,-0.005884
29.243857,0.000000,-0.000000,0.000000,0.018814,-0.269523,0.022003,0.022028,-0.063508,0.004493,0.047220,-0.419666,0.024457,0.034574,-0.159454,-0.005884
29.487909,0.000000,-0.000000,0.000000,0.018814,-0.269523,0.022003,0.022028,-0.063508,0.004493,0.047220,-0.419666,0.024457,0.034574,-0.159454,-0.005884
29.765656,0.000000,-0.000000,0.000000,0.018814,-0.269523,0.022003,0.022028,-0.063508,0.004493,0.047220,-0.419666,0.024457,0.034574,-0.159454,-0.005884
30.026725,0.000000,-0.000000,0.000000,0.018814,-0.269523,0.022003,0.022028,-0.063508,0.004493,0.047220,-0.419666,0.024457,0.034574,-0.159454,-0.005884
30.290836,0.000000,-0.000000,0.000000,0.018814,-0.269523,0.022003,0.022028,-0.063508,0.004493,0.047220,-0.419666,0.024457,0.034574,-0.159454,-0.005884
30.579511,0.000000,-0.000000,0.000000,0.018814,-0.269523,0.022003,0.022028,-0.063508,0.004493,0.047220,-0.419666,0.024457,0.034574,-0.159454,-0.005884
30.869330,0.000000,-0.000000,0.000000,0.018814,-0.269523,0.022003,0.022028,-0.063508,0.004493,0.047220,-0.419666,0.024457,0.034574,-0.159454,-0.005884
31.103237,0.000000,-0.000000,0.000000,0.018814,-0.269523,0.022003,0.022028,-0.063508,0.004493,0.047220,-0.419666,0.024457,0.034574,-0.159454,-0.005884
31.356688,0.000000,-0.000000,0.000000,0.018814,-0.269523,0.022003,0.022028,-0.063508,0.004493,0.047220,-0.419666,0.024457,0.034574,-0.159454,-0.005884
31.611035,0.000000,-0.000000,0.000000,0.018814,-0.269523,0.022003,0.022028,-0.063508,0.004493,0.047220,-0.419666,0.024457,0.034574,-0.159454,-0.005884
31.882238,0.000000,-0.000000,0.000000,0.018814,-0.269523,0.022003,0.022028,-0.063508,0.004493,0.047220,-0.419666,0.024457,0.034574,-0.159454,-0.005884
32.156049,0.000000,-0.000000,0.000000,0.018814,-0.269523,0.022003,0.022028,-0.063508,0.004493,0.047220,-0.419666,0.024457,0.034574,-0.159454,-0.005884
32.388328,0.000000,-0.000000,0.000000,0.018814,-0.269523,0.022003,0.022028,-0.063508,0.004493,0.047220,-0.419666,0.024457,0.034574,-0.159454,-0.005884
32.631838,0.000000,-0.000000,0.000000,0.018814,-0.269523,0.022003,0.022028,-0.063508,0.004493,0.047220,-0.419666,0.024457,0.034574,-0.159454,-0.005884
32.874853,0.000000,-0.000000,0.000000,0.018814,-0.269523,0.022003,0.022028,-0.063508,0.004493,0.047220,-0.419666,0.024457,0.034574,-0.159454,-0.005884
33.117835,0.000000,-0.000000,0.000000,0.018814,-0.269523,0.022003,0.022028,-0.063508,0.004493,0.047220,-0.419666,0.024457,0.034574,-0.159454,-0.005884
33.387890,0.000000,-0.000000,0.000000,0.018814,-0.269523,0.022003,0.022028,-0.063508,0.004493,0.047220,-0.419666,0.024457,0.034574,-0.159454,-0.005884
33.659699,0.000000,-0.000000,0.000000,0.018814,-0.269523,0.022003,0.022028,-0.063508,0.004493,0.047220,-0.419666,0.024457,0.034574,-0.159454,-0.005884
33.905812,0.000000,-0.000000,0.000000,0.018814,-0.269523,0.022003,0.022028,-0.063508,0.004493,0.047220,-0.419666,0.024457,0.034574,-0.159454,-0.005884
34.147809,0.000000,-0.000000,0.000000,0.018814,-0.269523,0.022003,0.022028,-0.063508,0.004493,0.047220,-0.419666,0.024457,0.034574,-0.159454,-0.005884
34.398860,0.000000,-0.000000,0.000000,0.018814,-0.269523,0.022003,0.022028,-0.063508,0.004493,0.047220,-0.419666,0.024457,0.034574,-0.159454,-0.005884
34.632223,0.000000,-0.000000,0.000000,0.018814,-0.269523,0.022003,0.022028,-0.063508,0.004493,0.047220,-0.419666,0.024457,0.034574,-0.159454,-0.005884
34.865769,0.000000,-0.000000,0.000000,0.018814,-0.269523,0.022003,0.022028,-0.063508,0.004493,0.047220,-0.419666,0.024457,0.034574,-0.159454,-0.005884
35.114096,0.000000,-0.000000,0.000000,0.018814,-0.269523,0.022003,0.022028,-0.063508,0.004493,0.047220,-0.419666,0.024457,0.034574,-0.159454,-0.005884
35.367710,0.000000,-0.000000,0.000000,0.018814,-0.269523,0.022003,0.022028,-0.063508,0.004493,0.047220,-0.419666,0.024457,0.034574,-0.159454,-0.005884
35.639727,0.000000,-0.000000,0.000000,0.018814,-0.269523,0.022003,0.022028,-0.063508,0.004493,0.047220,-0.419666,0.024457,0.034574,-0.159454,-0.005884
35.911266,0.000000,-0.000000,0.000000,0.018814,-0.269523,0.022003,0.022028,-0.063508,0.004493,0.047220,-0.419666,0.024457,0.034574,-0.159454,-0.005884
36.145853,0.000000,-0.000000,0.000000,0.018814,-0.269523,0.022003,0.022028,-0.063508,0.004493,0.047220,-0.419666,0.024457,0.034574,-0.159454,-0.005884
36.417097,0.000000,-0.000000,0.000000,0.018814,-0.269523,0.022003,0.022028,-0.063508,0.004493,0.047220,-0.419666,0.024457,0.034574,-0.159454,-0.005884
36.670901,0.000000,-0.000000,0.000000,0.018814,-0.269523,0.022003,0.022028,-0.063508,0.004493,0.047220,-0.419666,0.024457,0.034574,-0.159454,-0.005884
36.933026,0.000000,-0.000000,0.000000,0.018814,-0.269523,0.022003,0.022028,-0.063508,0.004493,0.047220,-0.419666,0.024457,0.034574,-0.159454,-0.005884
37.203975,0.000000,-0.000000,0.000000,0.018814,-0.269523,0.022003,0.022028,-0.063508,0.004493,0.047220,-0.419666,0.024457,0.034574,-0.159454,-0.005884
37.475722,0.000000,-0.000000,0.000000,0.018814,-0.269523,0.022003,0.022028,-0.063508,0.004493,0.047220,-0.419666,0.024457,0.034574,-0.159454,-0.005884
37.709627,0.000000,-0.000000,0.000000,0.018814,-0.269523,0.022003,0.022028,-0.063508,0.004493,0.047220,-0.419666,0.024457,0.034574,-0.159454,-0.005884
37.971163,0.000000,-0.000000,0.000000,0.018814,-0.269523,0.022003,0.022028,-0.063508,0.004493,0.047220,-0.419666,0.024457,0.034574,-0.159454,-0.005884
38.253634,0.000000,-0.000000,0.000000,0.018814,-0.269523,0.022003,0.022028,-0.063508,0.004493,0.047220,-0.419666,0.024457,0.034574,-0.159454,-0.005884
38.525367,0.000000,-0.000000,0.000000,0.018814,-0.269523,0.022003,0.022028,-0.063508,0.004493,0.047220,-0.419666,0.024457,0.034574,-0.159454,-0.005884
38.779978,0.000000,-0.000000,0.000000,0.018814,-0.269523,0.022003,0.022028,-0.063508,0.004493,0.047220,-0.419666,0.024457,0.034574,-0.159454,-0.005884
39.032829,0.000000,-0.000000,0.000000,0.018814,-0.269523,0.022003,0.022028,-0.063508,0.004493,0.047220,-0.419666,0.024457,0.034574,-0.159454,-0.005884
39.285706,0.000000,-0.000000,0.000000,0.018814,-0.269523,0.022003,0.022028,-0.063508,0.004493,0.047220,-0.419666,0.024457,0.034574,-0.159454,-0.005884
39.556457,0.000000,-0.000000,0.000000,0.018814,-0.269523,0.022003,0.022028,-0.063508,0.004493,0.047220,-0.419666,0.024457,0.034574,-0.159454,-0.005884
39.804901,0.000000,-0.000000,0.000000,0.018814,-0.269523,0.022003,0.022028,-0.063508,0.004493,0.047220,-0.419666,0.024457,0.034574,-0.159454,-0.005884
40.058422,0.000000,-0.000000,0.000000,0.018814,-0.269523,0.022003,0.022028,-0.063508,0.004493,0.047220,-0.419666,0.024457,0.034574,-0.159454,-0.005884
40.302310,0.000000,-0.000000,0.000000,0.018814,-0.269523,0.022003,0.022028,-0.063508,0.004493,0.047220,-0.419666,0.024457,0.034574,-0.159454,-0.005884
40.552566,0.000000,-0.000000,0.000000,0.018814,-0.269523,0.022003,0.022028,-0.063508,0.004493,0.047220,-0.419666,0.024457,0.034574,-0.159454,-0.005884
40.800811,0.000000,-0.000000,0.000000,0.018814,-0.269523,0.022003,0.022028,-0.063508,0.004493,0.047220,-0.419666,0.024457,0.034574,-0.159454,-0.005884
41.052109,0.000000,-0.000000,0.000000,0.018814,-0.269523,0.022003,0.022028,-0.063508,0.004493,0.047220,-0.419666,0.024457,0.034574,-0.159454,-0.005884
41.312018,0.000000,-0.000000,0.000000,0.018814,-0.269523,0.022003,0.022028,-0.063508,0.004493,0.047220,-0.419666,0.024457,0.034574,-0.159454,-0.005884
41.575963,0.000000,-0.000000,0.000000,0.018814,-0.269523,0.022003,0.022028,-0.063508,0.004493,0.047220,-0.419666,0.024457,0.034574,-0.159454,-0.005884
41.832253,0.000000,-0.000000,0.000000,0.018814,-0.269523,0.022003,0.022028,-0.063508,0.004493,0.047220,-0.419666,0.024457,0.034574,-0.159454,-0.005884
42.084908,0.000000,-0.000000,0.000000,0.018814,-0.269523,0.022003,0.022028,-0.063508,0.004493,0.047220,-0.419666,0.024457,0.034574,-0.159454,-0.005884
42.350946,0.000000,-0.000000,0.000000,0.018814,-0.269523,0.022003,0.022028,-0.063508,0.004493,0.047220,-0.419666,0.024457,0.034574,-0.159454,-0.005884
42.616408,0.000000,-0.000000,0.000000,0.018814,-0.269523,0.022003,0.022028,-0.063508,0.004493,0.047220,-0.419666,0.024457,0.034574,-0.159454,-0.005884
42.862990,0.000000,-0.000000,0.000000,0.018814,-0.269523,0.022003,0.022028,-0.063508,0.004493,0.047220,-0.419666,0.024457,0.034574,-0.159454,-0.005884
43.128471,0.000000,-0.000000,0.000000,0.018814,-0.269523,0.022003,0.022028,-0.063508,0.004493,0.047220,-0.419666,0.024457,0.034574,-0.159454,-0.005884
43.399023,0.000000,-0.000000,0.000000,0.018814,-0.269523,0.022003,0.022028,-0.063508,0.004493,0.047220,-0.419666,0.024457,0.034574,-0.159454,-0.005884
43.654057,0.000000,-0.000000,0.000000,0.018814,-0.269523,0.022003,0.022028,-0.063508,0.004493,0.047220,-0.419666,0.024457,0.034574,-0.159454,-0.005884
43.889844,0.000000,-0.000000,0.000000,0.018814,-0.269523,0.022003,0.022028,-0.063508,0.004493,0.047220,-0.419666,0.024457,0.034574,-0.159454,-0.005884
44.126162,0.000000,-0.000000,0.000000,0.018814,-0.269523,0.022003,0.022028,-0.063508,0.004493,0.047220,-0.419666,0.024457,0.034574,-0.159454,-0.005884
44.381002,0.000000,-0.000000,0.000000,0.018814,-0.269523,0.022003,0.022028,-0.063508,0.004493,0.047220,-0.419666,0.024457,0.034574,-0.159454,-0.005884
44.638321,0.000000,-0.000000,0.000000,0.018814,-0.269523,0.022003,0.022028,-0.063508,0.004493,0.047220,-0.419666,0.024457,0.034574,-0.159454,-0.005884
44.890649,0.000000,-0.000000,0.000000,0.018814,-0.269523,0.022003,0.022028,-0.063508,0.004493,0.047220,-0.419666,0.024457,0.034574,-0.159454,-0.005884
45.159427,0.000000,-0.000000,0.000000,0.018814,-0.269523,0.022003,0.022028,-0.063508,0.004493,0.047220,-0.419666,0.024457,0.034574,-0.159454,-0.005884
45.407358,0.000000,-0.000000,0.000000,0.018814,-0.269523,0.022003,0.022028,-0.063508,0.004493,0.047220,-0.419666,0.024457,0.034574,-0.159454,-0.005884
45.679014,0.000000,-0.000000,0.000000,0.018814,-0.269523,0.022003,0.022028,-0.063508,0.004493,0.047220,-0.419666,0.024457,0.034574,-0.159454,-0.005884
45.933127,0.000000,-0.000000,0.000000,0.018814,-0.269523,0.022003,0.022028,-0.063508,0.004493,0.047220,-0.419666,0.024457,0.034574,-0.159454,-0.005884
46.190225,0.000000,-0.000000,0.000000,0.018814,-0.269523,0.022003,0.022028,-0.063508,0.004493,0.047220,-0.419666,0.024457,0.034574,-0.159454,-0.005884
46.464891,0.000000,-0.000000,0.000000,0.018814,-0.269523,0.022003,0.022028,-0.063508,0.004493,0.047220,-0.419666,0.024457,0.034574,-0.159454,-0.005884
46.717146,0.000000,-0.000000,0.000000,0.018814,-0.269523,0.022003,0.022028,-0.063508,0.004493,0.047220,-0.419666,0.024457,0.034574,-0.159454,-0.005884
46.970125,0.000000,-0.000000,0.000000,0.018814,-0.269523,0.022003,0.022028,-0.063508,0.004493,0.047220,-0.419666,0.024457,0.034574,-0.159454,-0.005884
47.239821,0.000000,-0.000000,0.000000,0.018814,-0.269523,0.022003,0.022028,-0.063508,0.004493,0.047220,-0.419666,0.024457,0.034574,-0.159454,-0.005884
47.496015,0.000000,-0.000000,0.000000,0.018814,-0.269523,0.022003,0.022028,-0.063508,0.004493,0.047220,-0.419666,0.024457,0.034574,-0.159454,-0.005884
47.734014,0.000000,-0.000000,0.000000,0.018814,-0.269523,0.022003,0.022028,-0.063508,0.004493,0.047220,-0.419666,0.024457,0.034574,-0.159454,-0.005884
47.975167,0.000000,-0.000000,0.000000,0.018814,-0.269523,0.022003,0.022028,-0.063508,0.004493,0.047220,-0.419666,0.024457,0.034574,-0.159454,-0.005884
48.245111,0.000000,-0.000000,0.000000,0.018814,-0.269523,0.022003,0.022028,-0.063508,0.004493,0.047220,-0.419666,0.024457,0.034574,-0.159454,-0.005884
48.512975,0.000000,-0.000000,0.000000,0.018814,-0.269523,0.022003,0.022028,-0.063508,0.004493,0.047220,-0.419666,0.024457,0.034574,-0.159454,-0.005884
48.765992,0.000000,-0.000000,0.000000,0.018814,-0.269523,0.022003,0.022028,-0.063508,0.004493,0.047220,-0.419666,0.024457,0.034574,-0.159454,-0.005884
49.025250,0.000000,-0.000000,0.000000,0.018814,-0.269523,0.022003,0.022028,-0.063508,0.004493,0.047220,-0.419666,0.024457,0.034574,-0.159454,-0.005884
49.271538,0.000000,-0.000000,0.000000,0.018814,-0.269523,0.022003,0.022028,-0.063508,0.004493,0.047220,-0.419666,0.024457,0.034574,-0.159454,-0.005884
49.514914,0.000000,-0.000000,0.000000,0.018814,-0.269523,0.022003,0.022028,-0.063508,0.004493,0.047220,-0.419666,0.024457,0.034574,-0.159454,-0.005884
49.758275,0.000000,-0.000000,0.000000,0.018814,-0.269523,0.022003,0.022028,-0.063508,0.004493,0.047220,-0.419666,0.024457,0.034574,-0.159454,-0.005884
50.028045,0.000000,-0.000000,0.000000,0.018814,-0.269523,0.022003,0.022028,-0.063508,0.004493,0.047220,-0.419666,0.024457,0.034574,-0.159454,-0.005884
50.295582,0.000000,-0.000000,0.000000,0.018814,-0.269523,0.022003,0.022028,-0.063508,0.004493,0.047220,-0.419666,0.024457,0.034574,-0.159454,-0.005884
50.538337,0.000000,-0.000000,0.000000,0.018814,-0.269523,0.022003,0.022028,-0.063508,0.004493,0.047220,-0.419666,0.024457,0.034574,-0.159454,-0.005884
50.796228,0.000000,-0.000000,0.000000,0.018814,-0.269523,0.022003,0.022028,-0.063508,0.004493,0.047220,-0.419666,0.024457,0.034574,-0.159454,-0.005884
51.038764,0.000000,-0.000000,0.000000,0.018814,-0.269523,0.022003,0.022028,-0.063508,0.004493,0.047220,-0.419666,0.024457,0.034574,-0.159454,-0.005884
51.290487,0.000000,-0.000000,0.000000,0.018814,-0.269523,0.022003,0.022028,-0.063508,0.004493,0.047220,-0.419666,0.024457,0.034574,-0.159454,-0.005884
51.556080,0.000000,-0.000000,0.000000,0.018814,-0.269523,0.022003,0.022028,-0.063508,0.004493,0.047220,-0.419666,0.024457,0.034574,-0.159454,-0.005884
51.833953,0.000000,-0.000000,0.000000,0.018814,-0.269523,0.022003,0.022028,-0.063508,0.004493,0.047220,-0.419666,0.024457,0.034574,-0.159454,-0.005884
52.086481,0.000000,-0.000000,0.000000,0.018814,-0.269523,0.022003,0.022028,-0.063508,0.004493,0.047220,-0.419666,0.024457,0.034574,-0.159454,-0.005884
52.348547,0.000000,-0.000000,0.000000,0.018814,-0.269523,0.022003,0.022028,-0.063508,0.004493,0.047220,-0.419666,0.024457,0.034574,-0.159454,-0.005884
52.621195,0.000000,-0.000000,0.000000,0.018814,-0.269523,0.022003,0.022028,-0.063508,0.004493,0.047220,-0.419666,0.024457,0.034574,-0.159454,-0.005884
52.873579,0.000000,-0.000000,0.000000,0.018814,-0.269523,0.022003,0.022028,-0.063508,0.004493,0.047220,-0.419666,0.024457,0.034574,-0.159454,-0.005884
53.126487,0.000000,-0.000000,0.000000,0.018814,-0.269523,0.022003,0.022028,-0.063508,0.004493,0.047220,-0.419666,0.024457,0.034574,-0.159454,-0.005884
53.398473,0.000000,-0.000000,0.000000,0.018814,-0.269523,0.022003,0.022028,-0.063508,0.004493,0.047220,-0.419666,0.024457,0.034574,-0.159454,-0.005884
53.657917,0.000000,-0.000000,0.000000,0.018814,-0.269523,0.022003,0.022028,-0.063508,0.004493,0.047220,-0.419666,0.024457,0.034574,-0.159454,-0.005884
53.910922,0.000000,-0.000000,0.000000,0.018814,-0.269523,0.022003,0.022028,-0.063508,0.004493,0.047220,-0.419666,0.024457,0.034574,-0.159454,-0.005884
54.145020,0.000000,-0.000000,0.000000,0.018814,-0.269523,0.022003,0.022028,-0.063508,0.004493,0.047220,-0.419666,0.024457,0.034574,-0.159454,-0.005884
54.373893,0.000000,-0.000000,0.000000,0.018814,-0.269523,0.022003,0.022028,-0.063508,0.004493,0.047220,-0.419666,0.024457,0.034574,-0.159454,-0.005884
54.621816,0.000000,-0.000000,0.000000,0.018814,-0.269523,0.022003,0.022028,-0.063508,0.004493,0.047220,-0.419666,0.024457,0.034574,-0.159454,-0.005884
54.875177,0.000000,-0.000000,0.000000,0.018814,-0.269523,0.022003,0.022028,-0.063508,0.004493,0.047220,-0.419666,0.024457,0.034574,-0.159454,-0.005884
55.127768,0.000000,-0.000000,0.000000,0.018814,-0.269523,0.022003,0.022028,-0.063508,0.004493,0.047220,-0.419666,0.024457,0.034574,-0.159454,-0.005884
55.383434,0.000000,-0.000000,0.000000,0.018814,-0.269523,0.022003,0.022028,-0.063508,0.004493,0.047220,-0.419666,0.024457,0.034574,-0.159454,-0.005884
55.657945,0.000000,-0.000000,0.000000,0.018814,-0.269523,0.022003,0.022028,-0.063508,0.004493,0.047220,-0.419666,0.024457,0.034574,-0.159454,-0.005884
55.889154,0.000000,-0.000000,0.000000,0.018814,-0.269523,0.022003,0.022028,-0.063508,0.004493,0.047220,-0.419666,0.024457,0.034574,-0.159454,-0.005884
56.160044,0.000000,-0.000000,0.000000,0.018814,-0.269523,0.022003,0.022028,-0.063508,0.004493,0.047220,-0.419666,0.024457,0.034574,-0.159454,-0.005884
56.410965,0.000000,-0.000000,0.000000,0.018814,-0.269523,0.022003,0.022028,-0.063508,0.004493,0.047220,-0.419666,0.024457,0.034574,-0.159454,-0.005884
56.674728,0.000000,-0.000000,0.000000,0.018814,-0.269523,0.022003,0.022028,-0.063508,0.004493,0.047220,-0.419666,0.024457,0.034574,-0.159454,-0.005884
56.927432,0.000000,-0.000000,0.000000,0.018814,-0.269523,0.022003,0.022028,-0.063508,0.004493,0.047220,-0.419666,0.024457,0.034574,-0.159454,-0.005884
57.197381,0.000000,-0.000000,0.000000,0.018814,-0.269523,0.022003,0.022028,-0.063508,0.004493,0.047220,-0.419666,0.024457,0.034574,-0.159454,-0.005884
57.447575,0.000000,-0.000000,0.000000,0.018814,-0.269523,0.022003,0.022028,-0.063508,0.004493,0.047220,-0.419666,0.024457,0.034574,-0.159454,-0.005884
57.719084,0.000000,-0.000000,0.000000,0.018814,-0.269523,0.022003,0.022028,-0.063508,0.004493,0.047220,-0.419666,0.024457,0.034574,-0.159454,-0.005884
57.977177,0.000000,-0.000000,0.000000,0.018814,-0.269523,0.022003,0.022028,-0.063508,0.004493,0.047220,-0.419666,0.024457,0.034574,-0.159454,-0.005884
58.222481,0.000000,-0.000000,0.000000,0.018814,-0.269523,0.022003,0.022028,-0.063508,0.004493,0.047220,-0.419666,0.024457,0.034574,-0.159454,-0.005884
58.474540,0.000000,-0.000000,0.000000,0.018814,-0.269523,0.022003,0.022028,-0.063508,0.004493,0.047220,-0.419666,0.024457,0.034574,-0.159454,-0.005884
58.727272,0.000000,-0.000000,0.000000,0.018814,-0.269523,0.022003,0.022028,-0.063508,0.004493,0.047220,-0.419666,0.024457,0.034574,-0.159454,-0.005884
58.989013,0.000000,-0.000000,0.000000,0.018814,-0.269523,0.022003,0.022028,-0.063508,0.004493,0.047220,-0.419666,0.024457,0.034574,-0.159454,-0.005884
59.265509,0.000000,-0.000000,0.000000,0.018814,-0.269523,0.022003,0.022028,-0.063508,0.004493,0.047220,-0.419666,0.024457,0.034574,-0.159454,-0.005884
59.508285,0.000000,-0.000000,0.000000,0.018814,-0.269523,0.022003,0.022028,-0.063508,0.004493,0.047220,-0.419666,0.024457,0.034574,-0.159454,-0.005884
59.779557,0.000000,-0.000000,0.000000,0.018814,-0.269523,0.022003,0.022028,-0.063508,0.004493,0.047220,-0.419666,0.024457,0.034574,-0.159454,-0.005884
60.032393,0.000000,-0.000000,0.000000,0.018814,-0.269523,0.022003,0.022028,-0.063508,0.004493,0.047220,-0.419666,0.024457,0.034574,-0.159454,-0.005884
60.280060,0.000000,-0.000000,0.000000,0.018814,-0.269523,0.022003,0.022028,-0.063508,0.004493,0.047220,-0.419666,0.024457,0.034574,-0.159454,-0.005884
60.533879,0.000000,-0.000000,0.000000,0.018814,-0.269523,0.022003,0.022028,-0.063508,0.004493,0.047220,-0.419666,0.024457,0.034574,-0.159454,-0.005884
60.780167,0.000000,-0.000000,0.000000,0.018814,-0.269523,0.022003,0.022028,-0.063508,0.004493,0.047220,-0.419666,0.024457,0.034574,-0.159454,-0.005884
61.023249,0.000000,-0.000000,0.000000,0.018814,-0.269523,0.022003,0.022028,-0.063508,0.004493,0.047220,-0.419666,0.024457,0.034574,-0.159454,-0.005884
61.266290,0.000000,-0.000000,0.000000,0.018814,-0.269523,0.022003,0.022028,-0.063508,0.004493,0.047220,-0.419666,0.024457,0.034574,-0.159454,-0.005884
61.527534,0.000000,-0.000000,0.000000,0.018814,-0.269523,0.022003,0.022028,-0.063508,0.004493,0.047220,-0.419666,0.024457,0.034574,-0.159454,-0.005884
61.779477,0.000000,-0.000000,0.000000,0.018814,-0.269523,0.022003,0.022028,-0.063508,0.004493,0.047220,-0.419666,0.024457,0.034574,-0.159454,-0.005884
62.050335,0.000000,-0.000000,0.000000,0.018814,-0.269523,0.022003,0.022028,-0.063508,0.004493,0.047220,-0.419666,0.024457,0.034574,-0.159454,-0.005884
62.310314,0.000000,-0.000000,0.000000,0.018814,-0.269523,0.022003,0.022028,-0.063508,0.004493,0.047220,-0.419666,0.024457,0.034574,-0.159454,-0.005884
62.575310,0.000000,-0.000000,0.000000,0.018814,-0.269523,0.022003,0.022028,-0.063508,0.004493,0.047220,-0.419666,0.024457,0.034574,-0.159454,-0.005884
62.854107,0.000000,-0.000000,0.000000,0.018814,-0.269523,0.022003,0.022028,-0.063508,0.004493,0.047220,-0.419666,0.024457,0.034574,-0.159454,-0.005884
63.099468,0.000000,-0.000000,0.000000,0.018814,-0.269523,0.022003,0.022028,-0.063508,0.004493,0.047220,-0.419666,0.024457,0.034574,-0.159454,-0.005884
63.345233,0.000000,-0.000000,0.000000,0.018814,-0.269523,0.022003,0.022028,-0.063508,0.004493,0.047220,-0.419666,0.024457,0.034574,-0.159454,-0.005884
63.598464,0.000000,-0.000000,0.000000,0.018814,-0.269523,0.022003,0.022028,-0.063508,0.004493,0.047220,-0.419666,0.024457,0.034574,-0.159454,-0.005884
63.841870,0.000000,-0.000000,0.000000,0.018814,-0.269523,0.022003,0.022028,-0.063508,0.004493,0.047220,-0.419666,0.024457,0.034574,-0.159454,-0.005884
64.107524,0.000000,-0.000000,0.000000,0.018814,-0.269523,0.022003,0.022028,-0.063508,0.004493,0.047220,-0.419666,0.024457,0.034574,-0.159454,-0.005884
64.377916,0.000000,-0.000000,0.000000,0.018814,-0.269523,0.022003,0.022028,-0.063508,0.004493,0.047220,-0.419666,0.024457,0.034574,-0.159454,-0.005884
64.624005,0.000000,-0.000000,0.000000,0.018814,-0.269523,0.022003,0.022028,-0.063508,0.004493,0.047220,-0.419666,0.024457,0.034574,-0.159454,-0.005884
64.895282,0.000000,-0.000000,0.000000,0.018814,-0.269523,0.022003,0.022028,-0.063508,0.004493,0.047220,-0.419666,0.024457,0.034574,-0.159454,-0.005884
65.149832,0.000000,-0.000000,0.000000,0.018814,-0.269523,0.022003,0.022028,-0.063508,0.004493,0.047220,-0.419666,0.024457,0.034574,-0.159454,-0.005884
65.423788,0.000000,-0.000000,0.000000,0.018814,-0.269523,0.022003,0.022028,-0.063508,0.004493,0.047220,-0.419666,0.024457,0.034574,-0.159454,-0.005884
65.676587,0.000000,-0.000000,0.000000,0.018814,-0.269523,0.022003,0.022028,-0.063508,0.004493,0.047220,-0.419666,0.024457,0.034574,-0.159454,-0.005884
65.933169,0.000000,-0.000000,0.000000,0.018814,-0.269523,0.022003,0.022028,-0.063508,0.004493,0.047220,-0.419666,0.024457,0.034574,-0.159454,-0.005884
66.192774,0.000000,-0.000000,0.000000,0.018814,-0.269523,0.022003,0.022028,-0.063508,0.004493,0.047220,-0.419666,0.024457,0.034574,-0.159454,-0.005884
66.461711,0.000000,-0.000000,0.000000,0.018814,-0.269523,0.022003,0.022028,-0.063508,0.004493,0.047220,-0.419666,0.024457,0.034574,-0.159454,-0.005884
66.714664,0.000000,-0.000000,0.000000,0.018814,-0.269523,0.022003,0.022028,-0.063508,0.004493,0.047220,-0.419666,0.024457,0.034574,-0.159454,-0.005884
66.968341,0.000000,-0.000000,0.000000,0.018814,-0.269523,0.022003,0.022028,-0.063508,0.004493,0.047220,-0.419666,0.024457,0.034574,-0.159454,-0.005884
67.208384,0.000000,-0.000000,0.000000,0.018814,-0.269523,0.022003,0.022028,-0.063508,0.004493,0.047220,-0.419666,0.024457,0.034574,-0.159454,-0.005884
67.459065,0.000000,-0.000000,0.000000,0.018814,-0.269523,0.022003,0.022028,-0.063508,0.004493,0.047220,-0.419666,0.024457,0.034574,-0.159454,-0.005884
67.736839,0.000000,-0.000000,0.000000,0.018814,-0.269523,0.022003,0.022028,-0.063508,0.004493,0.047220,-0.419666,0.024457,0.034574,-0.159454,-0.005884
67.980674,0.000000,-0.000000,0.000000,0.018814,-0.269523,0.022003,0.022028,-0.063508,0.004493,0.047220,-0.419666,0.024457,0.034574,-0.159454,-0.005884
68.223591,0.000000,-0.000000,0.000000,0.018814,-0.269523,0.022003,0.022028,-0.063508,0.004493,0.047220,-0.419666,0.024457,0.034574,-0.159454,-0.005884
68.495615,0.000000,-0.000000,0.000000,0.018814,-0.269523,0.022003,0.022028,-0.063508,0.004493,0.047220,-0.419666,0.024457,0.034574,-0.159454,-0.005884
68.754345,0.000000,-0.000000,0.000000,0.018814,-0.269523,0.022003,0.022028,-0.063508,0.004493,0.047220,-0.419666,0.024457,0.034574,-0.159454,-0.005884
69.020795,0.000000,-0.000000,0.000000,0.018814,-0.269523,0.022003,0.022028,-0.063508,0.004493,0.047220,-0.419666,0.024457,0.034574,-0.159454,-0.005884
69.264812,0.000000,-0.000000,0.000000,0.018814,-0.269523,0.022003,0.022028,-0.063508,0.004493,0.047220,-0.419666,0.024457,0.034574,-0.159454,-0.005884
69.528067,0.000000,-0.000000,0.000000,0.018814,-0.269523,0.022003,0.022028,-0.063508,0.004493,0.047220,-0.419666,0.024457,0.034574,-0.159454,-0.005884
69.788001,0.000000,-0.000000,0.000000,0.018814,-0.269523,0.022003,0.022028,-0.063508,0.004493,0.047220,-0.419666,0.024457,0.034574,-0.159454,-0.005884
70.048914,0.000000,-0.000000,0.000000,0.018814,-0.269523,0.022003,0.022028,-0.063508,0.004493,0.047220,-0.419666,0.024457,0.034574,-0.159454,-0.005884
70.307515,0.000000,-0.000000,0.000000,0.018814,-0.269523,0.022003,0.022028,-0.063508,0.004493,0.047220,-0.419666,0.024457,0.034574,-0.159454,-0.005884
70.566659,0.000000,-0.000000,0.000000,0.018814,-0.269523,0.022003,0.022028,-0.063508,0.004493,0.047220,-0.419666,0.024457,0.034574,-0.159454,-0.005884
70.811829,0.000000,-0.000000,0.000000,0.018814,-0.269523,0.022003,0.022028,-0.063508,0.004493,0.047220,-0.419666,0.024457,0.034574,-0.159454,-0.005884
71.089529,0.000000,-0.000000,0.000000,0.018814,-0.269523,0.022003,0.022028,-0.063508,0.004493,0.047220,-0.419666,0.024457,0.034574,-0.159454,-0.005884
71.359008,0.000000,-0.000000,0.000000,0.018814,-0.269523,0.022003,0.022028,-0.063508,0.004493,0.047220,-0.419666,0.024457,0.034574,-0.159454,-0.005884
71.614564,0.000000,-0.000000,0.000000,0.018814,-0.269523,0.022003,0.022028,-0.063508,0.004493,0.047220,-0.419666,0.024457,0.034574,-0.159454,-0.005884
71.872810,0.000000,-0.000000,0.000000,0.018814,-0.269523,0.022003,0.022028,-0.063508,0.004493,0.047220,-0.419666,0.024457,0.034574,-0.159454,-0.005884
72.137074,0.000000,-0.000000,0.000000,0.018814,-0.269523,0.022003,0.022028,-0.063508,0.004493,0.047220,-0.419666,0.024457,0.034574,-0.159454,-0.005884
72.382391,0.000000,-0.000000,0.000000,0.018814,-0.269523,0.022003,0.022028,-0.063508,0.004493,0.047220,-0.419666,0.024457,0.034574,-0.159454,-0.005884
72.623002,0.000000,-0.000000,0.000000,0.018814,-0.269523,0.022003,0.022028,-0.063508,0.004493,0.047220,-0.419666,0.024457,0.034574,-0.159454,-0.005884
72.882085,0.000000,-0.000000,0.000000,0.018814,-0.269523,0.022003,0.022028,-0.063508,0.004493,0.047220,-0.419666,0.024457,0.034574,-0.159454,-0.005884
73.141677,0.000000,-0.000000,0.000000,0.018814,-0.269523,0.022003,0.022028,-0.063508,0.004493,0.047220,-0.419666,0.024457,0.034564,-0.133830,-0.006458
73.409194,0.000000,-0.000000,0.000000,0.018814,-0.269523,0.022003,0.022028,-0.063508,0.004493,0.041580,-0.369708,0.027216,0.034564,-0.133830,-0.006458
73.669930,0.000000,-0.000000,0.000000,0.018814,-0.269523,0.022003,0.022028,-0.063508,0.004493,0.041580,-0.369708,0.027216,0.034564,-0.133830,-0.006458
73.930632,0.000000,-0.000000,0.000000,0.018814,-0.269523,0.022003,0.022028,-0.063508,0.004493,0.041580,-0.369708,0.027216,0.034564,-0.133830,-0.006458
74.195124,0.000000,-0.000000,0.000000,0.018814,-0.269523,0.022003,0.022028,-0.063508,0.004493,0.041580,-0.369708,0.027216,0.034564,-0.133830,-0.006458
74.472463,0.000000,-0.000000,0.000000,0.018814,-0.269523,0.022003,0.022028,-0.063508,0.004493,0.041580,-0.369708,0.027216,0.034564,-0.133830,-0.006458
74.715836,0.000000,-0.000000,0.000000,0.018814,-0.269523,0.022003,0.022028,-0.063508,0.004493,0.041580,-0.369708,0.027216,0.034564,-0.133830,-0.006458
74.960388,0.000000,-0.000000,0.000000,0.018814,-0.269523,0.022003,0.022028,-0.063508,0.004493,0.041580,-0.369708,0.027216,0.034564,-0.133830,-0.006458
75.221864,0.000000,-0.000000,0.000000,0.018814,-0.269523,0.022003,0.022028,-0.063508,0.004493,0.041580,-0.369708,0.027216,0.034564,-0.133830,-0.006458
75.497770,0.000000,-0.000000,0.000000,0.018814,-0.269523,0.022003,0.022028,-0.063508,0.004493,0.041580,-0.369708,0.027216,0.034564,-0.133830,-0.006458
75.745064,0.000000,-0.000000,0.000000,0.018814,-0.269523,0.022003,0.022028,-0.063508,0.004493,0.041580,-0.369708,0.027216,0.034564,-0.133830,-0.006458
76.010697,0.000000,-0.000000,0.000000,0.018814,-0.269523,0.022003,0.022028,-0.063508,0.004493,0.041580,-0.369708,0.027216,0.034564,-0.133830,-0.006458
76.260670,0.000000,-0.000000,0.000000,0.018814,-0.269523,0.022003,0.022028,-0.063508,0.004493,0.041580,-0.369708,0.027216,0.034564,-0.133830,-0.006458
76.523145,0.000000,-0.000000,0.000000,0.018814,-0.269523,0.022003,0.022028,-0.063508,0.004493,0.041580,-0.369708,0.027216,0.034564,-0.133830,-0.006458
76.779173,0.000000,-0.000000,0.000000,0.018814,-0.269523,0.022003,0.022028,-0.063508,0.004493,0.041580,-0.369708,0.027216,0.034564,-0.133830,-0.006458
77.020373,0.000000,-0.000000,0.000000,0.018814,-0.269523,0.022003,0.022028,-0.063508,0.004493,0.041580,-0.369708,0.027216,0.034564,-0.133830,-0.006458
77.297996,0.000000,-0.000000,0.000000,0.018814,-0.269523,0.022003,0.022028,-0.063508,0.004493,0.041580,-0.369708,0.027216,0.034564,-0.133830,-0.006458
77.537591,0.000000,-0.000000,0.000000,0.018814,-0.269523,0.022003,0.022028,-0.063508,0.004493,0.041580,-0.369708,0.027216,0.034564,-0.133830,-0.006458
77.783893,0.000000,-0.000000,0.000000,0.018814,-0.269523,0.022003,0.022028,-0.063508,0.004493,0.041580,-0.369708,0.027216,0.034564,-0.133830,-0.006458
78.042721,0.000000,-0.000000,0.000000,0.018814,-0.269523,0.022003,0.022028,-0.063508,0.004493,0.041580,-0.369708,0.027216,0.034564,-0.133830,-0.006458
78.302995,0.000000,-0.000000,0.000000,0.018814,-0.269523,0.022003,0.022028,-0.063508,0.004493,0.041580,-0.369708,0.027216,0.034564,-0.133830,-0.006458
78.572167,0.000000,-0.000000,0.000000,0.018814,-0.269523,0.022003,0.022028,-0.063508,0.004493,0.041580,-0.369708,0.027216,0.034564,-0.133830,-0.006458
78.895286,0.000000,-0.000000,0.000000,0.018814,-0.269523,0.022003,0.022028,-0.063508,0.004493,0.041580,-0.369708,0.027216,0.034564,-0.133830,-0.006458
79.159105,0.000000,-0.000000,0.000000,0.018814,-0.269523,0.022003,0.022028,-0.063508,0.004493,0.041580,-0.369708,0.027216,0.034564,-0.133830,-0.006458
79.427919,0.000000,-0.000000,0.000000,0.018814,-0.269523,0.022003,0.022028,-0.063508,0.004493,0.041580,-0.369708,0.027216,0.034564,-0.133830,-0.006458
79.674420,0.000000,-0.000000,0.000000,0.018814,-0.269523,0.022003,0.022028,-0.063508,0.004493,0.041580,-0.369708,0.027216,0.034564,-0.133830,-0.006458
79.928336,0.000000,-0.000000,0.000000,0.018814,-0.269523,0.022003,0.022028,-0.063508,0.004493,0.041580,-0.369708,0.027216,0.034564,-0.133830,-0.006458
80.170851,0.000000,-0.000000,0.000000,0.018814,-0.269523,0.022003,0.022028,-0.063508,0.004493,0.041580,-0.369708,0.027216,0.034564,-0.133830,-0.006458
80.413207,0.000000,-0.000000,0.000000,0.018814,-0.269523,0.022003,0.022028,-0.063508,0.004493,0.041580,-0.369708,0.027216,0.034564,-0.133830,-0.006458
80.659081,0.000000,-0.000000,0.000000,0.018814,-0.269523,0.022003,0.022028,-0.063508,0.004493,0.041580,-0.369708,0.027216,0.034564,-0.133830,-0.006458
80.978841,0.000000,-0.000000,0.000000,0.018814,-0.269523,0.022003,0.022028,-0.063508,0.004493,0.041580,-0.369708,0.027216,0.034564,-0.133830,-0.006458
81.218474,0.000000,-0.000000,0.000000,0.018814,-0.269523,0.022003,0.022028,-0.063508,0.004493,0.041580,-0.369708,0.027216,0.034564,-0.133830,-0.006458
81.485720,0.000000,-0.000000,0.000000,0.018814,-0.269523,0.022003,0.022028,-0.063508,0.004493,0.041580,-0.369708,0.027216,0.034564,-0.133830,-0.006458
81.746018,0.000000,-0.000000,0.000000,0.018814,-0.269523,0.022003,0.022028,-0.063508,0.004493,0.041580,-0.369708,0.027216,0.034564,-0.133830,-0.006458
82.010834,0.000000,-0.000000,0.000000,0.018814,-0.269523,0.022003,0.022028,-0.063508,0.004493,0.041580,-0.369708,0.027216,0.034564,-0.133830,-0.006458
82.243248,0.000000,-0.000000,0.000000,0.018814,-0.269523,0.022003,0.022028,-0.063508,0.004493,0.041580,-0.369708,0.027216,0.034564,-0.133830,-0.006458
82.484194,0.000000,-0.000000,0.000000,0.018814,-0.269523,0.022003,0.022028,-0.063508,0.004493,0.041580,-0.369708,0.027216,0.034564,-0.133830,-0.006458
82.745971,0.000000,-0.000000,0.000000,0.018814,-0.269523,0.022003,0.022028,-0.063508,0.004493,0.041580,-0.369708,0.027216,0.034564,-0.133830,-0.006458
83.006998,0.000000,-0.000000,0.000000,0.018814,-0.269523,0.022003,0.022028,-0.063508,0.004493,0.041580,-0.369708,0.027216,0.034564,-0.133830,-0.006458
83.285750,0.000000,-0.000000,0.000000,0.018814,-0.269523,0.022003,0.022028,-0.063508,0.004493,0.041580,-0.369708,0.027216,0.034564,-0.133830,-0.006458
83.532992,0.000000,-0.000000,0.000000,0.018814,-0.269523,0.022003,0.022028,-0.063508,0.004493,0.041580,-0.369708,0.027216,0.034564,-0.133830,-0.006458
83.786613,0.000000,-0.000000,0.000000,0.018814,-0.269523,0.022003,0.022028,-0.063508,0.004493,0.041580,-0.369708,0.027216,0.034564,-0.133830,-0.006458
84.057886,0.000000,-0.000000,0.000000,0.018814,-0.269523,0.022003,0.022028,-0.063508,0.004493,0.041580,-0.369708,0.027216,0.034564,-0.133830,-0.006458
84.316523,0.000000,-0.000000,0.000000,0.018814,-0.269523,0.022003,0.022028,-0.063508,0.004493,0.041580,-0.369708,0.027216,0.034564,-0.133830,-0.006458
84.569134,0.000000,-0.000000,0.000000,0.018814,-0.269523,0.022003,0.022028,-0.063508,0.004493,0.041580,-0.369708,0.027216,0.034564,-0.133830,-0.006458
84.822766,0.000000,-0.000000,0.000000,0.018814,-0.269523,0.022003,0.022028,-0.063508,0.004493,0.041580,-0.369708,0.027216,0.034564,-0.133830,-0.006458
85.094264,0.000000,-0.000000,0.000000,0.018814,-0.269523,0.022003,0.022028,-0.063508,0.004493,0.041580,-0.369708,0.027216,0.034564,-0.133830,-0.006458
85.366352,0.000000,-0.000000,0.000000,0.018814,-0.269523,0.022003,0.022028,-0.063508,0.004493,0.041580,-0.369708,0.027216,0.034564,-0.133830,-0.006458
85.600460,0.000000,-0.000000,0.000000,0.018814,-0.269523,0.022003,0.022028,-0.063508,0.004493,0.041580,-0.369708,0.027216,0.034564,-0.133830,-0.006458
85.847234,0.000000,-0.000000,0.000000,0.018814,-0.269523,0.022003,0.022028,-0.063508,0.004493,0.041580,-0.369708,0.027216,0.034564,-0.133830,-0.006458
86.094199,0.000000,-0.000000,0.000000,0.018814,-0.269523,0.022003,0.022028,-0.063508,0.004493,0.041580,-0.369708,0.027216,0.034564,-0.133830,-0.006458
86.364941,0.000000,-0.000000,0.000000,0.018814,-0.269523,0.022003,0.022028,-0.063508,0.004493,0.041580,-0.369708,0.027216,0.034564,-0.133830,-0.006458
86.637295,0.000000,-0.000000,0.000000,0.018814,-0.269523,0.022003,0.022028,-0.063508,0.004493,0.041580,-0.369708,0.027216,0.034564,-0.133830,-0.006458
86.890982,0.000000,-0.000000,0.000000,0.018814,-0.269523,0.022003,0.022028,-0.063508,0.004493,0.041580,-0.369708,0.027216,0.034564,-0.133830,-0.006458
87.143472,0.000000,-0.000000,0.000000,0.018814,-0.269523,0.022003,0.022028,-0.063508,0.004493,0.041580,-0.369708,0.027216,0.034564,-0.133830,-0.006458
87.385235,0.000000,-0.000000,0.000000,0.018814,-0.269523,0.022003,0.022028,-0.063508,0.004493,0.041580,-0.369708,0.027216,0.034564,-0.133830,-0.006458
87.644799,0.000000,-0.000000,0.000000,0.018814,-0.269523,0.022003,0.022028,-0.063508,0.004493,0.041580,-0.369708,0.027216,0.034564,-0.133830,-0.006458
87.906361,0.000000,-0.000000,0.000000,0.015128,-0.278695,0.022839,0.020476,-0.046598,0.003962,0.040074,-0.352791,0.027003,0.033023,-0.116915,-0.006778
88.164890,0.000000,-0.000000,0.000000,0.015455,-0.272820,0.019646,0.020476,-0.046598,0.003962,0.040074,-0.352791,0.027003,0.033045,-0.168142,-0.005631
88.394820,0.000000,-0.000000,0.000000,0.014792,-0.266697,0.022295,0.020476,-0.046598,0.003962,0.040074,-0.352791,0.027003,0.033045,-0.168142,-0.005631
88.648301,0.000000,-0.000000,0.000000,0.014562,-0.255501,0.021800,0.020476,-0.046598,0.003962,0.040074,-0.352791,0.027003,0.033045,-0.168142,-0.005631
88.893537,0.000000,-0.000000,0.000000,0.017389,-0.252614,0.021399,0.020476,-0.046598,0.003962,0.040074,-0.352791,0.027003,0.033045,-0.168142,-0.005631
89.138918,0.000000,-0.000000,0.000000,0.017389,-0.252614,0.021399,0.020476,-0.046598,0.003962,0.040074,-0.352791,0.027003,0.033045,-0.168142,-0.005631
89.410483,0.000000,-0.000000,0.000000,0.017389,-0.252614,0.021399,0.020476,-0.046598,0.003962,0.040074,-0.352791,0.027003,0.033045,-0.168142,-0.005631
89.681006,0.000000,-0.000000,0.000000,0.017389,-0.252614,0.021399,0.020476,-0.046598,0.003962,0.040074,-0.352791,0.027003,0.034294,-0.153776,-0.005948
89.933459,0.000000,-0.000000,0.000000,0.017389,-0.252614,0.021399,0.020476,-0.046598,0.003962,0.040074,-0.352791,0.027003,0.032415,-0.136917,-0.006339
90.168485,0.000000,-0.000000,0.000000,0.017389,-0.252614,0.021399,0.020476,-0.046598,0.003962,0.040074,-0.352791,0.027003,0.034281,-0.128160,-0.006505
90.399504,0.000000,-0.000000,0.000000,0.017389,-0.252614,0.021399,0.020476,-0.046598,0.003962,0.040074,-0.352791,0.027003,0.031160,-0.125674,-0.006617
90.647503,0.000000,-0.000000,0.000000,0.017389,-0.252614,0.021399,0.020476,-0.046598,0.003962,0.040074,-0.352791,0.027003,0.031160,-0.125674,-0.006617
90.880822,0.000000,-0.000000,0.000000,0.017389,-0.252614,0.021399,0.020476,-0.046598,0.003962,0.040074,-0.352791,0.027003,0.031160,-0.125674,-0.006617
91.117928,0.000000,-0.000000,0.000000,0.017389,-0.252614,0.021399,0.020476,-0.046598,0.003962,0.040074,-0.352791,0.027003,0.033652,-0.122538,-0.006640
91.370917,0.000000,-0.000000,0.000000,0.017389,-0.252614,0.021399,0.020476,-0.046598,0.003962,0.040074,-0.352791,0.027003,0.030532,-0.120051,-0.006761
91.605430,0.000000,-0.000000,0.000000,0.017389,-0.252614,0.021399,0.020476,-0.046598,0.003962,0.040074,-0.352791,0.027003,0.030532,-0.120051,-0.006761
91.839291,0.000000,-0.000000,0.000000,0.017389,-0.252614,0.021399,0.020476,-0.046598,0.003962,0.040074,-0.352791,0.027003,0.030532,-0.120051,-0.006761
92.084940,0.000000,-0.000000,0.000000,0.017389,-0.252614,0.021399,0.020476,-0.046598,0.003962,0.040074,-0.352791,0.027003,0.030532,-0.120051,-0.006761
92.324694,0.000000,-0.000000,0.000000,0.017389,-0.252614,0.021399,0.020476,-0.046598,0.003962,0.040074,-0.352791,0.027003,0.030532,-0.120051,-0.006761
92.529646,0.000000,-0.000000,0.000000,0.017389,-0.252614,0.021399,0.020476,-0.046598,0.003962,0.040074,-0.352791,0.027003,0.030532,-0.120051,-0.006761
92.800740,0.000000,-0.000000,0.000000,0.017389,-0.252614,0.021399,0.020476,-0.046598,0.003962,0.040074,-0.352791,0.027003,0.030532,-0.120051,-0.006761
93.053342,0.000000,-0.000000,0.000000,0.017389,-0.252614,0.021399,0.020476,-0.046598,0.003962,0.040074,-0.352791,0.027003,0.030532,-0.120051,-0.006761
93.279383,0.000000,-0.000000,0.000000,0.017389,-0.252614,0.021399,0.020476,-0.046598,0.003962,0.040074,-0.352791,0.027003,0.030532,-0.120051,-0.006761
93.525397,0.000000,-0.000000,0.000000,0.017389,-0.252614,0.021399,0.020476,-0.046598,0.003962,0.040074,-0.352791,0.027003,0.030532,-0.120051,-0.006761
93.784493,0.000000,-0.000000,0.000000,0.017389,-0.252614,0.021399,0.020476,-0.046598,0.003962,0.040074,-0.352791,0.027003,0.030532,-0.120051,-0.006761
94.048416,0.000000,-0.000000,0.000000,0.017389,-0.252614,0.021399,0.020476,-0.046598,0.003962,0.040074,-0.352791,0.027003,0.030532,-0.120051,-0.006761
94.312534,0.000000,-0.000000,0.000000,0.017389,-0.252614,0.021399,0.020476,-0.046598,0.003962,0.040074,-0.352791,0.027003,0.030532,-0.120051,-0.006761
94.556308,0.000000,-0.000000,0.000000,0.017389,-0.252614,0.021399,0.020476,-0.046598,0.003962,0.040074,-0.352791,0.027003,0.030532,-0.120051,-0.006761
94.801204,0.000000,-0.000000,0.000000,0.017389,-0.252614,0.021399,0.020476,-0.046598,0.003962,0.040074,-0.352791,0.027003,0.030532,-0.120051,-0.006761
95.065096,0.000000,-0.000000,0.000000,0.017389,-0.252614,0.021399,0.020476,-0.046598,0.003962,0.040074,-0.352791,0.027003,0.030532,-0.120051,-0.006761
95.324403,0.000000,-0.000000,0.000000,0.017389,-0.252614,0.021399,0.020476,-0.046598,0.003962,0.040074,-0.352791,0.027003,0.030532,-0.120051,-0.006761
95.631823,0.000000,-0.000000,0.000000,0.017389,-0.252614,0.021399,0.020476,-0.046598,0.003962,0.040074,-0.352791,0.027003,0.030532,-0.120051,-0.006761
95.894875,0.000000,-0.000000,0.000000,0.017389,-0.252614,0.021399,0.020476,-0.046598,0.003962,0.040074,-0.352791,0.027003,0.030532,-0.120051,-0.006761
96.161896,0.000000,-0.000000,0.000000,0.017389,-0.252614,0.021399,0.020476,-0.046598,0.003962,0.040074,-0.352791,0.027003,0.030532,-0.120051,-0.006761
96.405500,0.000000,-0.000000,0.000000,0.017389,-0.252614,0.021399,0.020476,-0.046598,0.003962,0.040074,-0.352791,0.027003,0.030532,-0.120051,-0.006761
96.641746,0.000000,-0.000000,0.000000,0.017389,-0.252614,0.021399,0.020476,-0.046598,0.003962,0.040074,-0.352791,0.027003,0.030532,-0.120051,-0.006761
96.862916,0.000000,-0.000000,0.000000,0.017389,-0.252614,0.021399,0.020476,-0.046598,0.003962,0.040074,-0.352791,0.027003,0.030532,-0.120051,-0.006761
97.125217,0.000000,-0.000000,0.000000,0.017389,-0.252614,0.021399,0.020476,-0.046598,0.003962,0.040074,-0.352791,0.027003,0.030532,-0.120051,-0.006761
97.396429,0.000000,-0.000000,0.000000,0.017389,-0.252614,0.021399,0.020476,-0.046598,0.003962,0.040074,-0.352791,0.027003,0.030532,-0.120051,-0.006761
97.686832,0.000000,-0.000000,0.000000,0.017389,-0.252614,0.021399,0.020476,-0.046598,0.003962,0.040074,-0.352791,0.027003,0.030532,-0.120051,-0.006761
97.928541,0.000000,-0.000000,0.000000,0.017389,-0.252614,0.021399,0.020476,-0.046598,0.003962,0.040074,-0.352791,0.027003,0.030532,-0.120051,-0.006761
98.174362,0.000000,-0.000000,0.000000,0.017389,-0.252614,0.021399,0.020476,-0.046598,0.003962,0.040074,-0.352791,0.027003,0.030532,-0.120051,-0.006761
98.419543,0.000000,-0.000000,0.000000,0.017389,-0.252614,0.021399,0.020476,-0.046598,0.003962,0.040074,-0.352791,0.027003,0.030532,-0.120051,-0.006761
98.685628,0.000000,-0.000000,0.000000,0.017389,-0.252614,0.021399,0.020476,-0.046598,0.003962,0.040074,-0.352791,0.027003,0.030532,-0.120051,-0.006761
98.954382,0.000000,-0.000000,0.000000,0.017389,-0.252614,0.021399,0.020476,-0.046598,0.003962,0.040074,-0.352791,0.027003,0.030532,-0.120051,-0.006761
99.200369,0.000000,-0.000000,0.000000,0.017389,-0.252614,0.021399,0.020476,-0.046598,0.003962,0.040074,-0.352791,0.027003,0.030532,-0.120051,-0.006761
99.463550,0.000000,-0.000000,0.000000,0.017389,-0.252614,0.021399,0.020476,-0.046598,0.003962,0.040074,-0.352791,0.027003,0.030532,-0.120051,-0.006761
99.727893,0.000000,-0.000000,0.000000,0.017389,-0.252614,0.021399,0.020476,-0.046598,0.003962,0.040074,-0.352791,0.027003,0.030532,-0.120051,-0.006761
99.990243,0.000000,-0.000000,0.000000,0.017389,-0.252614,0.021399,0.020476,-0.046598,0.003962,0.040074,-0.352791,0.027003,0.030532,-0.120051,-0.006761
100.248769,0.000000,-0.000000,0.000000,0.017389,-0.252614,0.021399,0.020476,-0.046598,0.003962,0.040074,-0.352791,0.027003,0.030532,-0.120051,-0.006761
100.491687,0.000000,-0.000000,0.000000,0.017389,-0.252614,0.021399,0.020476,-0.046598,0.003962,0.040074,-0.352791,0.027003,0.030532,-0.120051,-0.006761
100.724545,0.000000,-0.000000,0.000000,0.017389,-0.252614,0.021399,0.020476,-0.046598,0.003962,0.040074,-0.352791,0.027003,0.030532,-0.120051,-0.006761
100.969808,0.000000,-0.000000,0.000000,0.017389,-0.252614,0.021399,0.020476,-0.046598,0.003962,0.040074,-0.352791,0.027003,0.030532,-0.120051,-0.006761
101.213836,0.000000,-0.000000,0.000000,0.017389,-0.252614,0.021399,0.020476,-0.046598,0.003962,0.040074,-0.352791,0.027003,0.030532,-0.120051,-0.006761
101.459665,0.000000,-0.000000,0.000000,0.017389,-0.252614,0.021399,0.020476,-0.046598,0.003962,0.040074,-0.352791,0.027003,0.030532,-0.120051,-0.006761
101.724171,0.000000,-0.000000,0.000000,0.017389,-0.252614,0.021399,0.020476,-0.046598,0.003962,0.040074,-0.352791,0.027003,0.030532,-0.120051,-0.006761
101.988558,0.000000,-0.000000,0.000000,0.017389,-0.252614,0.021399,0.020476,-0.046598,0.003962,0.040074,-0.352791,0.027003,0.030532,-0.120051,-0.006761
102.234971,0.000000,-0.000000,0.000000,0.017389,-0.252614,0.021399,0.020476,-0.046598,0.003962,0.040074,-0.352791,0.027003,0.030532,-0.120051,-0.006761
102.478662,0.000000,-0.000000,0.000000,0.017389,-0.252614,0.021399,0.020476,-0.046598,0.003962,0.040074,-0.352791,0.027003,0.030532,-0.120051,-0.006761
102.721120,0.000000,-0.000000,0.000000,0.017389,-0.252614,0.021399,0.020476,-0.046598,0.003962,0.040074,-0.352791,0.027003,0.030532,-0.120051,-0.006761
102.963071,0.000000,-0.000000,0.000000,0.017389,-0.252614,0.021399,0.020476,-0.046598,0.003962,0.040074,-0.352791,0.027003,0.030532,-0.120051,-0.006761
103.224530,0.000000,-0.000000,0.000000,0.017389,-0.252614,0.021399,0.020476,-0.046598,0.003962,0.040074,-0.352791,0.027003,0.030532,-0.120051,-0.006761
103.493025,0.000000,-0.000000,0.000000,0.017389,-0.252614,0.021399,0.020476,-0.046598,0.003962,0.040074,-0.352791,0.027003,0.030532,-0.120051,-0.006761
103.736678,0.000000,-0.000000,0.000000,0.017389,-0.252614,0.021399,0.020476,-0.046598,0.003962,0.040074,-0.352791,0.027003,0.030532,-0.120051,-0.006761
104.004638,0.000000,-0.000000,0.000000,0.017389,-0.252614,0.021399,0.020476,-0.046598,0.003962,0.040074,-0.352791,0.027003,0.030532,-0.120051,-0.006761
104.251500,0.000000,-0.000000,0.000000,0.017389,-0.252614,0.021399,0.020476,-0.046598,0.003962,0.040074,-0.352791,0.027003,0.030532,-0.120051,-0.006761
104.491985,0.000000,-0.000000,0.000000,0.017389,-0.252614,0.021399,0.020476,-0.046598,0.003962,0.040074,-0.352791,0.027003,0.030532,-0.120051,-0.006761
104.763505,0.000000,-0.000000,0.000000,0.017389,-0.252614,0.021399,0.020476,-0.046598,0.003962,0.040074,-0.352791,0.027003,0.030532,-0.120051,-0.006761
105.035042,0.000000,-0.000000,0.000000,0.017389,-0.252614,0.021399,0.020476,-0.046598,0.003962,0.040074,-0.352791,0.027003,0.030532,-0.120051,-0.006761
105.287576,0.000000,-0.000000,0.000000,0.017389,-0.252614,0.021399,0.020476,-0.046598,0.003962,0.040074,-0.352791,0.027003,0.030532,-0.120051,-0.006761
105.541696,0.000000,-0.000000,0.000000,0.017389,-0.252614,0.021399,0.020476,-0.046598,0.003962,0.040074,-0.352791,0.027003,0.030532,-0.120051,-0.006761
105.814569,0.000000,-0.000000,0.000000,0.017389,-0.252614,0.021399,0.020476,-0.046598,0.003962,0.040074,-0.352791,0.027003,0.030532,-0.120051,-0.006761
106.077712,0.000000,-0.000000,0.000000,0.017389,-0.252614,0.021399,0.020476,-0.046598,0.003962,0.040074,-0.352791,0.027003,0.030532,-0.120051,-0.006761
106.327950,0.000000,-0.000000,0.000000,0.017389,-0.252614,0.021399,0.020476,-0.046598,0.003962,0.040074,-0.352791,0.027003,0.030532,-0.120051,-0.006761
106.560942,0.000000,-0.000000,0.000000,0.017389,-0.252614,0.021399,0.020476,-0.046598,0.003962,0.040074,-0.352791,0.027003,0.030532,-0.120051,-0.006761
106.795385,0.000000,-0.000000,0.000000,0.017389,-0.252614,0.021399,0.020476,-0.046598,0.003962,0.040074,-0.352791,0.027003,0.030532,-0.120051,-0.006761
107.016423,0.000000,-0.000000,0.000000,0.017389,-0.252614,0.021399,0.020476,-0.046598,0.003962,0.040074,-0.352791,0.027003,0.030532,-0.120051,-0.006761
107.276019,0.000000,-0.000000,0.000000,0.017389,-0.252614,0.021399,0.020476,-0.046598,0.003962,0.040074,-0.352791,0.027003,0.030532,-0.120051,-0.006761
107.527830,0.000000,-0.000000,0.000000,0.017389,-0.252614,0.021399,0.020476,-0.046598,0.003962,0.040074,-0.352791,0.027003,0.030532,-0.120051,-0.006761
107.761370,0.000000,-0.000000,0.000000,0.017389,-0.252614,0.021399,0.020476,-0.046598,0.003962,0.040074,-0.352791,0.027003,0.030532,-0.120051,-0.006761
108.039063,0.000000,-0.000000,0.000000,0.017389,-0.252614,0.021399,0.020476,-0.046598,0.003962,0.040074,-0.352791,0.027003,0.030532,-0.120051,-0.006761
108.319469,0.000000,-0.000000,0.000000,0.017389,-0.252614,0.021399,0.020476,-0.046598,0.003962,0.040074,-0.352791,0.027003,0.030532,-0.120051,-0.006761
108.589688,0.000000,-0.000000,0.000000,0.017389,-0.252614,0.021399,0.020476,-0.046598,0.003962,0.040074,-0.352791,0.027003,0.030532,-0.120051,-0.006761
108.860649,0.000000,-0.000000,0.000000,0.017389,-0.252614,0.021399,0.020476,-0.046598,0.003962,0.040074,-0.352791,0.027003,0.030532,-0.120051,-0.006761
109.113086,0.000000,-0.000000,0.000000,0.017389,-0.252614,0.021399,0.020476,-0.046598,0.003962,0.040074,-0.352791,0.027003,0.030532,-0.120051,-0.006761
109.359643,0.000000,-0.000000,0.000000,0.017389,-0.252614,0.021399,0.020476,-0.046598,0.003962,0.040074,-0.352791,0.027003,0.030532,-0.120051,-0.006761
109.612105,0.000000,-0.000000,0.000000,0.017389,-0.252614,0.021399,0.020476,-0.046598,0.003962,0.040074,-0.352791,0.027003,0.030532,-0.120051,-0.006761
109.864443,0.000000,-0.000000,0.000000,0.017389,-0.252614,0.021399,0.020476,-0.046598,0.003962,0.040074,-0.352791,0.027003,0.030532,-0.120051,-0.006761
110.135722,0.000000,-0.000000,0.000000,0.017389,-0.252614,0.021399,0.020476,-0.046598,0.003962,0.040074,-0.352791,0.027003,0.031788,-0.131296,-0.006476
110.400749,0.000000,-0.000000,0.000000,0.017389,-0.252614,0.021399,0.020476,-0.046598,0.003962,0.040074,-0.352791,0.027003,0.031788,-0.131296,-0.006476
110.645390,0.000000,-0.000000,0.000000,0.017389,-0.252614,0.021399,0.020476,-0.046598,0.003962,0.040074,-0.352791,0.027003,0.034909,-0.133782,-0.006374
110.927627,0.000000,-0.000000,0.000000,0.017389,-0.252614,0.021399,0.020476,-0.046598,0.003962,0.040074,-0.352791,0.027003,0.035536,-0.139403,-0.006246
111.198131,0.000000,-0.000000,0.000000,0.017389,-0.252614,0.021399,0.020476,-0.046598,0.003962,0.040074,-0.352791,0.027003,0.031796,-0.156910,-0.005886
111.440277,0.000000,-0.000000,0.000000,0.017389,-0.252614,0.021399,0.020476,-0.046598,0.003962,0.040074,-0.352791,0.027003,0.032420,-0.162526,-0.005757
111.686275,0.000000,-0.000000,0.000000,0.014677,-0.261101,0.022048,0.020476,-0.046598,0.003962,0.040074,-0.352791,0.027003,0.033045,-0.168142,-0.005631
111.932029,0.000000,-0.000000,0.000000,0.015455,-0.272820,0.019646,0.020476,-0.046598,0.003962,0.040074,-0.352791,0.027003,0.033045,-0.168142,-0.005631
112.174012,0.000000,-0.000000,0.000000,0.018088,-0.281410,0.022640,0.020476,-0.046598,0.003962,0.040074,-0.352791,0.027003,0.033669,-0.173757,-0.005508
112.446059,0.000000,-0.000000,0.000000,0.015348,-0.289885,0.023330,0.020476,-0.046598,0.003962,0.040074,-0.352791,0.027003,0.034229,-0.173940,-0.008597
112.718159,0.000000,-0.000000,0.000000,0.015456,-0.295473,0.023576,0.020476,-0.046598,0.003962,0.040074,-0.352791,0.027003,0.034229,-0.173940,-0.008597
112.968863,0.000000,-0.000000,0.000000,0.015562,-0.301057,0.023821,0.020476,-0.046598,0.003962,0.040074,-0.352791,0.027003,0.034229,-0.173940,-0.008597
113.203944,0.000000,-0.000000,0.000000,0.018528,-0.303763,0.023587,0.021493,-0.063558,0.004574,0.040074,-0.352791,0.027003,0.034862,-0.179559,-0.008480
113.453463,0.000000,-0.000000,0.000000,0.018528,-0.303763,0.023587,0.019838,-0.083512,0.005268,0.041295,-0.370038,0.024367,0.034862,-0.179559,-0.008480
113.705549,0.000000,-0.000000,0.000000,0.018528,-0.303763,0.023587,0.022833,-0.086160,0.005364,0.042221,-0.393331,0.024791,0.034862,-0.179559,-0.008480
113.977482,0.000000,-0.000000,0.000000,0.018528,-0.303763,0.023587,0.023496,-0.097453,0.005748,0.042409,-0.398840,0.024902,0.034862,-0.179559,-0.008480
114.247496,0.000000,-0.000000,0.000000,0.018528,-0.303763,0.023587,0.023496,-0.097453,0.005748,0.042959,-0.411134,0.025088,0.034862,-0.179559,-0.008480
114.472200,0.000000,-0.000000,0.000000,0.018528,-0.303763,0.023587,0.023496,-0.097453,0.005748,0.042959,-0.411134,0.025088,0.034862,-0.179559,-0.008480
114.741760,0.000000,-0.000000,0.000000,0.018528,-0.303763,0.023587,0.023496,-0.097453,0.005748,0.042959,-0.411134,0.025088,0.034862,-0.179559,-0.008480
114.994688,0.000000,-0.000000,0.000000,0.018528,-0.303763,0.023587,0.023496,-0.097453,0.005748,0.042959,-0.411134,0.025088,0.034862,-0.179559,-0.008480
115.266636,0.000000,-0.000000,0.000000,0.018528,-0.303763,0.023587,0.023496,-0.097453,0.005748,0.042959,-0.411134,0.025088,0.034862,-0.179559,-0.008480
115.531259,0.000000,-0.000000,0.000000,0.018528,-0.303763,0.023587,0.023496,-0.097453,0.005748,0.042959,-0.411134,0.025088,0.034862,-0.179559,-0.008480
115.758435,0.000000,-0.000000,0.000000,0.018528,-0.303763,0.023587,0.023496,-0.097453,0.005748,0.042959,-0.411134,0.025088,0.034862,-0.179559,-0.008480
116.004606,0.000000,-0.000000,0.000000,0.018528,-0.303763,0.023587,0.023496,-0.097453,0.005748,0.042959,-0.411134,0.025088,0.034862,-0.179559,-0.008480
116.229394,0.000000,-0.000000,0.000000,0.018528,-0.303763,0.023587,0.023496,-0.097453,0.005748,0.042959,-0.411134,0.025088,0.034862,-0.179559,-0.008480
116.473717,0.000000,-0.000000,0.000000,0.018528,-0.303763,0.023587,0.023496,-0.097453,0.005748,0.042959,-0.411134,0.025088,0.034862,-0.179559,-0.008480
116.726827,0.000000,-0.000000,0.000000,0.018528,-0.303763,0.023587,0.023496,-0.097453,0.005748,0.042959,-0.411134,0.025088,0.034862,-0.179559,-0.008480
116.960256,0.000000,-0.000000,0.000000,0.018528,-0.303763,0.023587,0.024156,-0.108742,0.006125,0.042959,-0.411134,0.025088,0.034862,-0.179559,-0.008480
117.214234,0.000000,-0.000000,0.000000,0.018528,-0.303763,0.023587,0.024156,-0.108742,0.006125,0.042959,-0.411134,0.025088,0.034862,-0.179559,-0.008480
117.458640,0.000000,-0.000000,0.000000,0.018528,-0.303763,0.023587,0.024156,-0.108742,0.006125,0.042959,-0.411134,0.025088,0.034862,-0.179559,-0.008480
117.723602,0.000000,-0.000000,0.000000,0.018528,-0.303763,0.023587,0.024156,-0.108742,0.006125,0.042959,-0.411134,0.025088,0.034862,-0.179559,-0.008480
117.985129,0.000000,-0.000000,0.000000,0.018528,-0.303763,0.023587,0.024156,-0.108742,0.006125,0.042959,-0.411134,0.025088,0.034862,-0.179559,-0.008480
118.229453,0.000000,-0.000000,0.000000,0.018528,-0.303763,0.023587,0.024156,-0.108742,0.006125,0.042959,-0.411134,0.025088,0.034862,-0.179559,-0.008480
118.498045,0.000000,-0.000000,0.000000,0.018528,-0.303763,0.023587,0.024156,-0.108742,0.006125,0.042959,-0.411134,0.025088,0.034862,-0.179559,-0.008480
118.750623,0.000000,-0.000000,0.000000,0.018528,-0.303763,0.023587,0.024156,-0.108742,0.006125,0.042959,-0.411134,0.025088,0.034862,-0.179559,-0.008480
119.016969,0.000000,-0.000000,0.000000,0.018528,-0.303763,0.023587,0.024156,-0.108742,0.006125,0.042959,-0.411134,0.025088,0.034862,-0.179559,-0.008480
119.287294,0.000000,-0.000000,0.000000,0.018528,-0.303763,0.023587,0.024156,-0.108742,0.006125,0.042959,-0.411134,0.025088,0.034862,-0.179559,-0.008480
119.533716,0.000000,-0.000000,0.000000,0.018528,-0.303763,0.023587,0.024156,-0.108742,0.006125,0.042959,-0.411134,0.025088,0.034862,-0.179559,-0.008480
119.786730,0.000000,-0.000000,0.000000,0.018528,-0.303763,0.023587,0.024156,-0.108742,0.006125,0.042959,-0.411134,0.025088,0.034862,-0.179559,-0.008480
