0.000000,0.000000,-0.000000,0.000000,0.000000,-0.000000,0.000000,2.009165,-0.012391,0.005056,0.000000,-0.000000,0.000000,0.000000,-0.000000,0.000000
0.142712,0.000000,-0.000000,0.000000,0.000000,-0.000000,0.000000,2.192001,-0.012040,0.003247,0.000000,-0.000000,0.000000,0.000000,-0.000000,0.000000
0.205326,0.000000,-0.000000,0.000000,0.000000,-0.000000,0.000000,2.053779,-0.010427,0.005651,0.000000,-0.000000,0.000000,0.000000,-0.000000,0.000000
0.478715,0.000000,-0.000000,0.000000,0.000000,-0.000000,0.000000,2.082712,-0.011349,0.002838,0.000000,-0.000000,0.000000,0.000000,-0.000000,0.000000
0.739007,0.000000,-0.000000,0.000000,0.000000,-0.000000,0.000000,2.183075,-0.012432,0.003101,0.000000,-0.000000,0.000000,0.000000,-0.000000,0.000000
0.998432,0.000000,-0.000000,0.000000,0.000000,-0.000000,0.000000,2.037921,-0.011180,0.005583,0.000000,-0.000000,0.000000,0.000000,-0.000000,0.000000
1.256994,0.000000,-0.000000,0.000000,0.000000,-0.000000,0.000000,2.182895,-0.010496,0.006594,0.000000,-0.000000,0.000000,0.000000,-0.000000,0.000000
1.514680,0.000000,-0.000000,0.000000,0.000000,-0.000000,0.000000,2.084449,-0.009216,0.006415,0.000000,-0.000000,0.000000,0.000000,-0.000000,0.000000
1.773786,0.000000,-0.000000,0.000000,0.000000,-0.000000,0.000000,2.048815,-0.010762,0.005887,0.000000,-0.000000,0.000000,0.000000,-0.000000,0.000000
2.029900,0.000000,-0.000000,0.000000,0.000000,-0.000000,0.000000,2.209848,-0.011261,0.003548,0.000000,-0.000000,0.000000,0.000000,-0.000000,0.000000
2.266784,0.000000,-0.000000,0.000000,0.000000,-0.000000,0.000000,2.073784,-0.011750,0.002711,0.000000,-0.000000,0.000000,0.000000,-0.000000,0.000000
2.506813,0.000000,-0.000000,0.000000,0.000000,-0.000000,0.000000,2.070192,-0.013184,0.008250,0.000000,-0.000000,0.000000,0.000000,-0.000000,0.000000
2.755306,0.000000,-0.000000,0.000000,0.000000,-0.000000,0.000000,2.209848,-0.011261,0.003548,0.000000,-0.000000,0.000000,0.000000,-0.000000,0.000000
3.025115,0.000000,-0.000000,0.000000,0.000000,-0.000000,0.000000,2.073871,-0.015135,0.004837,0.000000,-0.000000,0.000000,0.000000,-0.000000,0.000000
3.300185,0.000000,-0.000000,0.000000,0.000000,-0.000000,0.000000,2.116871,-0.013342,0.005639,0.000000,-0.000000,0.000000,0.000000,-0.000000,0.000000
3.530533,0.000000,-0.000000,0.000000,0.000000,-0.000000,0.000000,2.161649,-0.013404,0.002846,0.000000,-0.000000,0.000000,0.000000,-0.000000,0.000000
3.804071,0.000000,-0.000000,0.000000,0.000000,-0.000000,0.000000,2.161649,-0.013404,0.002846,0.000000,-0.000000,0.000000,0.000000,-0.000000,0.000000
4.040442,0.000000,-0.000000,0.000000,0.000000,-0.000000,0.000000,2.161649,-0.013404,0.002846,0.000000,-0.000000,0.000000,0.000000,-0.000000,0.000000
4.274076,0.000000,-0.000000,0.000000,0.000000,-0.000000,0.000000,2.161649,-0.013404,0.002846,0.000000,-0.000000,0.000000,0.000000,-0.000000,0.000000
4.525925,0.000000,-0.000000,0.000000,0.000000,-0.000000,0.000000,2.161649,-0.013404,0.002846,0.000000,-0.000000,0.000000,0.000000,-0.000000,0.000000
4.775100,0.000000,-0.000000,0.000000,0.000000,-0.000000,0.000000,2.116689,-0.011294,0.009062,0.000000,-0.000000,0.000000,0.000000,-0.000000,0.000000
5.043675,0.000000,-0.000000,0.000000,0.000000,-0.000000,0.000000,2.173870,-0.007389,0.004492,0.000000,-0.000000,0.000000,0.000000,-0.000000,0.000000
5.301637,0.000000,-0.000000,0.000000,0.000000,-0.000000,0.000000,2.026728,-0.006062,0.006413,0.000000,-0.000000,0.000000,0.000000,-0.000000,0.000000
5.541503,0.000000,-0.000000,0.000000,0.000000,-0.000000,0.000000,2.116601,-0.007871,0.007013,0.000000,-0.000000,0.000000,0.000000,-0.000000,0.000000
5.780957,0.000000,-0.000000,0.000000,0.000000,-0.000000,0.000000,2.112772,-0.004472,0.004585,0.000000,-0.000000,0.000000,0.000000,-0.000000,0.000000
6.020573,0.000000,-0.000000,0.000000,0.000000,-0.000000,0.000000,2.005656,-0.009264,0.002855,0.000000,-0.000000,0.000000,0.000000,-0.000000,0.000000
6.275537,0.000000,-0.000000,0.000000,0.000000,-0.000000,0.000000,2.150650,-0.008368,0.003998,0.000000,-0.000000,0.000000,0.000000,-0.000000,0.000000
6.525777,0.000000,-0.000000,0.000000,0.000000,-0.000000,0.000000,2.068071,-0.006449,0.003801,0.000000,-0.000000,0.000000,0.000000,-0.000000,0.000000
6.775475,0.000000,-0.000000,0.000000,0.000000,-0.000000,0.000000,2.030937,-0.008212,0.003453,0.000000,-0.000000,0.000000,0.000000,-0.000000,0.000000
7.043266,0.000000,-0.000000,0.000000,0.000000,-0.000000,0.000000,2.170289,-0.007577,0.004503,0.000000,-0.000000,0.000000,0.000000,-0.000000,0.000000
7.293523,0.000000,-0.000000,0.000000,0.000000,-0.000000,0.000000,2.170289,-0.007577,0.004503,0.000000,-0.000000,0.000000,0.000000,-0.000000,0.000000
7.550156,0.000000,-0.000000,0.000000,0.000000,-0.000000,0.000000,2.170289,-0.007577,0.004503,0.000000,-0.000000,0.000000,0.000000,-0.000000,0.000000
7.807648,0.000000,-0.000000,0.000000,0.000000,-0.000000,0.000000,2.170289,-0.007577,0.004503,0.000000,-0.000000,0.000000,0.000000,-0.000000,0.000000
8.065197,0.000000,-0.000000,0.000000,0.000000,-0.000000,0.000000,2.170289,-0.007577,0.004503,0.000000,-0.000000,0.000000,0.000000,-0.000000,0.000000
8.340948,0.000000,-0.000000,0.000000,0.000000,-0.000000,0.000000,2.170289,-0.007577,0.004503,0.000000,-0.000000,0.000000,0.000000,-0.000000,0.000000
8.580422,0.000000,-0.000000,0.000000,0.000000,-0.000000,0.000000,2.170289,-0.007577,0.004503,0.000000,-0.000000,0.000000,0.000000,-0.000000,0.000000
8.819540,0.000000,-0.000000,0.000000,0.000000,-0.000000,0.000000,2.111208,-0.008069,0.006847,0.000000,-0.000000,0.000000,0.000000,-0.000000,0.000000
9.076978,0.000000,-0.000000,0.000000,0.000000,-0.000000,0.000000,2.129235,-0.009339,0.003714,0.000000,-0.000000,0.000000,0.000000,-0.000000,0.000000
9.313034,0.000000,-0.000000,0.000000,0.000000,-0.000000,0.000000,2.019926,-0.009751,0.008670,0.000000,-0.000000,0.000000,0.000000,-0.000000,0.000000
9.571666,0.000000,-0.000000,0.000000,0.000000,-0.000000,0.000000,2.123671,-0.007506,0.006983,0.000000,-0.000000,0.000000,0.000000,-0.000000,0.000000
9.830753,0.000000,-0.000000,0.000000,0.000000,-0.000000,0.000000,2.005473,-0.007027,0.006161,0.000000,-0.000000,0.000000,0.000000,-0.000000,0.000000
10.111645,0.000000,-0.000000,0.000000,0.000000,-0.000000,0.000000,2.082353,-0.007126,0.009627,0.000000,-0.000000,0.000000,0.000000,-0.000000,0.000000
10.363039,0.000000,-0.000000,0.000000,0.000000,-0.000000,0.000000,2.087609,-0.004832,0.013189,0.000000,-0.000000,0.000000,0.000000,-0.000000,0.000000
10.601491,0.000000,-0.000000,0.000000,0.000000,-0.000000,0.000000,2.069761,-0.005545,0.012875,0.000000,-0.000000,0.000000,0.000000,-0.000000,0.000000
10.849510,0.000000,-0.000000,0.000000,0.000000,-0.000000,0.000000,2.057539,-0.008225,0.009374,0.000000,-0.000000,0.000000,0.000000,-0.000000,0.000000
11.096221,0.000000,-0.000000,0.000000,0.000000,-0.000000,0.000000,2.046654,-0.008620,0.009060,0.000000,-0.000000,0.000000,0.000000,-0.000000,0.000000
11.363173,0.000000,-0.000000,0.000000,0.000000,-0.000000,0.000000,2.028654,-0.007173,0.012129,0.000000,-0.000000,0.000000,0.000000,-0.000000,0.000000
11.613086,0.000000,-0.000000,0.000000,0.000000,-0.000000,0.000000,2.069931,-0.007676,0.009497,0.000000,-0.000000,0.000000,0.000000,-0.000000,0.000000
11.860043,0.000000,-0.000000,0.000000,0.000000,-0.000000,0.000000,2.111037,-0.006009,0.010267,0.000000,-0.000000,0.000000,0.000000,-0.000000,0.000000
12.111628,0.000000,-0.000000,0.000000,0.000000,-0.000000,0.000000,2.087777,-0.006934,0.009791,0.000000,-0.000000,0.000000,0.000000,-0.000000,0.000000
12.343209,0.000000,-0.000000,0.000000,0.000000,-0.000000,0.000000,2.096878,-0.008651,0.006536,0.000000,-0.000000,0.000000,0.000000,-0.000000,0.000000
12.608312,0.000000,-0.000000,0.000000,0.000000,-0.000000,0.000000,2.098773,-0.008632,0.006718,0.000000,-0.000000,0.000000,0.000000,-0.000000,0.000000
12.854379,0.000000,-0.000000,0.000000,0.000000,-0.000000,0.000000,2.050123,-0.008442,0.009039,0.000000,-0.000000,0.000000,0.000000,-0.000000,0.000000
13.118451,0.000000,-0.000000,0.000000,0.000000,-0.000000,0.000000,2.032196,-0.005857,0.006577,0.000000,-0.000000,0.000000,0.000000,-0.000000,0.000000
13.366242,0.000000,-0.000000,0.000000,0.000000,-0.000000,0.000000,2.084106,-0.005006,0.013196,0.000000,-0.000000,0.000000,0.000000,-0.000000,0.000000
13.624298,0.000000,-0.000000,0.000000,0.000000,-0.000000,0.000000,2.096537,-0.004478,0.013351,0.000000,-0.000000,0.000000,0.000000,-0.000000,0.000000
13.882652,0.000000,-0.000000,0.000000,0.000000,-0.000000,0.000000,2.087609,-0.004832,0.013189,0.000000,-0.000000,0.000000,0.000000,-0.000000,0.000000
14.122760,0.000000,-0.000000,0.000000,0.000000,-0.000000,0.000000,2.082022,-0.002900,0.016416,0.000000,-0.000000,0.000000,0.000000,-0.000000,0.000000
14.374417,0.000000,-0.000000,0.000000,0.000000,-0.000000,0.000000,2.078441,0.000317,0.014300,0.000000,-0.000000,0.000000,0.000000,-0.000000,0.000000
14.643923,0.000000,-0.000000,0.000000,0.000000,-0.000000,0.000000,2.082022,-0.002900,0.016416,0.000000,-0.000000,0.000000,0.000000,-0.000000,0.000000
14.895450,0.000000,-0.000000,0.000000,0.000000,-0.000000,0.000000,2.092940,-0.001252,0.011265,0.000000,-0.000000,0.000000,0.000000,-0.000000,0.000000
15.160903,0.000000,-0.000000,0.000000,0.000000,-0.000000,0.000000,2.078441,0.000317,0.014300,0.000000,-0.000000,0.000000,0.000000,-0.000000,0.000000
15.416184,0.000000,-0.000000,0.000000,0.000000,-0.000000,0.000000,2.049705,-0.000747,0.013592,0.000000,-0.000000,0.000000,0.000000,-0.000000,0.000000
15.674594,0.000000,-0.000000,0.000000,0.000000,-0.000000,0.000000,2.051763,-0.004101,0.015930,0.000000,-0.000000,0.000000,0.000000,-0.000000,0.000000
15.932498,0.000000,-0.000000,0.000000,0.000000,-0.000000,0.000000,2.114244,-0.001716,0.017111,0.000000,-0.000000,0.000000,0.000000,-0.000000,0.000000
16.163372,0.000000,-0.000000,0.000000,0.000000,-0.000000,0.000000,2.064081,-0.000212,0.013942,0.000000,-0.000000,0.000000,0.000000,-0.000000,0.000000
16.430825,0.000000,-0.000000,0.000000,0.000000,-0.000000,0.000000,1.999486,-0.000488,0.015909,0.000000,-0.000000,0.000000,0.000000,-0.000000,0.000000
16.663088,0.000000,-0.000000,0.000000,0.000000,-0.000000,0.000000,2.087295,-0.000626,0.019984,0.000000,-0.000000,0.000000,0.000000,-0.000000,0.000000
16.897431,0.000000,-0.000000,0.000000,0.000000,-0.000000,0.000000,2.069518,-0.000036,0.014120,0.000000,-0.000000,0.000000,0.000000,-0.000000,0.000000
17.153133,0.000000,-0.000000,0.000000,0.000000,-0.000000,0.000000,1.924098,-0.003366,0.014351,0.000000,-0.000000,0.000000,0.000000,-0.000000,0.000000
17.385733,0.000000,-0.000000,0.000000,0.000000,-0.000000,0.000000,1.979587,-0.001200,0.015412,0.000000,-0.000000,0.000000,0.000000,-0.000000,0.000000
17.655194,0.000000,-0.000000,0.000000,0.000000,-0.000000,0.000000,2.069366,0.002097,0.017496,0.000000,-0.000000,0.000000,2.678176,0.008949,-0.002078
17.934572,0.000000,-0.000000,0.000000,0.000000,-0.000000,0.000000,2.055156,-0.000568,0.013767,0.000000,-0.000000,0.000000,2.665046,0.012737,-0.000172
18.167660,0.000000,-0.000000,0.000000,0.000000,-0.000000,0.000000,1.965096,0.001527,0.012783,0.000000,-0.000000,0.000000,2.565785,0.008436,-0.003719
18.424209,0.000000,-0.000000,0.000000,0.000000,-0.000000,0.000000,1.920763,-0.003538,0.014368,0.000000,-0.000000,0.000000,2.533213,0.001471,-0.004341
18.641985,0.000000,-0.000000,0.000000,0.000000,-0.000000,0.000000,2.028102,0.002761,0.019923,0.000000,-0.000000,0.000000,2.566701,-0.000377,-0.005057
18.905056,0.000000,-0.000000,0.000000,0.000000,-0.000000,0.000000,2.053027,0.001596,0.016956,0.000000,-0.000000,0.000000,2.566701,-0.000377,-0.005057
19.139933,0.000000,-0.000000,0.000000,0.000000,-0.000000,0.000000,1.918253,0.005244,0.012638,0.000000,-0.000000,0.000000,2.566701,-0.000377,-0.005057
19.396090,0.000000,-0.000000,0.000000,0.000000,-0.000000,0.000000,1.882982,-0.002583,0.016838,0.000000,-0.000000,0.000000,2.566701,-0.000377,-0.005057
19.611023,0.000000,-0.000000,0.000000,0.000000,-0.000000,0.000000,2.033562,0.002922,0.020101,0.000000,-0.000000,0.000000,2.566701,-0.000377,-0.005057
19.879958,0.000000,-0.000000,0.000000,0.000000,-0.000000,0.000000,2.036937,0.006433,0.017922,0.000000,-0.000000,0.000000,2.566701,-0.000377,-0.005057
20.127829,0.000000,-0.000000,0.000000,0.000000,-0.000000,0.000000,1.918253,0.005244,0.012638,0.000000,-0.000000,0.000000,2.566701,-0.000377,-0.005057
20.378065,0.000000,-0.000000,0.000000,0.000000,-0.000000,0.000000,1.947151,0.003123,0.015699,0.000000,-0.000000,0.000000,2.566701,-0.000377,-0.005057
20.652236,0.000000,-0.000000,0.000000,0.000000,-0.000000,0.000000,2.031474,0.006269,0.017733,0.000000,-0.000000,0.000000,2.566701,-0.000377,-0.005057
20.882361,0.000000,-0.000000,0.000000,0.000000,-0.000000,0.000000,1.970372,0.007284,0.013928,0.000000,-0.000000,0.000000,2.566701,-0.000377,-0.005057
21.135290,0.000000,-0.000000,0.000000,0.000000,-0.000000,0.000000,1.875096,0.000370,0.014066,0.000000,-0.000000,0.000000,2.566701,-0.000377,-0.005057
21.388493,0.000000,-0.000000,0.000000,0.000000,-0.000000,0.000000,1.918329,0.002036,0.015022,0.000000,-0.000000,0.000000,2.566701,-0.000377,-0.005057
21.646284,0.000000,-0.000000,0.000000,0.000000,-0.000000,0.000000,1.972568,0.004013,0.016405,0.000000,-0.000000,0.000000,2.566701,-0.000377,-0.005057
21.903721,0.000000,-0.000000,0.000000,0.000000,-0.000000,0.000000,1.961557,0.003659,0.016049,0.000000,-0.000000,0.000000,2.566701,-0.000377,-0.005057
22.170383,0.000000,-0.000000,0.000000,0.000000,-0.000000,0.000000,1.961557,0.003659,0.016049,0.000000,-0.000000,0.000000,2.566701,-0.000377,-0.005057
22.425457,0.000000,-0.000000,0.000000,0.000000,-0.000000,0.000000,1.961557,0.003659,0.016049,0.000000,-0.000000,0.000000,2.566701,-0.000377,-0.005057
22.665609,0.000000,-0.000000,0.000000,0.000000,-0.000000,0.000000,1.961557,0.003659,0.016049,0.000000,-0.000000,0.000000,2.566701,-0.000377,-0.005057
22.899953,0.000000,-0.000000,0.000000,0.000000,-0.000000,0.000000,1.961557,0.003659,0.016049,0.000000,-0.000000,0.000000,2.566701,-0.000377,-0.005057
23.140372,0.000000,-0.000000,0.000000,0.000000,-0.000000,0.000000,1.961557,0.003659,0.016049,0.000000,-0.000000,0.000000,2.566701,-0.000377,-0.005057
23.378827,0.000000,-0.000000,0.000000,0.000000,-0.000000,0.000000,1.961557,0.003659,0.016049,0.000000,-0.000000,0.000000,2.566701,-0.000377,-0.005057
23.636240,0.000000,-0.000000,0.000000,0.000000,-0.000000,0.000000,1.961557,0.003659,0.016049,0.000000,-0.000000,0.000000,2.566701,-0.000377,-0.005057
23.894849,0.000000,-0.000000,0.000000,0.000000,-0.000000,0.000000,2.028172,0.003890,0.014391,0.000000,-0.000000,0.000000,2.566701,-0.000377,-0.005057
24.146076,0.000000,-0.000000,0.000000,0.000000,-0.000000,0.000000,2.191003,0.004570,0.016905,0.000000,-0.000000,0.000000,2.566701,-0.000377,-0.005057
24.411540,0.000000,-0.000000,0.000000,0.000000,-0.000000,0.000000,2.373918,0.004286,0.015895,0.000000,-0.000000,0.000000,2.566701,-0.000377,-0.005057
24.655092,0.000000,-0.000000,0.000000,0.000000,-0.000000,0.000000,2.412178,-0.001015,0.010922,0.000000,-0.000000,0.000000,2.566701,-0.000377,-0.005057
24.913181,0.000000,-0.000000,0.000000,0.000000,-0.000000,0.000000,2.372913,-0.002544,0.009989,0.000000,-0.000000,0.000000,2.566701,-0.000377,-0.005057
25.163663,0.000000,-0.000000,0.000000,0.000000,-0.000000,0.000000,2.195425,-0.009939,0.006735,0.000000,-0.000000,0.000000,2.566701,-0.000377,-0.005057
25.428879,0.000000,-0.000000,0.000000,0.000000,-0.000000,0.000000,1.999816,-0.004987,0.009305,0.000000,-0.000000,0.000000,2.566701,-0.000377,-0.005057
25.700022,0.000000,-0.000000,0.000000,0.000000,-0.000000,0.000000,2.057454,-0.004866,0.007225,0.000000,-0.000000,0.000000,2.566701,-0.000377,-0.005057
25.953131,0.000000,-0.000000,0.000000,0.000000,-0.000000,0.000000,2.314751,0.000289,0.010966,0.000000,-0.000000,0.000000,2.566701,-0.000377,-0.005057
26.200765,0.000000,-0.000000,0.000000,0.000000,-0.000000,0.000000,2.442273,-0.014604,-0.004150,0.000000,-0.000000,0.000000,2.566701,-0.000377,-0.005057
26.468202,0.000000,-0.000000,0.000000,0.000000,-0.000000,0.000000,2.336134,-0.019714,-0.005536,0.000000,-0.000000,0.000000,2.566701,-0.000377,-0.005057
26.733842,0.000000,-0.000000,0.000000,0.000000,-0.000000,0.000000,2.115694,-0.022957,-0.002772,0.000000,-0.000000,0.000000,2.566701,-0.000377,-0.005057
26.990658,0.000000,-0.000000,0.000000,0.000000,-0.000000,0.000000,1.979923,-0.005769,0.008847,0.000000,-0.000000,0.000000,2.566701,-0.000377,-0.005057
27.244262,0.000000,-0.000000,0.000000,0.000000,-0.000000,0.000000,2.096451,-0.001071,0.011263,0.000000,-0.000000,0.000000,2.566701,-0.000377,-0.005057
27.500011,0.000000,-0.000000,0.000000,0.000000,-0.000000,0.000000,2.293274,-0.000582,0.010509,0.000000,-0.000000,0.000000,2.566701,-0.000377,-0.005057
27.753765,0.000000,-0.000000,0.000000,0.000000,-0.000000,0.000000,2.424808,-0.000504,0.011186,0.000000,-0.000000,0.000000,2.566701,-0.000377,-0.005057
28.005837,0.000000,-0.000000,0.000000,0.000000,-0.000000,0.000000,2.297216,-0.005729,0.008665,0.000000,-0.000000,0.000000,2.566701,-0.000377,-0.005057
28.280564,0.000000,-0.000000,0.000000,0.000000,-0.000000,0.000000,2.100396,-0.008468,0.006517,0.000000,-0.000000,0.000000,2.566701,-0.000377,-0.005057
28.519748,0.000000,-0.000000,0.000000,0.000000,-0.000000,0.000000,2.083864,0.000491,0.014480,0.000000,-0.000000,0.000000,2.566701,-0.000377,-0.005057
28.778673,0.000000,-0.000000,0.000000,0.000000,-0.000000,0.000000,2.276749,0.002241,0.017407,0.000000,-0.000000,0.000000,2.566701,-0.000377,-0.005057
29.032581,0.000000,-0.000000,0.000000,0.000000,-0.000000,0.000000,2.488219,-0.003136,0.010240,0.000000,-0.000000,0.000000,2.566701,-0.000377,-0.005057
29.286422,0.000000,-0.000000,0.000000,0.000000,-0.000000,0.000000,2.483647,-0.009821,0.003930,0.000000,-0.000000,0.000000,2.566701,-0.000377,-0.005057
29.529431,0.000000,-0.000000,0.000000,0.000000,-0.000000,0.000000,2.362416,-0.015231,0.002213,0.000000,-0.000000,0.000000,2.566701,-0.000377,-0.005057
29.773584,0.000000,-0.000000,0.000000,0.000000,-0.000000,0.000000,2.023020,-0.005153,0.015302,0.000000,-0.000000,0.000000,2.566701,-0.000377,-0.005057
30.017821,0.000000,-0.000000,0.000000,0.000000,-0.000000,0.000000,2.110420,0.002240,0.023946,0.000000,-0.000000,0.000000,2.566701,-0.000377,-0.005057
30.266537,0.000000,-0.000000,0.000000,0.000000,-0.000000,0.000000,2.364874,0.003544,0.024571,0.000000,-0.000000,0.000000,2.566701,-0.000377,-0.005057
30.517359,0.000000,-0.000000,0.000000,0.000000,-0.000000,0.000000,2.562961,-0.003921,0.013019,0.000000,-0.000000,0.000000,2.566701,-0.000377,-0.005057
30.746057,0.000000,-0.000000,0.000000,0.000000,-0.000000,0.000000,2.475862,-0.008789,0.007645,0.000000,-0.000000,0.000000,2.566701,-0.000377,-0.005057
31.012644,0.000000,-0.000000,0.000000,0.000000,-0.000000,0.000000,2.195518,-0.013446,0.008651,0.000000,-0.000000,0.000000,2.566701,-0.000377,-0.005057
31.263210,0.000000,-0.000000,0.000000,0.000000,-0.000000,0.000000,1.962201,-0.009796,0.010895,0.000000,-0.000000,0.000000,2.566701,-0.000377,-0.005057
31.532587,0.000000,-0.000000,0.000000,0.000000,-0.000000,0.000000,2.019749,-0.007537,0.011991,0.000000,-0.000000,0.000000,2.566701,-0.000377,-0.005057
31.784842,0.000000,-0.000000,0.000000,0.000000,-0.000000,0.000000,2.217961,-0.001502,0.021330,0.000000,-0.000000,0.000000,2.566701,-0.000377,-0.005057
32.035797,0.000000,-0.000000,0.000000,0.000000,-0.000000,0.000000,2.291535,-0.000667,0.019262,0.000000,-0.000000,0.000000,2.566701,-0.000377,-0.005057
32.292440,0.000000,-0.000000,0.000000,0.000000,-0.000000,0.000000,2.291535,-0.000667,0.019262,0.000000,-0.000000,0.000000,2.566701,-0.000377,-0.005057
32.543567,0.000000,-0.000000,0.000000,0.000000,-0.000000,0.000000,2.291535,-0.000667,0.019262,0.000000,-0.000000,0.000000,2.566701,-0.000377,-0.005057
32.807574,0.000000,-0.000000,0.000000,0.000000,-0.000000,0.000000,1.956615,-0.006741,0.008431,0.000000,-0.000000,0.000000,2.566701,-0.000377,-0.005057
33.083848,0.000000,-0.000000,0.000000,0.000000,-0.000000,0.000000,1.953242,-0.006920,0.008457,0.000000,-0.000000,0.000000,2.566701,-0.000377,-0.005057
33.317320,0.000000,-0.000000,0.000000,0.000000,-0.000000,0.000000,2.159336,-0.007492,0.013081,0.000000,-0.000000,0.000000,2.566701,-0.000377,-0.005057
33.574313,0.000000,-0.000000,0.000000,0.000000,-0.000000,0.000000,2.399815,-0.006757,0.008531,0.000000,-0.000000,0.000000,2.566701,-0.000377,-0.005057
33.828361,0.000000,-0.000000,0.000000,0.000000,-0.000000,0.000000,2.467853,-0.018557,-0.006083,0.000000,-0.000000,0.000000,2.566701,-0.000377,-0.005057
34.083011,0.000000,-0.000000,0.000000,0.000000,-0.000000,0.000000,2.267965,-0.023053,-0.006181,0.000000,-0.000000,0.000000,2.566701,-0.000377,-0.005057
34.340512,0.000000,-0.000000,0.000000,0.000000,-0.000000,0.000000,2.024311,-0.025065,-0.000259,0.000000,-0.000000,0.000000,2.566701,-0.000377,-0.005057
34.596071,0.000000,-0.000000,0.000000,0.000000,-0.000000,0.000000,1.934257,-0.023603,-0.000162,0.000000,-0.000000,0.000000,2.566701,-0.000377,-0.005057
34.854641,0.000000,-0.000000,0.000000,0.000000,-0.000000,0.000000,1.934257,-0.023603,-0.000162,0.000000,-0.000000,0.000000,2.566701,-0.000377,-0.005057
35.112081,0.000000,-0.000000,0.000000,0.000000,-0.000000,0.000000,1.934257,-0.023603,-0.000162,0.000000,-0.000000,0.000000,2.566701,-0.000377,-0.005057
35.365239,0.000000,-0.000000,0.000000,0.000000,-0.000000,0.000000,1.934257,-0.023603,-0.000162,0.000000,-0.000000,0.000000,2.566701,-0.000377,-0.005057
35.624771,0.000000,-0.000000,0.000000,0.000000,-0.000000,0.000000,1.934257,-0.023603,-0.000162,0.000000,-0.000000,0.000000,2.566701,-0.000377,-0.005057
35.894243,0.000000,-0.000000,0.000000,0.000000,-0.000000,0.000000,1.934257,-0.023603,-0.000162,0.000000,-0.000000,0.000000,2.566701,-0.000377,-0.005057
36.141182,0.000000,-0.000000,0.000000,0.000000,-0.000000,0.000000,1.934257,-0.023603,-0.000162,0.000000,-0.000000,0.000000,2.566701,-0.000377,-0.005057
36.388792,0.000000,-0.000000,0.000000,0.000000,-0.000000,0.000000,2.115394,-0.017477,-0.001396,0.000000,-0.000000,0.000000,2.566701,-0.000377,-0.005057
36.656785,0.000000,-0.000000,0.000000,0.000000,-0.000000,0.000000,2.339538,-0.014221,-0.003582,0.000000,-0.000000,0.000000,2.566701,-0.000377,-0.005057
36.915009,0.000000,-0.000000,0.000000,0.000000,-0.000000,0.000000,2.433646,-0.014267,-0.013245,0.000000,-0.000000,0.000000,2.566701,-0.000377,-0.005057
37.166868,0.000000,-0.000000,0.000000,0.000000,-0.000000,0.000000,2.241114,-0.020799,-0.008341,0.000000,-0.000000,0.000000,2.566701,-0.000377,-0.005057
37.424525,0.000000,-0.000000,0.000000,0.000000,-0.000000,0.000000,2.027677,-0.021551,-0.002522,0.000000,-0.000000,0.000000,2.566701,-0.000377,-0.005057
37.692794,0.000000,-0.000000,0.000000,0.000000,-0.000000,0.000000,2.061275,-0.013561,0.008132,0.000000,-0.000000,0.000000,2.566701,-0.000377,-0.005057
37.941142,0.000000,-0.000000,0.000000,0.000000,-0.000000,0.000000,2.279399,-0.006445,0.008283,0.000000,-0.000000,0.000000,2.566701,-0.000377,-0.005057
38.175487,0.000000,-0.000000,0.000000,0.000000,-0.000000,0.000000,2.424808,-0.000504,0.011186,0.000000,-0.000000,0.000000,2.566701,-0.000377,-0.005057
38.427270,0.000000,-0.000000,0.000000,0.000000,-0.000000,0.000000,2.424808,-0.000504,0.011186,0.000000,-0.000000,0.000000,2.566701,-0.000377,-0.005057
38.685854,0.000000,-0.000000,0.000000,0.000000,-0.000000,0.000000,2.424808,-0.000504,0.011186,0.000000,-0.000000,0.000000,2.566701,-0.000377,-0.005057
38.918633,0.000000,-0.000000,0.000000,0.000000,-0.000000,0.000000,1.968279,-0.016494,0.001244,0.000000,-0.000000,0.000000,2.566701,-0.000377,-0.005057
39.165122,0.000000,-0.000000,0.000000,0.000000,-0.000000,0.000000,2.028654,-0.007173,0.012129,0.000000,-0.000000,0.000000,2.566701,-0.000377,-0.005057
39.422029,0.000000,-0.000000,0.000000,0.000000,-0.000000,0.000000,2.186151,-0.006449,0.013578,0.000000,-0.000000,0.000000,2.566701,-0.000377,-0.005057
39.688486,0.000000,-0.000000,0.000000,0.000000,-0.000000,0.000000,2.356810,-0.008526,0.007712,0.000000,-0.000000,0.000000,2.566701,-0.000377,-0.005057
39.937705,0.000000,-0.000000,0.000000,0.000000,-0.000000,0.000000,2.204358,-0.009564,0.006894,0.000000,-0.000000,0.000000,2.566701,-0.000377,-0.005057
40.187672,0.000000,-0.000000,0.000000,0.000000,-0.000000,0.000000,1.956198,0.001158,0.012618,0.000000,-0.000000,0.000000,2.566701,-0.000377,-0.005057
40.439033,0.000000,-0.000000,0.000000,0.000000,-0.000000,0.000000,2.008316,0.003175,0.013839,0.000000,-0.000000,0.000000,2.566701,-0.000377,-0.005057
40.689116,0.000000,-0.000000,0.000000,0.000000,-0.000000,0.000000,2.239650,-0.000861,0.012818,0.000000,-0.000000,0.000000,2.566701,-0.000377,-0.005057
40.935393,0.000000,-0.000000,0.000000,0.000000,-0.000000,0.000000,2.450071,0.000506,0.011734,0.000000,-0.000000,0.000000,2.566701,-0.000377,-0.005057
41.185816,0.000000,-0.000000,0.000000,0.000000,-0.000000,0.000000,2.303067,-0.005358,0.008496,0.000000,-0.000000,0.000000,2.566701,-0.000377,-0.005057
41.451184,0.000000,-0.000000,0.000000,0.000000,-0.000000,0.000000,2.071391,-0.004126,0.007168,0.000000,-0.000000,0.000000,2.566701,-0.000377,-0.005057
41.701218,0.000000,-0.000000,0.000000,0.000000,-0.000000,0.000000,1.966841,0.009402,0.017186,0.000000,-0.000000,0.000000,2.566701,-0.000377,-0.005057
41.938372,0.000000,-0.000000,0.000000,0.000000,-0.000000,0.000000,2.104602,0.013078,0.026450,0.000000,-0.000000,0.000000,2.566701,-0.000377,-0.005057
42.187290,0.000000,-0.000000,0.000000,0.000000,-0.000000,0.000000,2.330407,0.009368,0.029366,0.000000,-0.000000,0.000000,2.566701,-0.000377,-0.005057
42.442809,0.000000,-0.000000,0.000000,0.000000,-0.000000,0.000000,2.364550,0.010427,0.030267,0.000000,-0.000000,0.000000,2.566701,-0.000377,-0.005057
42.682215,0.000000,-0.000000,0.000000,0.000000,-0.000000,0.000000,2.337960,0.008011,0.025834,0.000000,-0.000000,0.000000,2.566701,-0.000377,-0.005057
42.922163,0.000000,-0.000000,0.000000,0.000000,-0.000000,0.000000,2.167391,0.009652,0.026718,0.000000,-0.000000,0.000000,2.566701,-0.000377,-0.005057
43.156157,0.000000,-0.000000,0.000000,0.000000,-0.000000,0.000000,2.149384,0.011071,0.029708,0.000000,-0.000000,0.000000,2.566701,-0.000377,-0.005057
43.405645,0.000000,-0.000000,0.000000,0.000000,-0.000000,0.000000,2.308775,0.010413,0.032410,0.000000,-0.000000,0.000000,2.566701,-0.000377,-0.005057
43.658573,0.000000,-0.000000,0.000000,0.000000,-0.000000,0.000000,2.446502,-0.007104,0.014623,0.000000,-0.000000,0.000000,2.566701,-0.000377,-0.005057
43.919120,0.000000,-0.000000,0.000000,0.000000,-0.000000,0.000000,2.283176,-0.009852,0.010047,0.000000,-0.000000,0.000000,2.566701,-0.000377,-0.005057
44.179398,0.000000,-0.000000,0.000000,0.000000,-0.000000,0.000000,2.164448,-0.001870,0.014753,0.000000,-0.000000,0.000000,2.566701,-0.000377,-0.005057
44.434698,0.000000,-0.000000,0.000000,0.000000,-0.000000,0.000000,2.283697,0.007858,0.028208,3.097817,0.000205,0.032306,2.566701,-0.000377,-0.005057
44.679460,0.000000,-0.000000,0.000000,0.000000,-0.000000,0.000000,2.441061,-0.000588,0.020395,3.097817,0.000205,0.032306,2.566701,-0.000377,-0.005057
44.909883,0.000000,-0.000000,0.000000,0.000000,-0.000000,0.000000,2.309752,-0.007089,0.014188,3.097817,0.000205,0.032306,2.566701,-0.000377,-0.005057
45.162562,0.000000,-0.000000,0.000000,0.000000,-0.000000,0.000000,2.114402,-0.003773,0.013684,3.097817,0.000205,0.032306,2.566701,-0.000377,-0.005057
45.395538,0.000000,-0.000000,0.000000,0.000000,-0.000000,0.000000,2.164448,-0.001870,0.014753,3.097817,0.000205,0.032306,2.566701,-0.000377,-0.005057
45.660454,0.000000,-0.000000,0.000000,0.000000,-0.000000,0.000000,2.381656,-0.000620,0.013883,3.097817,0.000205,0.032306,2.566701,-0.000377,-0.005057
45.901743,0.000000,-0.000000,0.000000,0.000000,-0.000000,0.000000,2.441489,-0.005007,0.009245,-2.687394,-0.006992,0.022296,2.566701,-0.000377,-0.005057
46.153537,0.000000,-0.000000,0.000000,0.000000,-0.000000,0.000000,2.441489,-0.005007,0.009245,-2.687394,-0.006992,0.022296,2.566701,-0.000377,-0.005057
46.403583,0.000000,-0.000000,0.000000,0.000000,-0.000000,0.000000,2.087760,-0.002241,0.002192,-2.687394,-0.006992,0.022296,2.566701,-0.000377,-0.005057
46.670685,0.000000,-0.000000,0.000000,0.000000,-0.000000,0.000000,2.234410,0.000669,0.007233,-2.687394,-0.006992,0.022296,2.566701,-0.000377,-0.005057
46.920391,0.000000,-0.000000,0.000000,0.000000,-0.000000,0.000000,2.441108,0.003897,0.010016,-2.687394,-0.006992,0.022296,2.566701,-0.000377,-0.005057
47.167890,0.000000,-0.000000,0.000000,0.000000,-0.000000,0.000000,2.318481,0.002388,0.005678,-2.687394,-0.006992,0.022296,2.566701,-0.000377,-0.005057
47.417973,0.000000,-0.000000,0.000000,0.000000,-0.000000,0.000000,2.103559,0.000633,0.005763,-2.687394,-0.006992,0.022296,2.566701,-0.000377,-0.005057
47.669516,0.000000,-0.000000,0.000000,0.000000,-0.000000,0.000000,2.165892,0.007026,0.014469,-2.687394,-0.006992,0.022296,2.566701,-0.000377,-0.005057
47.923332,0.000000,-0.000000,0.000000,0.000000,-0.000000,0.000000,2.390183,0.008620,0.014656,-2.687394,-0.006992,0.022296,2.566701,-0.000377,-0.005057
48.188005,0.000000,-0.000000,0.000000,0.000000,-0.000000,0.000000,2.463113,-0.005585,0.005990,-2.687394,-0.006992,0.022296,2.566701,-0.000377,-0.005057
48.441912,0.000000,-0.000000,0.000000,0.000000,-0.000000,0.000000,2.216289,-0.021971,-0.008928,-2.687394,-0.006992,0.022296,2.566701,-0.000377,-0.005057
48.682690,0.000000,-0.000000,0.000000,0.000000,-0.000000,0.000000,2.029907,-0.023690,-0.005672,-2.687394,-0.006992,0.022296,2.566701,-0.000377,-0.005057
48.917263,0.000000,-0.000000,0.000000,0.000000,-0.000000,0.000000,2.226203,-0.012363,0.000138,-2.687394,-0.006992,0.022296,2.566701,-0.000377,-0.005057
49.164815,0.000000,-0.000000,0.000000,0.000000,-0.000000,0.000000,2.450997,-0.008213,-0.010582,-2.687394,-0.006992,0.022296,2.566701,-0.000377,-0.005057
49.414074,0.000000,-0.000000,0.000000,0.000000,-0.000000,0.000000,2.370174,-0.012342,-0.011989,-2.687394,-0.006992,0.022296,2.566701,-0.000377,-0.005057
49.664810,0.000000,-0.000000,0.000000,0.000000,-0.000000,0.000000,2.018978,-0.024193,-0.005918,-2.687394,-0.006992,0.022296,2.566701,-0.000377,-0.005057
49.919281,0.000000,-0.000000,0.000000,0.000000,-0.000000,0.000000,2.041968,-0.017537,-0.004498,-2.687394,-0.006992,0.022296,2.566701,-0.000377,-0.005057
50.179606,0.000000,-0.000000,0.000000,0.000000,-0.000000,0.000000,2.382303,-0.004857,-0.006051,-2.687394,-0.006992,0.022296,2.566701,-0.000377,-0.005057
50.439556,0.000000,-0.000000,0.000000,0.000000,-0.000000,0.000000,2.446622,-0.018787,-0.015318,-2.687394,-0.006992,0.022296,2.566701,-0.000377,-0.005057
50.671439,0.000000,-0.000000,0.000000,0.000000,-0.000000,0.000000,2.191387,-0.025185,-0.012546,-2.687394,-0.006992,0.022296,2.566701,-0.000377,-0.005057
50.918718,0.000000,-0.000000,0.000000,0.000000,-0.000000,0.000000,2.019288,-0.029734,-0.007029,-2.687394,-0.006992,0.022296,2.566701,-0.000377,-0.005057
51.186225,0.000000,-0.000000,0.000000,0.000000,-0.000000,0.000000,2.244554,-0.018772,-0.004827,-2.687394,-0.006992,0.022296,2.566701,-0.000377,-0.005057
51.437719,0.000000,-0.000000,0.000000,0.000000,-0.000000,0.000000,2.480193,-0.010460,-0.008708,-2.687394,-0.006992,0.022296,2.566701,-0.000377,-0.005057
51.703152,0.000000,-0.000000,0.000000,0.000000,-0.000000,0.000000,2.286756,-0.025585,-0.013574,-2.687394,-0.006992,0.022296,2.566701,-0.000377,-0.005057
51.951633,0.000000,-0.000000,0.000000,0.000000,-0.000000,0.000000,2.065645,-0.025318,-0.003261,-2.687394,-0.006992,0.022296,2.566701,-0.000377,-0.005057
52.197206,0.000000,-0.000000,0.000000,0.000000,-0.000000,0.000000,2.085202,-0.022309,0.000446,-2.687394,-0.006992,0.022296,2.566701,-0.000377,-0.005057
52.444509,0.000000,-0.000000,0.000000,0.000000,-0.000000,0.000000,2.421614,-0.008900,0.001576,-2.687394,-0.006992,0.022296,2.566701,-0.000377,-0.005057
52.701048,0.000000,-0.000000,0.000000,0.000000,-0.000000,0.000000,2.374907,-0.011003,0.000782,-2.687394,-0.006992,0.022296,2.566701,-0.000377,-0.005057
52.944408,0.000000,-0.000000,0.000000,0.000000,-0.000000,0.000000,2.115198,-0.015423,0.002031,-2.687394,-0.006992,0.022296,2.566701,-0.000377,-0.005057
53.196151,0.000000,-0.000000,0.000000,0.000000,-0.000000,0.000000,2.183075,-0.012432,0.003101,-2.687394,-0.006992,0.022296,2.855833,-0.006648,-0.009547
53.469191,0.000000,-0.000000,0.000000,0.000000,-0.000000,0.000000,2.245694,-0.011545,0.000643,-2.687394,-0.006992,0.022296,3.088970,0.003057,-0.003286
53.729792,0.000000,-0.000000,0.000000,0.000000,-0.000000,0.000000,2.245694,-0.011545,0.000643,-2.687394,-0.006992,0.022296,3.004679,-0.000754,-0.004261
53.989461,0.000000,-0.000000,0.000000,0.000000,-0.000000,0.000000,2.245694,-0.011545,0.000643,-2.687394,-0.006992,0.022296,2.781874,-0.004317,-0.007355
54.240193,0.000000,-0.000000,0.000000,0.000000,-0.000000,0.000000,2.415972,0.001342,0.005734,-2.687394,-0.006992,0.022296,2.932535,-0.003753,-0.008692
54.508768,0.000000,-0.000000,0.000000,0.000000,-0.000000,0.000000,2.562974,0.001186,0.002941,-2.687394,-0.006992,0.022296,2.932535,-0.003753,-0.008692
54.767112,0.000000,-0.000000,0.000000,0.000000,-0.000000,0.000000,2.381704,0.003555,0.003376,-2.687394,-0.006992,0.022296,2.932535,-0.003753,-0.008692
55.025341,0.000000,-0.000000,0.000000,0.000000,-0.000000,0.000000,2.168416,-0.004108,0.002353,-2.687394,-0.006992,0.022296,2.932535,-0.003753,-0.008692
55.278252,0.000000,-0.000000,0.000000,0.000000,-0.000000,0.000000,2.361884,-0.002670,0.001019,-2.687394,-0.006992,0.022296,2.932535,-0.003753,-0.008692
55.545823,0.000000,-0.000000,0.000000,0.000000,-0.000000,0.000000,2.541733,-0.000992,-0.001427,-2.687394,-0.006992,0.022296,2.932535,-0.003753,-0.008692
55.796437,0.000000,-0.000000,0.000000,0.000000,-0.000000,0.000000,2.377004,-0.003470,-0.002596,-2.687394,-0.006992,0.022296,2.932535,-0.003753,-0.008692
56.048935,0.000000,-0.000000,0.000000,0.000000,-0.000000,0.000000,2.156381,-0.012129,-0.002762,-2.687394,-0.006992,0.022296,2.932535,-0.003753,-0.008692
56.281320,0.000000,-0.000000,0.000000,0.000000,-0.000000,0.000000,2.416426,-0.003211,-0.005352,-2.687394,-0.006992,0.022296,2.932535,-0.003753,-0.008692
56.550765,0.000000,-0.000000,0.000000,0.000000,-0.000000,0.000000,2.438377,-0.008857,-0.010803,-2.687394,-0.006992,0.022296,2.932535,-0.003753,-0.008692
56.804431,0.000000,-0.000000,0.000000,0.000000,-0.000000,0.000000,2.222006,-0.001758,0.003484,-2.687394,-0.006992,0.022296,2.932535,-0.003753,-0.008692
57.075731,0.000000,-0.000000,0.000000,0.000000,-0.000000,0.000000,2.298678,-0.000283,0.001802,-2.687394,-0.006992,0.022296,2.932535,-0.003753,-0.008692
57.346260,0.000000,-0.000000,0.000000,0.000000,-0.000000,0.000000,2.495879,0.001991,0.000049,-2.687394,-0.006992,0.022296,2.932535,-0.003753,-0.008692
57.596907,0.000000,-0.000000,0.000000,0.000000,-0.000000,0.000000,2.286686,-0.000650,0.001186,-2.687394,-0.006992,0.022296,2.932535,-0.003753,-0.008692
57.870073,0.000000,-0.000000,0.000000,0.000000,-0.000000,0.000000,2.149961,0.004544,0.010396,-2.687394,-0.006992,0.022296,2.932535,-0.003753,-0.008692
58.110842,0.000000,-0.000000,0.000000,0.000000,-0.000000,0.000000,2.408308,0.004645,0.004148,-2.687394,-0.006992,0.022296,2.932535,-0.003753,-0.008692
58.342417,0.000000,-0.000000,0.000000,0.000000,-0.000000,0.000000,2.407405,-0.002083,-0.001894,-2.687394,-0.006992,0.022296,2.932535,-0.003753,-0.008692
58.597946,0.000000,-0.000000,0.000000,0.000000,-0.000000,0.000000,2.133154,-0.013200,-0.003197,-2.687394,-0.006992,0.022296,2.932535,-0.003753,-0.008692
58.820007,0.000000,-0.000000,0.000000,0.000000,-0.000000,0.000000,2.158998,0.001434,0.012592,-2.687394,-0.006992,0.022296,2.932535,-0.003753,-0.008692
59.078992,0.000000,-0.000000,0.000000,0.000000,-0.000000,0.000000,2.441227,0.000181,0.011489,-2.687394,-0.006992,0.022296,2.932535,-0.003753,-0.008692
59.319160,0.000000,-0.000000,0.000000,0.000000,-0.000000,0.000000,2.419725,-0.000655,0.010978,-2.687394,-0.006992,0.022296,2.932535,-0.003753,-0.008692
59.559766,0.000000,-0.000000,0.000000,0.000000,-0.000000,0.000000,2.123408,-0.002029,0.008378,-2.687394,-0.006992,0.022296,2.932535,-0.003753,-0.008692
59.799625,0.000000,-0.000000,0.000000,0.000000,-0.000000,0.000000,2.140971,0.002739,0.015650,-2.687394,-0.006992,0.022296,2.932535,-0.003753,-0.008692
