0.000000,0.409214,-0.417270,0.579181,-0.568313,0.435535,-0.434580,0.535278,-0.578728,-0.463429,0.430893,-0.518198,0.575357,0.409223,-0.429368,0.550839,-0.587160,0.076183,0.121609,0.020073,0.090320
0.272329,0.409214,-0.417270,0.579181,-0.568313,0.435535,-0.434580,0.535278,-0.578728,-0.463429,0.430893,-0.518198,0.575357,0.409223,-0.429368,0.550839,-0.587160,0.076183,0.121609,0.020073,0.090320
0.397251,0.409214,-0.417270,0.579181,-0.568313,0.435535,-0.434580,0.535278,-0.578728,-0.463429,0.430893,-0.518198,0.575357,0.409223,-0.429368,0.550839,-0.587160,0.076183,0.121609,0.020073,0.090320
0.478350,0.409214,-0.417270,0.579181,-0.568313,0.435535,-0.434580,0.535278,-0.578728,-0.463429,0.430893,-0.518198,0.575357,0.409223,-0.429368,0.550839,-0.587160,0.076183,0.121609,0.020073,0.090320
0.554877,0.409214,-0.417270,0.579181,-0.568313,0.435535,-0.434580,0.535278,-0.578728,-0.463429,0.430893,-0.518198,0.575357,0.409223,-0.429368,0.550839,-0.587160,0.076183,0.121609,0.020073,0.090320
0.638889,0.409214,-0.417270,0.579181,-0.568313,0.435535,-0.434580,0.535278,-0.578728,-0.463429,0.430893,-0.518198,0.575357,0.409223,-0.429368,0.550839,-0.587160,0.076183,0.121609,0.020073,0.090320
0.706998,0.409214,-0.417270,0.579181,-0.568313,0.435535,-0.434580,0.535278,-0.578728,-0.463429,0.430893,-0.518198,0.575357,0.409223,-0.429368,0.550839,-0.587160,0.076183,0.121609,0.020073,0.090320
0.773956,0.409214,-0.417270,0.579181,-0.568313,0.435535,-0.434580,0.535278,-0.578728,-0.463429,0.430893,-0.518198,0.575357,0.409223,-0.429368,0.550839,-0.587160,0.076183,0.121609,0.020073,0.090320
0.837847,0.409214,-0.417270,0.579181,-0.568313,0.435535,-0.434580,0.535278,-0.578728,-0.463429,0.430893,-0.518198,0.575357,0.409223,-0.429368,0.550839,-0.587160,0.076183,0.121609,0.020073,0.090320
0.901116,0.409214,-0.417270,0.579181,-0.568313,0.435535,-0.434580,0.535278,-0.578728,-0.463429,0.430893,-0.518198,0.575357,0.409223,-0.429368,0.550839,-0.587160,0.076183,0.121609,0.020073,0.090320
0.966544,0.409214,-0.417270,0.579181,-0.568313,0.435535,-0.434580,0.535278,-0.578728,-0.463429,0.430893,-0.518198,0.575357,0.409223,-0.429368,0.550839,-0.587160,0.076183,0.121609,0.020073,0.090320
1.033396,0.409214,-0.417270,0.579181,-0.568313,0.434989,-0.434109,0.534638,-0.580083,-0.463942,0.431342,-0.516783,0.575879,0.409223,-0.429368,0.550839,-0.587160,0.074306,0.123331,0.020073,0.090320
1.099541,0.409214,-0.417270,0.579181,-0.568313,0.434989,-0.434109,0.534638,-0.580083,-0.463942,0.431342,-0.516783,0.575879,0.409223,-0.429368,0.550839,-0.587160,0.074306,0.123331,0.020073,0.090320
1.371874,0.409214,-0.417270,0.579181,-0.568313,0.434989,-0.434109,0.534638,-0.580083,-0.463408,0.430889,-0.516103,0.577257,0.409223,-0.429368,0.550839,-0.587160,0.074306,0.121481,0.020073,0.090320
1.647216,0.409214,-0.417270,0.579181,-0.568313,0.445822,-0.442047,0.527055,-0.572757,-0.481119,0.447880,-0.503138,0.561052,0.415668,-0.435496,0.547037,-0.581647,0.108276,0.185740,0.042315,0.144526
1.949138,0.409214,-0.417270,0.579181,-0.568313,0.488862,-0.498205,0.484573,-0.527251,-0.508365,0.487836,-0.472410,0.529538,0.450962,-0.478491,0.512135,-0.552628,0.295773,0.314535,0.185039,0.325854
2.215186,0.409214,-0.417270,0.579181,-0.568313,0.529847,-0.529269,0.445391,-0.490676,-0.557282,0.519999,-0.430410,0.483513,0.501608,-0.529874,0.465859,-0.500598,0.443691,0.484635,0.386159,0.433516
2.501758,0.409214,-0.417270,0.579181,-0.568313,0.529867,-0.533079,0.443214,-0.488496,-0.559310,0.525419,-0.424151,0.480836,0.501587,-0.527898,0.465945,-0.502622,0.451867,0.500644,0.381918,0.455159
2.766004,0.409214,-0.417270,0.579181,-0.568313,0.529378,-0.532635,0.444792,-0.488077,-0.559310,0.525419,-0.424151,0.480836,0.499065,-0.527476,0.467497,-0.504133,0.449885,0.500644,0.375925,0.454270
3.066161,0.409214,-0.417270,0.579181,-0.568313,0.529378,-0.532635,0.444792,-0.488077,-0.556859,0.525188,-0.425706,0.482555,0.499065,-0.527476,0.467497,-0.504133,0.449885,0.494569,0.375925,0.448035
3.377093,0.409214,-0.417270,0.579181,-0.568313,0.521369,-0.523594,0.453329,-0.498515,-0.548914,0.518502,-0.433884,0.491522,0.488897,-0.517999,0.477873,-0.514094,0.413678,0.462617,0.335895,0.418471
3.632030,0.409214,-0.417270,0.579181,-0.568313,0.525422,-0.529103,0.449045,-0.492281,-0.554856,0.521649,-0.429857,0.485015,0.492989,-0.521816,0.473744,-0.510133,0.433901,0.482574,0.351912,0.434885
3.922203,0.409214,-0.417270,0.579181,-0.568313,0.523430,-0.527324,0.451162,-0.494372,-0.552334,0.519516,-0.431385,0.488812,0.490948,-0.519912,0.475812,-0.512118,0.425904,0.472389,0.343905,0.432315
4.198640,0.409214,-0.417270,0.579181,-0.568313,0.523430,-0.527324,0.451162,-0.494372,-0.552334,0.519516,-0.431385,0.488812,0.490948,-0.519912,0.475812,-0.512118,0.425904,0.472389,0.343905,0.429122
4.474038,0.409214,-0.417270,0.579181,-0.568313,0.521429,-0.525535,0.453272,-0.496457,-0.548914,0.518502,-0.433884,0.491522,0.489937,-0.518985,0.476820,-0.513088,0.417904,0.462617,0.339985,0.422217
4.748756,0.409214,-0.417270,0.579181,-0.568313,0.464197,-0.485534,0.492830,-0.553079,-0.480939,0.475714,-0.478833,0.559564,0.435085,-0.469325,0.520882,-0.564904,0.222866,0.235926,0.138512,0.219853
5.054412,0.409214,-0.417270,0.579181,-0.568313,0.435359,-0.438269,0.532846,-0.578323,-0.476128,0.467863,-0.486457,0.563707,0.397110,-0.421798,0.559158,-0.593070,0.082325,0.211920,-0.014216,0.084070
5.355651,0.409214,-0.417270,0.579181,-0.568313,0.429420,-0.432845,0.537348,-0.582667,-0.459696,0.431447,-0.516351,0.579581,0.395244,-0.420002,0.559465,-0.595298,0.061958,0.115318,-0.020629,0.080390
5.601172,0.409214,-0.417270,0.579181,-0.568313,0.433521,-0.436596,0.533205,-0.580634,-0.461750,0.435062,-0.514151,0.577197,0.399254,-0.421858,0.557348,-0.593292,0.075960,0.125530,-0.010463,0.090605
5.868098,0.409214,-0.417270,0.579181,-0.568313,0.433521,-0.436596,0.533205,-0.580634,-0.462498,0.437577,-0.512904,0.575805,0.401111,-0.423646,0.557033,-0.591057,0.075960,0.131360,-0.004059,0.096822
6.157053,0.409214,-0.417270,0.579181,-0.568313,0.433046,-0.436165,0.534605,-0.580025,-0.461750,0.435062,-0.514151,0.577197,0.401111,-0.423646,0.557033,-0.591057,0.074388,0.125530,-0.004059,0.092264
6.429631,0.409214,-0.417270,0.579181,-0.568313,0.430879,-0.436117,0.534443,-0.581821,-0.460159,0.435572,-0.514614,0.577670,0.398934,-0.423506,0.556828,-0.592821,0.070313,0.123388,-0.008145,0.092286
6.721092,0.409214,-0.417270,0.579181,-0.568313,0.430879,-0.436117,0.534443,-0.581821,-0.460159,0.435572,-0.514614,0.577670,0.398934,-0.423506,0.556828,-0.592821,0.070313,0.123388,-0.008145,0.092286
6.985727,0.409214,-0.417270,0.579181,-0.568313,0.431201,-0.434486,0.534958,-0.582329,-0.461750,0.435062,-0.514151,0.577197,0.398934,-0.423506,0.556828,-0.592821,0.068022,0.125530,-0.008145,0.092286
7.283376,0.409214,-0.417270,0.579181,-0.568313,0.435359,-0.438269,0.532846,-0.578323,-0.466438,0.439064,-0.512820,0.571554,0.403593,-0.427925,0.553444,-0.589655,0.082325,0.141607,0.007690,0.104622
7.556099,0.409214,-0.417270,0.579181,-0.568313,0.473199,-0.486015,0.493735,-0.544148,-0.514295,0.492859,-0.466086,0.524742,0.442943,-0.476721,0.514273,-0.558625,0.241245,0.336507,0.166788,0.265156
7.842867,0.409214,-0.417270,0.579181,-0.568313,0.513323,-0.516370,0.463727,-0.504796,-0.541799,0.512465,-0.440994,0.499358,0.483176,-0.510727,0.484559,-0.520482,0.381923,0.434392,0.309785,0.408739
8.109454,0.409214,-0.417270,0.579181,-0.568313,0.520877,-0.523148,0.454888,-0.498076,-0.549019,0.522289,-0.431802,0.489223,0.492989,-0.521816,0.473744,-0.510133,0.411735,0.470780,0.351912,0.425494
8.395949,0.409214,-0.417270,0.579181,-0.568313,0.523374,-0.525387,0.451222,-0.496434,-0.552939,0.523746,-0.427707,0.486841,0.492989,-0.521816,0.473744,-0.510133,0.421679,0.482620,0.351912,0.438203
8.668919,0.409214,-0.417270,0.579181,-0.568313,0.521429,-0.525535,0.453272,-0.496457,-0.552429,0.523289,-0.429301,0.486510,0.491489,-0.522360,0.474204,-0.510597,0.417904,0.480530,0.350056,0.434901
8.958616,0.409214,-0.417270,0.579181,-0.568313,0.475649,-0.493958,0.487758,-0.540237,-0.490286,0.487268,-0.469478,0.549345,0.479607,-0.511211,0.484998,-0.522893,0.261371,0.276464,0.303770,0.277400
9.249446,0.409214,-0.417270,0.579181,-0.568313,0.441519,-0.447731,0.524426,-0.574087,-0.475066,0.455762,-0.496205,0.566015,0.413645,-0.437429,0.544943,-0.583602,0.110398,0.187834,0.042055,0.153040
9.499869,0.409214,-0.417270,0.579181,-0.568313,0.431366,-0.430786,0.537381,-0.582725,-0.462041,0.433456,-0.514651,0.577727,0.399096,-0.419782,0.559232,-0.593098,0.061878,0.123284,-0.014284,0.088157
9.776997,0.409214,-0.417270,0.579181,-0.568313,0.430890,-0.430359,0.538772,-0.582109,-0.463651,0.432952,-0.516284,0.575353,0.399096,-0.419782,0.559232,-0.593098,0.060316,0.125571,-0.014284,0.088157
10.044674,0.409214,-0.417270,0.579181,-0.568313,0.431047,-0.432424,0.536868,-0.582221,-0.464163,0.433402,-0.514865,0.575873,0.401434,-0.421998,0.557553,-0.591527,0.064168,0.127293,-0.006373,0.094389
10.338218,0.409214,-0.417270,0.579181,-0.568313,0.431047,-0.432424,0.536868,-0.582221,-0.464163,0.433402,-0.514865,0.575873,0.401111,-0.423646,0.557033,-0.591057,0.064168,0.127293,-0.004059,0.094400
10.603562,0.409214,-0.417270,0.579181,-0.568313,0.458635,-0.470933,0.506170,-0.558272,-0.485896,0.459419,-0.493166,0.556441,0.440553,-0.470631,0.520138,-0.560246,0.184794,0.215852,0.151022,0.169813
10.892462,0.409214,-0.417270,0.579181,-0.568313,0.500938,-0.507167,0.473998,-0.516884,-0.529435,0.502000,-0.455029,0.510533,0.469870,-0.494362,0.498169,-0.535403,0.337801,0.386495,0.251392,0.337229
11.162481,0.409214,-0.417270,0.579181,-0.568313,0.509236,-0.514617,0.465793,-0.508807,-0.542336,0.512930,-0.441529,0.497822,0.481090,-0.508776,0.486590,-0.522426,0.369857,0.436556,0.301766,0.389751
11.457126,0.409214,-0.417270,0.579181,-0.568313,0.513335,-0.518292,0.461647,-0.504720,-0.546924,0.516811,-0.438020,0.491852,0.486821,-0.514151,0.482001,-0.516071,0.385880,0.454729,0.323943,0.411901
11.730814,0.409214,-0.417270,0.579181,-0.568313,0.518927,-0.523289,0.456932,-0.498093,-0.550402,0.519729,-0.433434,0.488951,0.491442,-0.518446,0.476359,-0.512622,0.407958,0.468530,0.341858,0.425623
12.027808,0.409214,-0.417270,0.579181,-0.568313,0.521429,-0.525535,0.453272,-0.496457,-0.552394,0.521406,-0.431396,0.486717,0.493488,-0.520354,0.474290,-0.510638,0.417904,0.476513,0.349874,0.433086
12.290545,0.409214,-0.417270,0.579181,-0.568313,0.519419,-0.523738,0.455376,-0.498534,-0.552394,0.521406,-0.431396,0.486717,0.493488,-0.520354,0.474290,-0.510638,0.409901,0.476513,0.349874,0.433086
12.580712,0.409214,-0.417270,0.579181,-0.568313,0.483100,-0.496845,0.484899,-0.533510,-0.510873,0.495559,-0.464393,0.527039,0.456900,-0.482134,0.507848,-0.548525,0.281628,0.334649,0.203062,0.279390
12.849659,0.409214,-0.417270,0.579181,-0.568313,0.441519,-0.447731,0.524426,-0.574087,-0.466322,0.442700,-0.508282,0.572896,0.415461,-0.439173,0.544591,-0.581326,0.110398,0.147670,0.048433,0.128833
13.137706,0.409214,-0.417270,0.579181,-0.568313,0.429420,-0.432845,0.537348,-0.582667,-0.461750,0.435062,-0.514151,0.577197,0.401274,-0.419921,0.559438,-0.591333,0.061958,0.125530,-0.010199,0.094374
13.410151,0.409214,-0.417270,0.579181,-0.568313,0.429420,-0.432845,0.537348,-0.582667,-0.461750,0.435062,-0.514151,0.577197,0.401434,-0.421998,0.557553,-0.591527,0.061958,0.125530,-0.006373,0.094389
13.691040,0.409214,-0.417270,0.579181,-0.568313,0.441861,-0.446121,0.524946,-0.574602,-0.466115,0.440654,-0.510217,0.572921,0.407423,-0.427682,0.553190,-0.587431,0.108134,0.143702,0.014015,0.124585
13.972013,0.409214,-0.417270,0.579181,-0.568313,0.465228,-0.484550,0.495979,-0.550253,-0.506168,0.493388,-0.467705,0.530673,0.447185,-0.476881,0.514492,-0.554894,0.223078,0.320724,0.174995,0.287000
14.254234,0.409214,-0.417270,0.579181,-0.568313,0.509253,-0.516543,0.463716,-0.508735,-0.544470,0.518443,-0.435342,0.495224,0.485255,-0.512669,0.482520,-0.518529,0.373814,0.452601,0.317805,0.408132
14.529241,0.409214,-0.417270,0.579181,-0.568313,0.517400,-0.523840,0.455383,-0.500516,-0.550953,0.522074,-0.429751,0.489084,0.493488,-0.520354,0.474290,-0.510638,0.405854,0.474631,0.349874,0.436414
14.810778,0.409214,-0.417270,0.579181,-0.568313,0.519415,-0.525642,0.453282,-0.498442,-0.552939,0.523746,-0.427707,0.486841,0.493488,-0.520354,0.474290,-0.510638,0.413859,0.482620,0.349874,0.437862
15.088697,0.409214,-0.417270,0.579181,-0.568313,0.521420,-0.527435,0.451176,-0.496361,-0.555450,0.525870,-0.426166,0.483030,0.492989,-0.521816,0.473744,-0.510133,0.421861,0.492821,0.351912,0.444465
15.380207,0.409214,-0.417270,0.579181,-0.568313,0.520931,-0.526987,0.452739,-0.495927,-0.552993,0.525631,-0.427714,0.484739,0.492989,-0.521816,0.473744,-0.510133,0.419910,0.486757,0.351912,0.444465
15.652339,0.409214,-0.417270,0.579181,-0.568313,0.520931,-0.526987,0.452739,-0.495927,-0.488579,0.485854,-0.469826,0.551815,0.492989,-0.521816,0.473744,-0.510133,0.419910,0.270298,0.351912,0.444465
15.934787,0.409214,-0.417270,0.579181,-0.568313,0.433195,-0.438223,0.532689,-0.580125,-0.468435,0.442641,-0.508487,0.571033,0.492989,-0.521816,0.473744,-0.510133,0.078247,0.151675,0.351912,0.444465
16.205318,0.409214,-0.417270,0.579181,-0.568313,0.426705,-0.432317,0.536530,-0.585799,-0.464322,0.439122,-0.512612,0.573416,0.398934,-0.417705,0.561111,-0.592899,0.056014,0.137608,-0.018105,0.419921
16.502385,0.409214,-0.417270,0.579181,-0.568313,0.437616,-0.446087,0.526697,-0.576271,-0.468435,0.442641,-0.508487,0.571033,0.403286,-0.423783,0.557233,-0.589287,0.100284,0.151675,0.000026,0.118515
16.766198,0.409214,-0.417270,0.579181,-0.568313,0.475517,-0.490007,0.491812,-0.540274,-0.521323,0.500698,-0.458805,0.516741,0.455793,-0.481146,0.510868,-0.547507,0.253494,0.366659,0.199201,0.318056
17.052448,0.409214,-0.417270,0.579181,-0.568313,0.503169,-0.514888,0.467791,-0.512721,-0.542448,0.516739,-0.437362,0.497439,0.486767,-0.512141,0.482058,-0.518063,0.357975,0.444604,0.319705,0.429035
17.331177,0.409214,-0.417270,0.579181,-0.568313,0.503169,-0.514888,0.467791,-0.512721,-0.542448,0.516739,-0.437362,0.497439,0.495021,-0.521803,0.473757,-0.508164,0.357975,0.444604,0.355975,0.457285
17.617211,0.409214,-0.417270,0.579181,-0.568313,0.517396,-0.525744,0.453289,-0.500424,-0.548456,0.521814,-0.429175,0.492661,0.482698,-0.512210,0.484012,-0.519977,0.409813,0.468453,0.311862,0.436174
17.889144,0.409214,-0.417270,0.579181,-0.568313,0.450153,-0.482400,0.495195,-0.565185,-0.480595,0.484664,-0.469651,0.559961,0.432851,-0.467215,0.522735,-0.566656,0.190187,0.252073,0.130520,0.242097
18.171816,0.409214,-0.417270,0.579181,-0.568313,0.450153,-0.482400,0.495195,-0.565185,-0.455657,0.433597,-0.513985,0.583258,0.430083,-0.464565,0.523991,-0.569773,0.190187,0.111252,0.120528,0.241832
18.447479,0.409214,-0.417270,0.579181,-0.568313,0.450153,-0.482400,0.495195,-0.565185,-0.455657,0.433597,-0.513985,0.583258,0.430083,-0.464565,0.523991,-0.569773,0.190187,0.111252,0.120528,0.241832
18.735036,0.409214,-0.417270,0.579181,-0.568313,0.451843,-0.464791,0.509725,-0.565674,-0.476985,0.459258,-0.491810,0.565411,0.424247,-0.449432,0.536979,-0.574177,0.160510,0.197836,0.082504,0.239967
19.006505,0.409214,-0.417270,0.579181,-0.568313,0.505236,-0.516742,0.465732,-0.510693,-0.531729,0.509532,-0.444748,0.509745,0.482136,-0.509743,0.485582,-0.521457,0.365990,0.406443,0.305759,0.385365
19.298117,0.409214,-0.417270,0.579181,-0.568313,0.515377,-0.523937,0.455386,-0.502494,-0.545023,0.520794,-0.431664,0.495368,0.488347,-0.515546,0.479466,-0.515599,0.401806,0.458686,0.329768,0.432150
19.566174,0.409214,-0.417270,0.579181,-0.568313,0.515377,-0.523937,0.455386,-0.502494,-0.546992,0.520596,-0.431729,0.493345,0.489388,-0.516529,0.478420,-0.514599,0.401806,0.462662,0.333841,0.434225
19.858671,0.409214,-0.417270,0.579181,-0.568313,0.518918,-0.527093,0.452749,-0.497910,-0.548456,0.521814,-0.429175,0.492661,0.491442,-0.518446,0.476359,-0.512622,0.415874,0.468453,0.341858,0.443213
20.128181,0.409214,-0.417270,0.579181,-0.568313,0.506167,-0.515683,0.464748,-0.511737,-0.540520,0.518826,-0.435202,0.499256,0.470098,-0.502279,0.492014,-0.533522,0.365685,0.444656,0.267394,0.358486
20.419707,0.409214,-0.417270,0.579181,-0.568313,0.428859,-0.438121,0.532362,-0.583713,-0.466189,0.446316,-0.503734,0.574215,0.395206,-0.419916,0.557442,-0.597278,0.070088,0.153698,-0.020976,0.152941
20.691885,0.409214,-0.417270,0.579181,-0.568313,0.425228,-0.429028,0.539424,-0.586633,-0.455746,0.429935,-0.518504,0.581897,0.391023,-0.415967,0.561422,-0.599064,0.047644,0.105196,-0.034955,0.098578
20.973102,0.409214,-0.417270,0.579181,-0.568313,0.427091,-0.430725,0.539084,-0.584344,-0.459409,0.433056,-0.515852,0.579052,0.395047,-0.417839,0.559325,-0.597080,0.054027,0.117570,-0.024786,0.108729
21.247497,0.409214,-0.417270,0.579181,-0.568313,0.439775,-0.446128,0.526845,-0.574458,-0.479235,0.455607,-0.494470,0.564140,0.409552,-0.433575,0.549043,-0.585518,0.104367,0.195686,0.028074,0.164220
21.532084,0.409214,-0.417270,0.579181,-0.568313,0.484639,-0.496317,0.486516,-0.531128,-0.508069,0.491294,-0.467760,0.530750,0.459716,-0.486773,0.506462,-0.543332,0.283687,0.320531,0.217372,0.343492
21.804311,0.409214,-0.417270,0.579181,-0.568313,0.504638,-0.512393,0.469374,-0.512330,-0.535719,0.509188,-0.444917,0.505748,0.470509,-0.498819,0.494608,-0.534007,0.355899,0.414413,0.261351,0.389068
22.096803,0.409214,-0.417270,0.579181,-0.568313,0.508763,-0.516093,0.465257,-0.508275,-0.540358,0.513119,-0.441458,0.499837,0.478459,-0.506284,0.488109,-0.525835,0.371911,0.432578,0.291590,0.406727
22.372427,0.409214,-0.417270,0.579181,-0.568313,0.512853,-0.519760,0.461112,-0.504189,-0.544421,0.516545,-0.437429,0.495421,0.482639,-0.510194,0.484063,-0.521963,0.387918,0.448578,0.307615,0.424485
22.654473,0.409214,-0.417270,0.579181,-0.568313,0.514886,-0.521580,0.459029,-0.502135,-0.546437,0.518245,-0.435406,0.493204,0.484214,-0.511686,0.483551,-0.519512,0.395919,0.456572,0.313763,0.431455
22.924637,0.409214,-0.417270,0.579181,-0.568313,0.519419,-0.523738,0.455376,-0.498534,-0.550402,0.519729,-0.433434,0.488951,0.487325,-0.514603,0.480474,-0.516568,0.409901,0.468530,0.325823,0.442355
23.228170,0.409214,-0.417270,0.579181,-0.568313,0.512230,-0.519230,0.458586,-0.507661,-0.548444,0.519936,-0.433377,0.490979,0.479983,-0.505770,0.487648,-0.525369,0.385440,0.464562,0.293518,0.433816
23.493948,0.409214,-0.417270,0.579181,-0.568313,0.460432,-0.484039,0.495217,-0.555400,-0.472085,0.464437,-0.488570,0.568097,0.426221,-0.462869,0.526267,-0.571954,0.212859,0.197681,0.110446,0.201574
23.785091,0.409214,-0.417270,0.579181,-0.568313,0.460432,-0.484039,0.495217,-0.555400,-0.455216,0.429477,-0.517815,0.583262,0.426221,-0.462869,0.526267,-0.571954,0.212859,0.103355,0.110446,0.101317
24.045604,0.409214,-0.417270,0.579181,-0.568313,0.425228,-0.429028,0.539424,-0.586633,-0.455746,0.429935,-0.518504,0.581897,0.393046,-0.414034,0.563516,-0.597109,0.047644,0.105196,-0.034680,0.102229
24.348394,0.409214,-0.417270,0.579181,-0.568313,0.427563,-0.431153,0.537694,-0.584964,-0.457593,0.431502,-0.518230,0.579528,0.394885,-0.415760,0.561201,-0.596877,0.055576,0.111460,-0.028595,0.108310
24.605103,0.409214,-0.417270,0.579181,-0.568313,0.462988,-0.472959,0.504385,-0.554570,-0.481149,0.453509,-0.496618,0.562313,0.441386,-0.467583,0.523237,-0.559256,0.196871,0.195734,0.146940,0.181615
24.899889,0.409214,-0.417270,0.579181,-0.568313,0.511303,-0.518381,0.461643,-0.506691,-0.539710,0.508829,-0.447174,0.499841,0.476855,-0.502899,0.492683,-0.526274,0.381827,0.422488,0.281791,0.410274
25.166087,0.409214,-0.417270,0.579181,-0.568313,0.514886,-0.521580,0.459029,-0.502135,-0.544367,0.514643,-0.439514,0.495615,0.484693,-0.510203,0.484096,-0.520015,0.395919,0.444556,0.311694,0.431147
25.464698,0.409214,-0.417270,0.579181,-0.568313,0.519419,-0.523738,0.455376,-0.498534,-0.548352,0.516146,-0.437554,0.491376,0.486767,-0.512141,0.482058,-0.518063,0.409901,0.456524,0.319705,0.441508
25.734727,0.409214,-0.417270,0.579181,-0.568313,0.519419,-0.523738,0.455376,-0.498534,-0.548352,0.516146,-0.437554,0.491376,0.486285,-0.513620,0.481512,-0.517559,0.409901,0.456524,0.321766,0.441827
26.022471,0.409214,-0.417270,0.579181,-0.568313,0.437361,-0.457387,0.515814,-0.577449,-0.548352,0.516146,-0.437554,0.491376,0.450505,-0.479947,0.509574,-0.554103,0.119961,0.456524,0.186865,0.428592
26.287805,0.409214,-0.417270,0.579181,-0.568313,0.422818,-0.432624,0.534781,-0.589975,-0.449340,0.430052,-0.517805,0.587390,0.388974,-0.412068,0.563580,-0.601062,0.049379,0.093182,-0.045191,0.101422
26.583718,0.409214,-0.417270,0.579181,-0.568313,0.423359,-0.433103,0.535433,-0.588643,-0.451478,0.430016,-0.518042,0.585565,0.390655,-0.411717,0.563141,-0.600624,0.051254,0.097187,-0.042905,0.105176
26.847374,0.409214,-0.417270,0.579181,-0.568313,0.431643,-0.440660,0.529198,-0.582625,-0.467763,0.447709,-0.503618,0.571947,0.403404,-0.425771,0.553321,-0.591456,0.079586,0.159259,0.003521,0.150549
27.145119,0.409214,-0.417270,0.579181,-0.568313,0.488523,-0.503635,0.479943,-0.526642,-0.505905,0.489455,-0.469663,0.532832,0.456293,-0.481594,0.509397,-0.548068,0.305816,0.312522,0.200942,0.352691
27.406765,0.409214,-0.417270,0.579181,-0.568313,0.510832,-0.523671,0.456938,-0.505990,-0.540416,0.515026,-0.439376,0.499647,0.456293,-0.481594,0.509397,-0.548068,0.391793,0.436603,0.200942,0.406494
27.692497,0.409214,-0.417270,0.579181,-0.568313,0.513416,-0.525979,0.455335,-0.502415,-0.541988,0.518176,-0.436853,0.496892,0.482639,-0.510194,0.484063,-0.521963,0.402010,0.446575,0.307615,0.429420
27.965077,0.409214,-0.417270,0.579181,-0.568313,0.513416,-0.525979,0.455335,-0.502415,-0.544421,0.516545,-0.437429,0.495421,0.480616,-0.510263,0.486043,-0.521922,0.402010,0.448578,0.303849,0.428970
28.259195,0.409214,-0.417270,0.579181,-0.568313,0.515441,-0.525883,0.455333,-0.500439,-0.545006,0.518910,-0.435868,0.493680,0.482698,-0.512210,0.484012,-0.519977,0.406050,0.454786,0.311862,0.434552
28.527969,0.409214,-0.417270,0.579181,-0.568313,0.506193,-0.519520,0.460596,-0.511585,-0.540416,0.515026,-0.439376,0.499647,0.480080,-0.509730,0.485544,-0.523398,0.373588,0.436603,0.301686,0.370020
28.820743,0.409214,-0.417270,0.579181,-0.568313,0.435588,-0.448088,0.524608,-0.578158,-0.470487,0.451841,-0.499736,0.569865,0.401227,-0.425632,0.553119,-0.593223,0.100068,0.171873,-0.000579,0.198084
29.090523,0.409214,-0.417270,0.579181,-0.568313,0.425072,-0.432734,0.537006,-0.586242,-0.455746,0.429935,-0.518504,0.581897,0.390655,-0.411717,0.563141,-0.600624,0.053802,0.105196,-0.042905,0.101002
29.376724,0.409214,-0.417270,0.579181,-0.568313,0.425072,-0.432734,0.537006,-0.586242,-0.455746,0.429935,-0.518504,0.581897,0.388504,-0.411650,0.564932,-0.600384,0.053802,0.105196,-0.046650,0.098602
29.648497,0.409214,-0.417270,0.579181,-0.568313,0.425072,-0.432734,0.537006,-0.586242,-0.455746,0.429935,-0.518504,0.581897,0.388974,-0.412068,0.563580,-0.601062,0.053802,0.105196,-0.045191,0.101025
29.941663,0.409214,-0.417270,0.579181,-0.568313,0.426857,-0.434379,0.534621,-0.585908,-0.461750,0.435062,-0.514151,0.577197,0.409694,-0.435634,0.547129,-0.585682,0.059859,0.125530,0.031913,0.104806
30.208369,0.409214,-0.417270,0.579181,-0.568313,0.426857,-0.434379,0.534621,-0.585908,-0.461750,0.435062,-0.514151,0.577197,0.467877,-0.496371,0.498086,-0.535366,0.059859,0.125530,0.251539,0.108184
30.504005,0.409214,-0.417270,0.579181,-0.568313,0.426857,-0.434379,0.534621,-0.585908,-0.463999,0.440710,-0.510009,0.574778,0.480616,-0.510263,0.486043,-0.521922,0.059859,0.139700,0.303849,0.113975
30.767200,0.409214,-0.417270,0.579181,-0.568313,0.426857,-0.434379,0.534621,-0.585908,-0.463999,0.440710,-0.510009,0.574778,0.484773,-0.514148,0.481973,-0.518024,0.059859,0.139700,0.319874,0.114563
31.064397,0.409214,-0.417270,0.579181,-0.568313,0.426857,-0.434379,0.534621,-0.585908,-0.463999,0.440710,-0.510009,0.574778,0.484773,-0.514148,0.481973,-0.518024,0.059859,0.139700,0.319874,0.114563
31.328567,0.409214,-0.417270,0.579181,-0.568313,0.426857,-0.434379,0.534621,-0.585908,-0.463999,0.440710,-0.510009,0.574778,0.484773,-0.514148,0.481973,-0.518024,0.059859,0.139700,0.319874,0.114563
31.620908,0.409214,-0.417270,0.579181,-0.568313,0.426857,-0.434379,0.534621,-0.585908,-0.463999,0.440710,-0.510009,0.574778,0.484773,-0.514148,0.481973,-0.518024,0.059859,0.139700,0.319874,0.114563
31.890170,0.409214,-0.417270,0.579181,-0.568313,0.426857,-0.434379,0.534621,-0.585908,-0.463999,0.440710,-0.510009,0.574778,0.484773,-0.514148,0.481973,-0.518024,0.059859,0.139700,0.319874,0.114563
32.180369,0.409214,-0.417270,0.579181,-0.568313,0.426857,-0.434379,0.534621,-0.585908,-0.463999,0.440710,-0.510009,0.574778,0.484773,-0.514148,0.481973,-0.518024,0.059859,0.139700,0.319874,0.114563
32.449455,0.409214,-0.417270,0.579181,-0.568313,0.426857,-0.434379,0.534621,-0.585908,-0.463999,0.440710,-0.510009,0.574778,0.484773,-0.514148,0.481973,-0.518024,0.059859,0.139700,0.319874,0.114563
32.740418,0.409214,-0.417270,0.579181,-0.568313,0.426857,-0.434379,0.534621,-0.585908,-0.463999,0.440710,-0.510009,0.574778,0.484773,-0.514148,0.481973,-0.518024,0.059859,0.139700,0.319874,0.114563
33.004907,0.409214,-0.417270,0.579181,-0.568313,0.426857,-0.434379,0.534621,-0.585908,-0.463999,0.440710,-0.510009,0.574778,0.484773,-0.514148,0.481973,-0.518024,0.059859,0.139700,0.319874,0.114563
33.303379,0.409214,-0.417270,0.579181,-0.568313,0.426857,-0.434379,0.534621,-0.585908,-0.463999,0.440710,-0.510009,0.574778,0.484773,-0.514148,0.481973,-0.518024,0.059859,0.139700,0.319874,0.114563
33.571132,0.409214,-0.417270,0.579181,-0.568313,0.426857,-0.434379,0.534621,-0.585908,-0.463999,0.440710,-0.510009,0.574778,0.484773,-0.514148,0.481973,-0.518024,0.059859,0.139700,0.319874,0.114563
33.860930,0.409214,-0.417270,0.579181,-0.568313,0.426857,-0.434379,0.534621,-0.585908,-0.463999,0.440710,-0.510009,0.574778,0.484773,-0.514148,0.481973,-0.518024,0.059859,0.139700,0.319874,0.114563
34.133004,0.409214,-0.417270,0.579181,-0.568313,0.426857,-0.434379,0.534621,-0.585908,-0.463999,0.440710,-0.510009,0.574778,0.484773,-0.514148,0.481973,-0.518024,0.059859,0.139700,0.319874,0.114563
34.420698,0.409214,-0.417270,0.579181,-0.568313,0.426857,-0.434379,0.534621,-0.585908,-0.463999,0.440710,-0.510009,0.574778,0.484773,-0.514148,0.481973,-0.518024,0.059859,0.139700,0.319874,0.114563
34.686199,0.409214,-0.417270,0.579181,-0.568313,0.426857,-0.434379,0.534621,-0.585908,-0.463999,0.440710,-0.510009,0.574778,0.484773,-0.514148,0.481973,-0.518024,0.059859,0.139700,0.319874,0.114563
34.980277,0.409214,-0.417270,0.579181,-0.568313,0.426857,-0.434379,0.534621,-0.585908,-0.463999,0.440710,-0.510009,0.574778,0.484773,-0.514148,0.481973,-0.518024,0.059859,0.139700,0.319874,0.114563
35.247492,0.409214,-0.417270,0.579181,-0.568313,0.426857,-0.434379,0.534621,-0.585908,-0.463999,0.440710,-0.510009,0.574778,0.484773,-0.514148,0.481973,-0.518024,0.059859,0.139700,0.319874,0.114563
35.537525,0.409214,-0.417270,0.579181,-0.568313,0.426857,-0.434379,0.534621,-0.585908,-0.463999,0.440710,-0.510009,0.574778,0.484773,-0.514148,0.481973,-0.518024,0.059859,0.139700,0.319874,0.114563
35.806760,0.409214,-0.417270,0.579181,-0.568313,0.426857,-0.434379,0.534621,-0.585908,-0.463999,0.440710,-0.510009,0.574778,0.484773,-0.514148,0.481973,-0.518024,0.059859,0.139700,0.319874,0.114563
36.098181,0.409214,-0.417270,0.579181,-0.568313,0.426857,-0.434379,0.534621,-0.585908,-0.463999,0.440710,-0.510009,0.574778,0.484773,-0.514148,0.481973,-0.518024,0.059859,0.139700,0.319874,0.114563
36.370063,0.409214,-0.417270,0.579181,-0.568313,0.426857,-0.434379,0.534621,-0.585908,-0.463999,0.440710,-0.510009,0.574778,0.484773,-0.514148,0.481973,-0.518024,0.059859,0.139700,0.319874,0.114563
36.655192,0.409214,-0.417270,0.579181,-0.568313,0.426857,-0.434379,0.534621,-0.585908,-0.463999,0.440710,-0.510009,0.574778,0.484773,-0.514148,0.481973,-0.518024,0.059859,0.139700,0.319874,0.114563
36.927696,0.409214,-0.417270,0.579181,-0.568313,0.426857,-0.434379,0.534621,-0.585908,-0.463999,0.440710,-0.510009,0.574778,0.484773,-0.514148,0.481973,-0.518024,0.059859,0.139700,0.319874,0.114563
37.230322,0.409214,-0.417270,0.579181,-0.568313,0.426857,-0.434379,0.534621,-0.585908,-0.463999,0.440710,-0.510009,0.574778,0.484773,-0.514148,0.481973,-0.518024,0.059859,0.139700,0.319874,0.114563
37.489388,0.409214,-0.417270,0.579181,-0.568313,0.426857,-0.434379,0.534621,-0.585908,-0.463999,0.440710,-0.510009,0.574778,0.484773,-0.514148,0.481973,-0.518024,0.059859,0.139700,0.319874,0.114563
37.782994,0.409214,-0.417270,0.579181,-0.568313,0.426857,-0.434379,0.534621,-0.585908,-0.463999,0.440710,-0.510009,0.574778,0.484773,-0.514148,0.481973,-0.518024,0.059859,0.139700,0.319874,0.114563
38.048435,0.409214,-0.417270,0.579181,-0.568313,0.426857,-0.434379,0.534621,-0.585908,-0.463999,0.440710,-0.510009,0.574778,0.484773,-0.514148,0.481973,-0.518024,0.059859,0.139700,0.319874,0.114563
38.342217,0.409214,-0.417270,0.579181,-0.568313,0.426857,-0.434379,0.534621,-0.585908,-0.463999,0.440710,-0.510009,0.574778,0.484773,-0.514148,0.481973,-0.518024,0.059859,0.139700,0.319874,0.114563
38.607599,0.409214,-0.417270,0.579181,-0.568313,0.426857,-0.434379,0.534621,-0.585908,-0.463999,0.440710,-0.510009,0.574778,0.484773,-0.514148,0.481973,-0.518024,0.059859,0.139700,0.319874,0.114563
38.904053,0.409214,-0.417270,0.579181,-0.568313,0.426857,-0.434379,0.534621,-0.585908,-0.463999,0.440710,-0.510009,0.574778,0.484773,-0.514148,0.481973,-0.518024,0.059859,0.139700,0.319874,0.114563
39.170406,0.409214,-0.417270,0.579181,-0.568313,0.426857,-0.434379,0.534621,-0.585908,-0.463999,0.440710,-0.510009,0.574778,0.484773,-0.514148,0.481973,-0.518024,0.059859,0.139700,0.319874,0.114563
39.464617,0.409214,-0.417270,0.579181,-0.568313,0.426857,-0.434379,0.534621,-0.585908,-0.463999,0.440710,-0.510009,0.574778,0.484773,-0.514148,0.481973,-0.518024,0.059859,0.139700,0.319874,0.114563
39.726265,0.409214,-0.417270,0.579181,-0.568313,0.426857,-0.434379,0.534621,-0.585908,-0.463999,0.440710,-0.510009,0.574778,0.484773,-0.514148,0.481973,-0.518024,0.059859,0.139700,0.319874,0.114563
40.020940,0.409214,-0.417270,0.579181,-0.568313,0.426857,-0.434379,0.534621,-0.585908,-0.463999,0.440710,-0.510009,0.574778,0.484773,-0.514148,0.481973,-0.518024,0.059859,0.139700,0.319874,0.114563
40.291145,0.409214,-0.417270,0.579181,-0.568313,0.426857,-0.434379,0.534621,-0.585908,-0.463999,0.440710,-0.510009,0.574778,0.484773,-0.514148,0.481973,-0.518024,0.059859,0.139700,0.319874,0.114563
40.579393,0.409214,-0.417270,0.579181,-0.568313,0.426857,-0.434379,0.534621,-0.585908,-0.463999,0.440710,-0.510009,0.574778,0.484773,-0.514148,0.481973,-0.518024,0.059859,0.139700,0.319874,0.114563
40.848418,0.409214,-0.417270,0.579181,-0.568313,0.426857,-0.434379,0.534621,-0.585908,-0.463999,0.440710,-0.510009,0.574778,0.484773,-0.514148,0.481973,-0.518024,0.059859,0.139700,0.319874,0.114563
41.141894,0.409214,-0.417270,0.579181,-0.568313,0.426857,-0.434379,0.534621,-0.585908,-0.463999,0.440710,-0.510009,0.574778,0.484773,-0.514148,0.481973,-0.518024,0.059859,0.139700,0.319874,0.114563
41.416279,0.409214,-0.417270,0.579181,-0.568313,0.426857,-0.434379,0.534621,-0.585908,-0.463999,0.440710,-0.510009,0.574778,0.484773,-0.514148,0.481973,-0.518024,0.059859,0.139700,0.319874,0.114563
41.701948,0.409214,-0.417270,0.579181,-0.568313,0.426857,-0.434379,0.534621,-0.585908,-0.463999,0.440710,-0.510009,0.574778,0.484773,-0.514148,0.481973,-0.518024,0.059859,0.139700,0.319874,0.114563
41.967316,0.409214,-0.417270,0.579181,-0.568313,0.426857,-0.434379,0.534621,-0.585908,-0.463999,0.440710,-0.510009,0.574778,0.484773,-0.514148,0.481973,-0.518024,0.059859,0.139700,0.319874,0.114563
42.256750,0.409214,-0.417270,0.579181,-0.568313,0.426857,-0.434379,0.534621,-0.585908,-0.463999,0.440710,-0.510009,0.574778,0.484773,-0.514148,0.481973,-0.518024,0.059859,0.139700,0.319874,0.114563
42.530122,0.409214,-0.417270,0.579181,-0.568313,0.426857,-0.434379,0.534621,-0.585908,-0.463999,0.440710,-0.510009,0.574778,0.484773,-0.514148,0.481973,-0.518024,0.059859,0.139700,0.319874,0.114563
42.814081,0.409214,-0.417270,0.579181,-0.568313,0.426857,-0.434379,0.534621,-0.585908,-0.463999,0.440710,-0.510009,0.574778,0.484773,-0.514148,0.481973,-0.518024,0.059859,0.139700,0.319874,0.114563
43.085842,0.409214,-0.417270,0.579181,-0.568313,0.426857,-0.434379,0.534621,-0.585908,-0.463999,0.440710,-0.510009,0.574778,0.484773,-0.514148,0.481973,-0.518024,0.059859,0.139700,0.319874,0.114563
43.376180,0.409214,-0.417270,0.579181,-0.568313,0.426857,-0.434379,0.534621,-0.585908,-0.463999,0.440710,-0.510009,0.574778,0.484773,-0.514148,0.481973,-0.518024,0.059859,0.139700,0.319874,0.114563
43.650220,0.409214,-0.417270,0.579181,-0.568313,0.426857,-0.434379,0.534621,-0.585908,-0.463999,0.440710,-0.510009,0.574778,0.484773,-0.514148,0.481973,-0.518024,0.059859,0.139700,0.319874,0.114563
43.936960,0.409214,-0.417270,0.579181,-0.568313,0.426857,-0.434379,0.534621,-0.585908,-0.463999,0.440710,-0.510009,0.574778,0.484773,-0.514148,0.481973,-0.518024,0.059859,0.139700,0.319874,0.114563
44.206496,0.409214,-0.417270,0.579181,-0.568313,0.426857,-0.434379,0.534621,-0.585908,-0.463999,0.440710,-0.510009,0.574778,0.484773,-0.514148,0.481973,-0.518024,0.059859,0.139700,0.319874,0.114563
44.488441,0.409214,-0.417270,0.579181,-0.568313,0.426857,-0.434379,0.534621,-0.585908,-0.463999,0.440710,-0.510009,0.574778,0.484773,-0.514148,0.481973,-0.518024,0.059859,0.139700,0.319874,0.114563
44.767093,0.409214,-0.417270,0.579181,-0.568313,0.426857,-0.434379,0.534621,-0.585908,-0.463999,0.440710,-0.510009,0.574778,0.484773,-0.514148,0.481973,-0.518024,0.059859,0.139700,0.319874,0.114563
45.028074,0.409214,-0.417270,0.579181,-0.568313,0.426857,-0.434379,0.534621,-0.585908,-0.477333,0.452106,-0.500965,0.562838,0.484773,-0.514148,0.481973,-0.518024,0.059859,0.185821,0.319874,0.114563
45.313839,0.409214,-0.417270,0.579181,-0.568313,0.494738,-0.503486,0.480060,-0.520844,-0.525788,0.498907,-0.461618,0.511416,0.468325,-0.494856,0.498631,-0.535869,0.317987,0.372674,0.249413,0.112218
45.586324,0.409214,-0.417270,0.579181,-0.568313,0.510342,-0.521312,0.460573,-0.505625,-0.544904,0.515107,-0.440044,0.494070,0.477990,-0.507775,0.487564,-0.525331,0.385920,0.446727,0.293681,0.418244
45.873332,0.409214,-0.417270,0.579181,-0.568313,0.511378,-0.520338,0.461599,-0.504646,-0.548419,0.518045,-0.437569,0.489285,0.478526,-0.508309,0.488066,-0.523858,0.386064,0.460645,0.295837,0.426268
46.148323,0.409214,-0.417270,0.579181,-0.568313,0.517462,-0.525783,0.455328,-0.498459,-0.552413,0.521408,-0.433497,0.484824,0.484236,-0.513615,0.481483,-0.519509,0.410089,0.476613,0.317695,0.442825
46.430249,0.409214,-0.417270,0.579181,-0.568313,0.515443,-0.523977,0.457425,-0.500529,-0.550936,0.520191,-0.433953,0.487396,0.482698,-0.512210,0.484012,-0.519977,0.402083,0.470720,0.311862,0.432906
46.707650,0.409214,-0.417270,0.579181,-0.568313,0.515443,-0.523977,0.457425,-0.500529,-0.550421,0.519731,-0.435536,0.487058,0.482162,-0.511676,0.483517,-0.521458,0.402083,0.468631,0.309691,0.434214
46.999703,0.409214,-0.417270,0.579181,-0.568313,0.445611,-0.474417,0.504998,-0.566865,-0.480589,0.477240,-0.478323,0.559001,0.433153,-0.469376,0.520630,-0.566577,0.166808,0.238126,0.135054,0.271604
47.264863,0.409214,-0.417270,0.579181,-0.568313,0.420560,-0.430546,0.538550,-0.589681,-0.453863,0.432049,-0.518465,0.581838,0.384422,-0.409670,0.564976,-0.604311,0.041804,0.105308,-0.057161,0.092931
47.551784,0.409214,-0.417270,0.579181,-0.568313,0.420560,-0.430546,0.538550,-0.589681,-0.453863,0.432049,-0.518465,0.581838,0.384928,-0.410173,0.565650,-0.603017,0.041804,0.105308,-0.055368,0.092913
47.831257,0.409214,-0.417270,0.579181,-0.568313,0.420940,-0.428952,0.541106,-0.588229,-0.455241,0.429485,-0.519915,0.581366,0.386782,-0.411913,0.563349,-0.602798,0.039811,0.103505,-0.049280,0.093370
48.113720,0.409214,-0.417270,0.579181,-0.568313,0.422581,-0.428542,0.540631,-0.587789,-0.455241,0.429485,-0.519915,0.581366,0.386315,-0.411495,0.564701,-0.602118,0.042034,0.103505,-0.050729,0.093368
48.385504,0.409214,-0.417270,0.579181,-0.568313,0.422581,-0.428542,0.540631,-0.587789,-0.455241,0.429485,-0.519915,0.581366,0.386315,-0.411495,0.564701,-0.602118,0.042034,0.103505,-0.050729,0.094941
48.672738,0.409214,-0.417270,0.579181,-0.568313,0.422581,-0.428542,0.540631,-0.587789,-0.457369,0.429439,-0.520140,0.579526,0.386315,-0.411495,0.564701,-0.602118,0.042034,0.107499,-0.050729,0.097072
48.942953,0.409214,-0.417270,0.579181,-0.568313,0.423120,-0.429013,0.541287,-0.586452,-0.457369,0.429439,-0.520140,0.579526,0.386315,-0.411495,0.564701,-0.602118,0.043881,0.107499,-0.050729,0.097072
49.231239,0.409214,-0.417270,0.579181,-0.568313,0.422581,-0.428542,0.540631,-0.587789,-0.455770,0.429940,-0.520604,0.579997,0.387290,-0.412417,0.564019,-0.601499,0.042034,0.105339,-0.047476,0.096590
49.505427,0.409214,-0.417270,0.579181,-0.568313,0.433697,-0.444430,0.528956,-0.578442,-0.464532,0.441173,-0.510681,0.573395,0.403742,-0.429992,0.551541,-0.589832,0.090165,0.141581,0.011523,0.118992
49.795851,0.409214,-0.417270,0.579181,-0.568313,0.474038,-0.490563,0.494337,-0.538765,-0.500059,0.486350,-0.476013,0.535552,0.430611,-0.465099,0.524578,-0.568397,0.251807,0.294705,0.122533,0.275736
50.068681,0.409214,-0.417270,0.579181,-0.568313,0.488476,-0.501678,0.481991,-0.526683,-0.522917,0.502018,-0.458390,0.514212,0.437124,-0.467407,0.522994,-0.562966,0.301858,0.372683,0.138733,0.341090
50.353384,0.409214,-0.417270,0.579181,-0.568313,0.492225,-0.505040,0.479486,-0.522248,-0.527625,0.506034,-0.452921,0.510299,0.437124,-0.467407,0.522994,-0.562966,0.316045,0.390693,0.138733,0.359466
50.624482,0.409214,-0.417270,0.579181,-0.568313,0.506788,-0.516212,0.467282,-0.508271,-0.537863,0.512842,-0.442953,0.501487,0.470634,-0.502817,0.492530,-0.532065,0.368135,0.426562,0.269536,0.409423
50.911171,0.409214,-0.417270,0.579181,-0.568313,0.510887,-0.519886,0.463144,-0.504193,-0.539984,0.516473,-0.440971,0.497209,0.478556,-0.510248,0.486003,-0.523863,0.384144,0.438701,0.299775,0.412623
51.190873,0.409214,-0.417270,0.579181,-0.568313,0.514953,-0.523526,0.458977,-0.500084,-0.547017,0.520604,-0.433838,0.491455,0.483200,-0.512662,0.482489,-0.520481,0.400146,0.462785,0.313725,0.433191
51.471513,0.409214,-0.417270,0.579181,-0.568313,0.514953,-0.523526,0.458977,-0.500084,-0.547038,0.520607,-0.435944,0.489561,0.482720,-0.514141,0.481942,-0.519974,0.400146,0.462892,0.315802,0.433507
51.742787,0.409214,-0.417270,0.579181,-0.568313,0.515441,-0.522066,0.459513,-0.500615,-0.547038,0.520607,-0.435944,0.489561,0.482720,-0.514141,0.481942,-0.519974,0.398117,0.462892,0.315802,0.433507
52.033227,0.409214,-0.417270,0.579181,-0.568313,0.514953,-0.523526,0.458977,-0.500084,-0.547017,0.520604,-0.433838,0.491455,0.482720,-0.514141,0.481942,-0.519974,0.400146,0.462785,0.315802,0.435155
52.303809,0.409214,-0.417270,0.579181,-0.568313,0.514953,-0.523526,0.458977,-0.500084,-0.547017,0.520604,-0.433838,0.491455,0.482720,-0.514141,0.481942,-0.519974,0.400146,0.462785,0.315802,0.435155
52.593885,0.409214,-0.417270,0.579181,-0.568313,0.501094,-0.513026,0.469842,-0.514740,-0.539904,0.514564,-0.440948,0.499291,0.478556,-0.510248,0.486003,-0.523863,0.349958,0.434558,0.299775,0.414334
52.870688,0.409214,-0.417270,0.579181,-0.568313,0.458856,-0.482594,0.499748,-0.553901,-0.478002,0.476848,-0.479637,0.560427,0.446242,-0.477897,0.513391,-0.555799,0.207272,0.232326,0.175136,0.253012
53.151633,0.409214,-0.417270,0.579181,-0.568313,0.422967,-0.432721,0.538871,-0.586063,-0.453334,0.431590,-0.517776,0.583203,0.391023,-0.415967,0.561422,-0.599064,0.050052,0.103464,-0.034955,0.097009
53.431490,0.409214,-0.417270,0.579181,-0.568313,0.420473,-0.428524,0.542487,-0.587602,-0.453863,0.432049,-0.518465,0.581838,0.386820,-0.411998,0.565371,-0.600819,0.038283,0.105308,-0.048933,0.090826
53.741157,0.409214,-0.417270,0.579181,-0.568313,0.420473,-0.428524,0.542487,-0.587602,-0.453863,0.432049,-0.518465,0.581838,0.386820,-0.411998,0.565371,-0.600819,0.038283,0.105308,-0.048933,0.090826
54.002332,0.409214,-0.417270,0.579181,-0.568313,0.420473,-0.428524,0.542487,-0.587602,-0.453360,0.431597,-0.519876,0.581307,0.386615,-0.409827,0.565213,-0.602582,0.038283,0.103617,-0.053076,0.090841
54.273348,0.409214,-0.417270,0.579181,-0.568313,0.420779,-0.426881,0.543001,-0.588105,-0.453360,0.431597,-0.519876,0.581307,0.384758,-0.408084,0.567509,-0.602795,0.035962,0.103617,-0.059168,0.090863
54.543132,0.409214,-0.417270,0.579181,-0.568313,0.420779,-0.426881,0.543001,-0.588105,-0.453360,0.431597,-0.519876,0.581307,0.384460,-0.409755,0.566997,-0.602333,0.035962,0.103617,-0.056813,0.090863
54.834185,0.409214,-0.417270,0.579181,-0.568313,0.435175,-0.441945,0.530406,-0.577907,-0.460611,0.439690,-0.512863,0.575744,0.403077,-0.427413,0.552800,-0.590981,0.088470,0.131481,0.005828,0.170177
55.105697,0.409214,-0.417270,0.579181,-0.568313,0.487936,-0.499264,0.485536,-0.526221,-0.512397,0.494957,-0.466035,0.524669,0.447099,-0.474882,0.516491,-0.554821,0.296075,0.336685,0.171100,0.229463
55.397847,0.409214,-0.417270,0.579181,-0.568313,0.509333,-0.518505,0.463675,-0.506693,-0.540440,0.515032,-0.441483,0.497755,0.470055,-0.500326,0.494063,-0.533502,0.378052,0.436722,0.263470,0.405733
55.670028,0.409214,-0.417270,0.579181,-0.568313,0.511378,-0.520338,0.461599,-0.504646,-0.544493,0.518448,-0.437448,0.493333,0.470055,-0.500326,0.494063,-0.533502,0.386064,0.452717,0.263470,0.418384
55.952694,0.409214,-0.417270,0.579181,-0.568313,0.514953,-0.523526,0.458977,-0.500084,-0.547081,0.522499,-0.433850,0.489358,0.478556,-0.510248,0.486003,-0.523863,0.400146,0.466928,0.299775,0.431779
56.222550,0.409214,-0.417270,0.579181,-0.568313,0.515443,-0.523977,0.457425,-0.500529,-0.548979,0.520399,-0.433897,0.489427,0.478556,-0.510248,0.486003,-0.523863,0.402083,0.466753,0.299775,0.433203
56.513692,0.409214,-0.417270,0.579181,-0.568313,0.517464,-0.523877,0.457419,-0.498549,-0.549040,0.522292,-0.433907,0.487329,0.480616,-0.510263,0.486043,-0.521922,0.406123,0.470886,0.303849,0.438129
56.784113,0.409214,-0.417270,0.579181,-0.568313,0.507734,-0.517076,0.464226,-0.509247,-0.547017,0.520604,-0.433838,0.491455,0.478556,-0.510248,0.486003,-0.523863,0.371788,0.462785,0.299775,0.431779
57.073127,0.409214,-0.417270,0.579181,-0.568313,0.455066,-0.483016,0.498064,-0.558160,-0.474533,0.473954,-0.482408,0.563443,0.416023,-0.455158,0.532509,-0.579819,0.200814,0.220115,0.078028,0.208879
57.343440,0.409214,-0.417270,0.579181,-0.568313,0.428782,-0.436109,0.536316,-0.581653,-0.457838,0.433568,-0.518413,0.577625,0.386315,-0.411495,0.564701,-0.602118,0.066556,0.115564,-0.050729,0.110958
57.633968,0.409214,-0.417270,0.579181,-0.568313,0.424985,-0.430712,0.540949,-0.584165,-0.453639,0.429985,-0.520377,0.581836,0.380698,-0.406175,0.569558,-0.604727,0.050262,0.101344,-0.069343,0.092497
57.903761,0.409214,-0.417270,0.579181,-0.568313,0.422810,-0.430654,0.540772,-0.585947,-0.453639,0.429985,-0.520377,0.581836,0.380698,-0.406175,0.569558,-0.604727,0.046197,0.101344,-0.069343,0.090933
58.193197,0.409214,-0.417270,0.579181,-0.568313,0.424446,-0.430241,0.540296,-0.585507,-0.453639,0.429985,-0.520377,0.581836,0.380698,-0.406175,0.569558,-0.604727,0.048412,0.101344,-0.069343,0.090933
58.473052,0.409214,-0.417270,0.579181,-0.568313,0.424446,-0.430241,0.540296,-0.585507,-0.453134,0.429533,-0.521783,0.581303,0.380698,-0.406175,0.569558,-0.604727,0.048412,0.099654,-0.069343,0.090933
58.750981,0.409214,-0.417270,0.579181,-0.568313,0.425297,-0.429071,0.541464,-0.584669,-0.455541,0.427873,-0.522511,0.579990,0.380698,-0.406175,0.569558,-0.604727,0.047951,0.101372,-0.069343,0.094638
59.023350,0.409214,-0.417270,0.579181,-0.568313,0.425297,-0.429071,0.541464,-0.584669,-0.455541,0.427873,-0.522511,0.579990,0.380698,-0.406175,0.569558,-0.604727,0.047951,0.101372,-0.069343,0.094638
59.319828,0.409214,-0.417270,0.579181,-0.568313,0.425297,-0.429071,0.541464,-0.584669,-0.455541,0.427873,-0.522511,0.579990,0.380698,-0.406175,0.569558,-0.604727,0.047951,0.101372,-0.069343,0.094638
59.585763,0.409214,-0.417270,0.579181,-0.568313,0.441590,-0.447775,0.526466,-0.572126,-0.464322,0.439122,-0.512612,0.573416,0.382563,-0.407926,0.567269,-0.604523,0.110714,0.137608,-0.063248,0.118801
59.882191,0.409214,-0.417270,0.579181,-0.568313,0.464903,-0.486136,0.497489,-0.547760,-0.514963,0.495290,-0.466729,0.521214,0.436493,-0.464862,0.524393,-0.564260,0.225616,0.342732,0.132842,0.235313
