0.000000,-24.087733,39.579303,12.533978,77.827471,53.527397,45.570805,-69.531269,90.000630,20.466719,0.000000,0.000000,-90.000000
0.308342,-24.698796,39.556086,10.282868,77.670435,54.595561,45.996023,-69.264940,90.000650,20.733055,0.000000,0.000000,-90.000000
0.549321,-23.589740,40.664076,11.386146,77.253865,54.427644,45.599334,-68.674250,90.000702,21.323759,0.000000,0.000000,-90.000000
0.738641,-23.517456,40.480602,10.914899,77.720586,53.989612,45.350067,-69.084169,90.000672,20.913835,0.000000,0.000000,-90.000000
0.924108,-23.122708,39.807866,10.421878,77.449300,53.926074,45.675241,-69.566897,90.000619,20.431081,0.000000,0.000000,-90.000000
1.158744,-23.836887,39.577000,9.245075,77.145767,54.837139,46.263536,-68.564652,90.000643,21.433333,0.000000,0.000000,-90.000000
1.366859,-24.042933,39.536116,9.716108,77.887926,54.126255,45.613477,-69.225010,90.000627,20.772968,0.000000,0.000000,-90.000000
1.564115,-24.247528,39.326382,9.330452,77.762854,54.165810,45.872881,-69.422519,90.000629,20.575458,0.000000,0.000000,-90.000000
1.779523,-24.986596,39.289642,9.057916,77.995784,54.141535,45.908004,-69.300870,90.000639,20.697114,0.000000,0.000000,-90.000000
2.021057,-25.128409,39.523377,9.158477,77.919697,54.201598,46.001661,-69.189597,90.000638,20.808392,0.000000,0.000000,-90.000000
2.230486,-4.239134,7.989162,-39.985336,11.318624,13.322928,32.802882,-71.968316,90.000683,18.029509,0.000000,0.000000,-90.000000
2.406537,4.822683,8.612222,-36.679079,8.947016,12.430048,34.789040,-79.839291,90.000628,10.158371,0.000000,0.000000,-90.000000
2.645694,19.912721,10.786657,-36.272034,8.919165,13.022626,35.941321,-77.350389,90.000793,12.647364,0.000000,0.000000,-90.000000
2.841989,18.736825,9.543209,-36.622237,7.797551,12.327580,37.431671,-76.792218,90.000822,13.205528,0.000000,0.000000,-90.000000
3.060362,24.181336,8.095873,-33.484860,8.613117,13.232473,39.202730,-75.840141,90.000893,14.157606,0.000000,0.000000,-90.000000
3.275265,21.793561,8.104418,-29.243042,8.247126,13.215159,39.745667,-74.007359,90.000968,15.990405,0.000000,0.000000,-90.000000
3.518314,30.822334,8.961643,-35.549376,9.416045,8.010570,28.609114,-73.978365,90.000990,16.019399,0.000000,0.000000,-90.000000
3.738676,19.692644,130.770483,-68.428315,7.302058,12.979063,17.452866,-74.772398,90.000963,15.225359,0.000000,0.000000,-90.000000
3.947800,38.344758,160.403840,-43.972268,18.476613,8.705552,8.888462,-73.566636,90.001077,16.431118,0.000000,0.000000,-90.000000
4.178117,24.053332,54.672595,-46.425569,15.597360,18.495226,17.085525,-73.520029,90.001008,16.477742,0.000000,0.000000,-90.000000
4.400254,34.730091,16.133396,-32.565923,7.535962,14.967958,43.987671,-75.235453,90.000966,14.762277,0.000000,0.000000,-90.000000
4.605940,32.806130,10.073783,-24.800032,4.262634,14.397679,55.231288,-74.755907,90.001018,15.241818,0.000000,0.000000,-90.000000
4.814344,36.736236,10.550926,-25.147982,4.948195,14.010883,52.575797,-74.755907,90.001018,15.241818,0.000000,0.000000,-90.000000
4.987446,32.644902,9.808497,-25.816896,4.846969,13.623310,52.727267,-74.878747,90.001009,15.118973,0.000000,0.000000,-90.000000
5.214019,31.462396,9.535764,-26.014285,5.191675,13.584476,52.300016,-74.997270,90.000998,15.000453,0.000000,0.000000,-90.000000
5.448679,34.672460,10.836771,-28.960763,5.372165,11.525097,43.875256,-74.878747,90.001009,15.118973,0.000000,0.000000,-90.000000
5.662891,16.666687,83.599291,-67.107589,0.002843,17.755678,15.983807,-74.874012,90.000998,15.123718,0.000000,0.000000,-90.000000
5.861076,11.827600,137.596656,-84.536495,10.737114,7.382556,5.509501,-72.987577,90.001106,17.010191,0.000000,0.000000,-90.000000
6.069200,22.991785,162.458821,-73.390864,16.077310,6.763320,5.518373,-74.491091,90.001061,15.506637,0.000000,0.000000,-90.000000
6.294618,15.722176,122.926182,-79.508307,20.345413,16.025948,6.809450,-73.993276,90.001071,16.004479,0.000000,0.000000,-90.000000
6.507944,15.139091,54.388371,-72.098722,1.004638,14.072130,13.313828,-73.165085,90.001108,16.832698,0.000000,0.000000,-90.000000
6.741839,22.701439,17.567642,-82.044998,-7.984618,-1.562408,23.736622,-73.935864,90.001105,16.061900,0.000000,0.000000,-90.000000
6.968019,20.773028,18.118432,-80.137728,10.056712,7.182776,20.514870,-74.934902,90.001069,15.062859,0.000000,0.000000,-90.000000
7.248113,21.117695,21.403425,-80.583145,-2.353958,4.225737,20.141863,-74.118586,90.001118,15.879183,0.000000,0.000000,-90.000000
7.482610,26.620262,16.942555,-77.412626,5.181922,3.725936,17.989016,-74.028601,90.001116,15.969164,0.000000,0.000000,-90.000000
7.734034,22.385739,35.277363,-74.672501,2.838817,5.024812,16.578364,-74.511117,90.001075,15.486643,0.000000,0.000000,-90.000000
7.960679,15.167341,116.151453,-81.796652,-1.511387,8.530871,8.154363,-73.712412,90.001092,16.285367,0.000000,0.000000,-90.000000
8.153930,9.363660,153.526786,-99.486953,11.853204,4.495358,3.535367,-72.997432,90.001164,17.000346,0.000000,0.000000,-90.000000
8.372267,7.550043,161.138107,-103.174014,15.156013,3.471709,5.551038,-73.096897,90.001177,16.900874,0.000000,0.000000,-90.000000
8.582604,15.616802,132.260344,-78.823580,13.425509,10.146427,7.871627,-74.185093,90.001095,15.812658,0.000000,0.000000,-90.000000
8.780410,19.142539,75.959182,-65.884294,6.397576,15.038414,10.193443,-73.287361,90.001098,16.710416,0.000000,0.000000,-90.000000
8.979469,17.015209,40.630387,-66.305865,-7.287437,9.955647,10.395852,-71.988768,90.001189,18.009024,0.000000,0.000000,-90.000000
9.202393,25.317741,11.991094,-79.087145,-3.533491,0.630242,19.142561,-74.618730,90.001099,15.379011,0.000000,0.000000,-90.000000
9.404171,23.350799,12.522502,-78.182494,-4.144528,1.010059,18.419720,-74.826325,90.001090,15.171423,0.000000,0.000000,-90.000000
9.610813,24.551129,16.778092,-69.277536,2.188200,7.574850,21.091504,-73.911394,90.001127,16.086368,0.000000,0.000000,-90.000000
9.839586,28.030850,16.222941,-66.732359,1.691086,4.726820,21.965962,-74.368746,90.001109,15.629010,0.000000,0.000000,-90.000000
10.043328,24.813850,17.254843,-69.442995,1.703533,3.633455,18.559318,-74.269652,90.001096,15.728111,0.000000,0.000000,-90.000000
10.261313,12.928593,72.638179,-84.026515,13.993610,16.504984,11.208595,-74.752989,90.001055,15.244767,0.000000,0.000000,-90.000000
10.467432,13.887154,138.462730,-86.898787,8.125572,8.239762,7.678476,-74.261935,90.001085,15.735838,0.000000,0.000000,-90.000000
10.686538,27.549354,165.447569,-68.194813,6.604519,4.429244,6.331316,-74.768082,90.001077,15.229654,0.000000,0.000000,-90.000000
10.876497,25.329644,161.053402,-72.257500,0.245921,4.296432,11.811248,-75.008941,90.001056,14.988792,0.000000,0.000000,-90.000000
11.100464,20.353507,111.215281,-71.614345,9.017484,12.563967,8.668436,-74.688257,90.001021,15.309499,0.000000,0.000000,-90.000000
11.333771,13.762354,48.677519,-61.659311,-2.976959,16.334356,13.141964,-73.313419,90.001076,16.684358,0.000000,0.000000,-90.000000
11.560369,20.718417,15.129716,-57.689905,-7.850488,9.197040,24.960205,-75.851411,90.000984,14.146317,0.000000,0.000000,-90.000000
11.746566,29.427116,16.800630,-48.072337,6.278762,12.054314,27.365719,-76.520201,90.000956,13.477527,0.000000,0.000000,-90.000000
11.968641,38.261093,13.960587,-48.728425,3.648429,9.768049,26.294387,-75.243643,90.001025,14.754098,0.000000,0.000000,-90.000000
12.184239,32.156192,29.062505,-48.465867,9.574944,9.649932,22.305045,-75.250196,90.001036,14.747534,0.000000,0.000000,-90.000000
12.380147,23.779121,92.399521,-62.528963,10.678394,18.480800,12.469537,-74.446248,90.001051,15.551510,0.000000,0.000000,-90.000000
12.597385,24.195047,138.383870,-71.843075,2.677607,12.448867,10.140718,-74.177282,90.001084,15.820478,0.000000,0.000000,-90.000000
12.800101,19.904951,149.061941,-83.413027,5.708930,9.621774,10.097195,-74.185093,90.001095,15.812658,0.000000,0.000000,-90.000000
13.044843,20.080609,142.660460,-78.689913,5.288571,11.699549,12.303173,-75.125965,90.001045,14.871771,0.000000,0.000000,-90.000000
13.278942,21.988993,94.356378,-62.840643,14.661482,17.882763,10.566164,-74.962277,90.000999,15.035465,0.000000,0.000000,-90.000000
13.519313,19.937043,43.441193,-61.427025,-8.978499,15.428661,28.012405,-73.438649,90.001076,16.559121,0.000000,0.000000,-90.000000
13.725332,50.089167,10.475577,-53.613521,-4.560858,2.918103,24.998018,-74.823892,90.001043,15.173836,0.000000,0.000000,-90.000000
13.941372,31.783503,17.183710,-52.560545,3.057617,11.485504,30.888722,-74.909934,90.001044,15.087807,0.000000,0.000000,-90.000000
14.148360,31.769357,16.899581,-51.746961,0.170891,10.137938,31.402934,-74.209689,90.001073,15.788062,0.000000,0.000000,-90.000000
14.367103,24.942307,46.440977,-55.121992,-4.075346,16.901878,27.916087,-74.674967,90.001065,15.322767,0.000000,0.000000,-90.000000
14.547196,20.320431,92.310195,-67.875188,14.462092,16.985299,14.732514,-73.751874,90.001091,16.245885,0.000000,0.000000,-90.000000
14.770179,19.073531,144.033730,-78.944931,5.840984,12.420408,8.988404,-73.976545,90.001104,16.021199,0.000000,0.000000,-90.000000
14.986163,16.371861,155.372718,-87.816908,8.253024,10.155293,8.897966,-74.225344,90.001094,15.772387,0.000000,0.000000,-90.000000
15.182854,17.806870,147.301929,-81.695193,13.404455,12.536818,9.137708,-75.040690,90.001045,14.957033,0.000000,0.000000,-90.000000
15.423845,21.262911,103.591361,-66.495771,6.782127,21.263899,11.208522,-75.059469,90.001011,14.938267,0.000000,0.000000,-90.000000
15.638753,15.360318,40.431510,-60.189129,14.671412,19.394561,11.484485,-73.560808,90.001066,16.436955,0.000000,0.000000,-90.000000
15.865309,39.424717,7.872747,-50.863256,-0.764992,8.171801,30.455282,-75.002360,90.001009,14.995353,0.000000,0.000000,-90.000000
16.054609,32.135973,16.019874,-41.649789,6.330209,14.040251,30.025827,-76.496314,90.000932,13.501383,0.000000,0.000000,-90.000000
16.279043,39.709892,15.064685,-40.771069,1.207975,11.592745,35.464765,-75.943023,90.000949,14.054677,0.000000,0.000000,-90.000000
16.512245,39.799663,14.072842,-39.735342,2.275162,11.122250,39.051817,-75.918085,90.000971,14.079614,0.000000,0.000000,-90.000000
16.722895,39.123731,13.999339,-39.223674,10.297316,9.273038,25.924039,-75.918085,90.000971,14.079614,0.000000,0.000000,-90.000000
16.948372,39.123731,13.999339,-39.223674,76.757930,-11.665999,20.355711,-75.918085,90.000971,14.079614,0.000000,0.000000,-90.000000
17.188996,15.803751,141.565759,-85.554416,2.608881,10.914241,11.066688,-74.731546,90.001041,15.266179,0.000000,0.000000,-90.000000
17.426173,11.333742,156.909612,-97.799908,7.109025,7.253284,8.453648,-75.529551,90.001014,14.468156,0.000000,0.000000,-90.000000
17.675047,16.370267,141.098028,-80.571678,14.417308,12.115793,8.125048,-76.709580,90.000944,13.288112,0.000000,0.000000,-90.000000
17.887689,20.231124,96.473605,-61.472318,13.000713,18.175023,11.894890,-77.069831,90.000891,12.927874,0.000000,0.000000,-90.000000
18.137227,20.161432,39.047041,-54.112964,-1.191238,15.333345,25.807403,-75.666907,90.000970,14.330815,0.000000,0.000000,-90.000000
18.355544,33.677050,15.787263,-50.259120,-0.406582,10.617630,33.889416,-76.129598,90.000962,13.868108,0.000000,0.000000,-90.000000
18.578314,39.775895,12.562706,-31.096693,4.970373,14.942292,40.652585,-76.129598,90.000962,13.868108,0.000000,0.000000,-90.000000
18.829658,37.487930,13.504673,-33.927845,5.357661,9.186523,30.084437,-75.671511,90.000981,14.326201,0.000000,0.000000,-90.000000
19.055528,27.677385,29.614072,-43.821583,8.725204,13.508015,27.573946,-75.913331,90.000961,14.084378,0.000000,0.000000,-90.000000
19.271469,24.040397,72.807072,-57.464917,2.255449,19.466659,21.676494,-75.913331,90.000961,14.084378,0.000000,0.000000,-90.000000
19.481012,18.403736,114.881609,-68.549996,7.376946,16.700797,12.556876,-74.725373,90.001030,15.272362,0.000000,0.000000,-90.000000
19.687632,11.327690,142.263160,-85.160152,13.885792,12.711149,7.677604,-75.987689,90.000996,14.010012,0.000000,0.000000,-90.000000
19.944507,7.975673,145.828194,-90.993623,18.351821,13.724261,7.071482,-76.904473,90.000958,13.093215,0.000000,0.000000,-90.000000
20.160835,12.910652,132.649349,-78.004818,12.760462,14.240469,12.787325,-77.378809,90.000916,12.618884,0.000000,0.000000,-90.000000
20.378306,16.034818,87.442222,-66.493044,10.951386,14.673843,16.495004,-76.701205,90.000922,13.296508,0.000000,0.000000,-90.000000
20.576462,17.768876,46.659761,-63.464678,4.613332,10.113733,21.309787,-76.093978,90.000963,13.903747,0.000000,0.000000,-90.000000
20.820583,23.102966,19.819120,-68.373001,-1.629623,5.462246,31.503161,-77.590033,90.000907,12.407667,0.000000,0.000000,-90.000000
21.043716,34.550004,15.314328,-61.564655,2.449081,4.214678,33.199321,-77.590033,90.000907,12.407667,0.000000,0.000000,-90.000000
21.297594,34.775056,15.720365,-59.691486,-2.660450,2.588252,27.978862,-77.131895,90.000926,12.865811,0.000000,0.000000,-90.000000
21.543066,25.363117,24.925673,-61.951201,-1.381219,4.695404,25.836492,-77.352747,90.000917,12.644956,0.000000,0.000000,-90.000000
21.742925,21.029314,51.826517,-65.299807,7.240002,9.789603,20.728923,-77.833047,90.000886,12.164650,0.000000,0.000000,-90.000000
21.953756,17.352895,109.570543,-75.805703,1.010539,10.591884,18.690974,-76.336910,90.000943,13.660812,0.000000,0.000000,-90.000000
22.164335,13.699886,139.338116,-88.522018,12.121269,12.301079,10.378715,-76.772960,90.000957,13.224745,0.000000,0.000000,-90.000000
22.383974,12.532752,146.244608,-93.511994,18.246153,11.959422,7.282269,-77.689616,90.000919,12.308077,0.000000,0.000000,-90.000000
22.610381,12.755069,127.605298,-83.798431,21.489811,12.923794,8.029796,-77.231219,90.000938,12.766479,0.000000,0.000000,-90.000000
22.833104,15.476767,87.055062,-75.492381,14.003922,14.219041,8.452402,-76.916508,90.000924,13.081201,0.000000,0.000000,-90.000000
23.067060,18.511409,41.518310,-70.845231,-1.581791,10.061614,11.603789,-76.920786,90.000935,13.076913,0.000000,0.000000,-90.000000
23.295602,26.869452,13.459289,-58.525585,3.815421,5.105909,24.028046,-77.594640,90.000918,12.403049,0.000000,0.000000,-90.000000
23.527733,25.703806,14.446183,-57.773579,10.678923,8.457990,24.520913,-77.937252,90.000909,12.060427,0.000000,0.000000,-90.000000
23.765159,25.814746,19.950539,-55.309926,4.269024,7.429767,22.780943,-77.262516,90.000926,12.735173,0.000000,0.000000,-90.000000
23.978665,24.178734,53.446805,-58.881041,7.679719,13.072667,19.620168,-77.716594,90.000897,12.281100,0.000000,0.000000,-90.000000
24.191340,19.953291,104.592636,-69.352836,0.798060,14.540079,15.200280,-76.799392,90.000935,13.198314,0.000000,0.000000,-90.000000
24.417650,14.072733,136.345722,-85.247728,1.398770,11.379218,10.006493,-76.440042,90.000966,13.557663,0.000000,0.000000,-90.000000
24.607104,13.541339,145.901168,-87.886566,10.373330,12.889533,5.823423,-78.395780,90.000890,11.601893,0.000000,0.000000,-90.000000
24.798985,16.457188,138.405500,-80.561985,13.563484,13.757006,6.823772,-78.541979,90.000868,11.455689,0.000000,0.000000,-90.000000
24.989709,18.003809,112.856503,-70.354949,12.763437,18.725004,8.586680,-78.079619,90.000876,11.918065,0.000000,0.000000,-90.000000
25.205823,18.485254,59.625156,-56.632111,14.207058,18.480997,15.062410,-76.556943,90.000955,13.440765,0.000000,0.000000,-90.000000
25.432939,21.663403,33.095122,-55.689042,-15.300930,10.957544,30.332911,-76.531011,90.000978,13.466696,0.000000,0.000000,-90.000000
25.654520,36.753150,10.508236,-31.355864,1.520177,15.080728,41.148822,-77.447243,90.000940,12.550452,0.000000,0.000000,-90.000000
25.856674,40.409277,10.980421,-29.712965,2.896787,11.560210,31.589826,-77.111028,90.000959,12.886666,0.000000,0.000000,-90.000000
26.069592,37.172880,11.558631,-31.632951,5.523660,8.071100,22.731132,-77.689616,90.000919,12.308077,0.000000,0.000000,-90.000000
26.304424,24.462891,78.183031,-61.337787,-5.233523,18.035667,22.237390,-77.811862,90.000898,12.185834,0.000000,0.000000,-90.000000
26.523219,20.417995,125.165279,-75.593103,-4.612768,13.293701,14.210674,-76.650923,90.000957,13.346788,0.000000,0.000000,-90.000000
26.749735,14.033913,149.604897,-95.097834,3.750413,9.439157,8.144504,-77.695228,90.000930,12.302453,0.000000,0.000000,-90.000000
26.961905,15.271730,149.012552,-89.372396,7.781130,11.867963,6.045166,-78.516007,90.000890,11.481659,0.000000,0.000000,-90.000000
27.181485,20.585365,128.362532,-71.254664,7.671872,16.210306,7.581689,-78.322603,90.000855,11.675079,0.000000,0.000000,-90.000000
27.409808,23.136730,83.233001,-63.497094,-4.933768,18.664024,15.573208,-78.223996,90.000843,11.773693,0.000000,0.000000,-90.000000
27.679599,26.476015,45.442147,-60.241109,-20.944507,11.433373,19.627100,-78.449502,90.000845,11.548175,0.000000,0.000000,-90.000000
27.882896,43.642756,18.387023,-59.024102,-7.379985,3.299547,32.219354,-78.996627,90.000838,11.001047,0.000000,0.000000,-90.000000
28.119479,39.707263,19.861113,-59.693924,-5.740612,4.859738,34.159189,-78.753608,90.000859,11.244067,0.000000,0.000000,-90.000000
28.329530,41.222785,19.168673,-59.085641,-7.404661,2.538524,30.043945,-78.391044,90.000880,11.606640,0.000000,0.000000,-90.000000
28.521224,38.393580,21.205666,-61.416315,-2.948050,3.104819,31.512266,-78.391044,90.000880,11.606640,0.000000,0.000000,-90.000000
28.728661,28.473996,62.852226,-63.274034,7.042866,15.629104,16.042397,-78.295234,90.000878,11.702447,0.000000,0.000000,-90.000000
28.936385,25.678644,114.668352,-69.468505,3.454929,15.189923,7.224357,-77.932332,90.000899,12.065358,0.000000,0.000000,-90.000000
29.135220,24.097591,138.236525,-74.326155,5.361991,12.952085,2.044545,-77.937252,90.000909,12.060427,0.000000,0.000000,-90.000000
29.351249,22.596343,139.849527,-74.273600,12.763761,15.537815,-0.655643,-78.758018,90.000870,11.239646,0.000000,0.000000,-90.000000
29.564980,23.066911,120.924095,-69.850967,12.536917,17.522332,3.375901,-78.814438,90.000835,11.183219,0.000000,0.000000,-90.000000
29.785571,24.276513,69.601620,-61.289115,2.822184,21.583776,16.502741,-77.894239,90.000863,12.103440,0.000000,0.000000,-90.000000
29.997752,25.188570,31.980869,-54.711049,-5.154629,12.804329,27.542186,-77.530012,90.000904,12.467665,0.000000,0.000000,-90.000000
30.227871,35.007581,16.238314,-48.093400,-1.054949,9.515646,35.199487,-78.784455,90.000847,11.213212,0.000000,0.000000,-90.000000
30.464453,34.865822,19.540107,-44.856226,1.309382,12.177591,37.931227,-78.753608,90.000859,11.244067,0.000000,0.000000,-90.000000
30.684161,33.726373,32.218407,-45.260668,0.870858,14.577954,32.576284,-78.541979,90.000868,11.455689,0.000000,0.000000,-90.000000
30.903587,28.807983,66.721020,-54.602406,13.506339,18.247769,19.280918,-78.538075,90.000857,11.459604,0.000000,0.000000,-90.000000
31.122690,20.537495,120.525547,-73.678089,0.261153,18.066723,13.011765,-76.804163,90.000945,13.193533,0.000000,0.000000,-90.000000
31.339688,8.959485,146.671334,-97.497935,4.695446,11.917672,7.499420,-76.693706,90.000967,13.303976,0.000000,0.000000,-90.000000
31.560283,10.301010,145.794057,-94.546866,12.814391,14.670494,6.502982,-77.973522,90.000908,12.024137,0.000000,0.000000,-90.000000
31.813334,20.835507,118.722476,-72.483958,9.109777,14.964836,9.223495,-78.422306,90.000868,11.575370,0.000000,0.000000,-90.000000
32.050900,28.034414,56.527774,-60.234168,4.253007,15.597068,19.451769,-78.110084,90.000864,11.887592,0.000000,0.000000,-90.000000
32.299014,40.529019,17.807955,-64.257480,-1.292496,6.326704,25.581723,-78.541979,90.000868,11.455689,0.000000,0.000000,-90.000000
32.516896,36.012513,17.665939,-63.662570,-5.368820,1.558586,31.197102,-78.083702,90.000887,11.913972,0.000000,0.000000,-90.000000
32.732632,36.168884,17.665945,-63.506283,5.051030,8.058731,34.674217,-78.239993,90.000865,11.757666,0.000000,0.000000,-90.000000
32.975628,27.170922,59.378774,-62.166525,-2.153955,16.318612,26.863147,-76.434195,90.000929,13.563479,0.000000,0.000000,-90.000000
33.216444,15.576541,104.850063,-79.592852,8.774098,16.622200,15.067651,-74.579537,90.001027,15.418163,0.000000,0.000000,-90.000000
33.411892,5.760207,137.331992,-99.396357,8.979715,14.600352,8.596286,-74.707582,90.001028,15.290101,0.000000,0.000000,-90.000000
33.604130,3.772181,141.602594,-103.455434,15.349656,14.684094,5.919497,-75.500970,90.001000,14.496706,0.000000,0.000000,-90.000000
33.801445,7.516325,132.951115,-94.607029,15.554536,15.430424,6.639992,-75.472493,90.001012,14.525192,0.000000,0.000000,-90.000000
34.048582,10.863762,85.321577,-75.151315,3.054451,22.895296,14.600147,-73.968783,90.001057,16.028941,0.000000,0.000000,-90.000000
34.357520,9.061413,32.743335,-62.693683,3.132663,17.647329,25.416636,-73.397526,90.001096,16.600201,0.000000,0.000000,-90.000000
34.593941,27.530076,16.118174,-41.341736,4.647598,12.191643,39.347156,-76.358396,90.000986,13.639285,0.000000,0.000000,-90.000000
34.820722,28.885797,18.212842,-44.759925,10.312268,11.439409,31.677949,-76.351754,90.000975,13.645937,0.000000,0.000000,-90.000000
35.048564,21.886517,62.198653,-58.462095,14.952592,18.660822,18.649967,-75.559732,90.001003,14.437966,0.000000,0.000000,-90.000000
35.293395,15.801432,107.878218,-74.605840,15.850275,15.559832,8.055416,-74.156330,90.001070,15.841399,0.000000,0.000000,-90.000000
35.497868,8.688735,138.886838,-96.511315,15.439740,11.031205,2.888939,-75.195018,90.001023,14.802690,0.000000,0.000000,-90.000000
35.692059,-0.601043,147.933317,-115.653075,18.039105,11.272962,0.128349,-75.900699,90.001005,14.096988,0.000000,0.000000,-90.000000
35.880378,3.524204,140.389886,-104.889266,19.674738,11.903550,0.793391,-76.809784,90.000956,13.187901,0.000000,0.000000,-90.000000
36.107146,15.589123,119.207444,-78.756896,5.131843,15.593726,9.171280,-77.292960,90.000915,12.704720,0.000000,0.000000,-90.000000
36.325883,21.562847,72.164253,-57.708838,10.680057,14.974267,11.827121,-76.799392,90.000935,13.198314,0.000000,0.000000,-90.000000
36.540599,21.960853,34.781375,-53.501962,7.503530,9.275040,20.299927,-75.739853,90.001005,14.257861,0.000000,0.000000,-90.000000
36.762547,24.217541,16.094956,-45.503387,5.564047,10.084073,28.287646,-76.778940,90.000968,13.218754,0.000000,0.000000,-90.000000
37.021941,29.309904,13.632047,-38.664345,12.089185,10.448429,27.074146,-78.510910,90.000880,11.486767,0.000000,0.000000,-90.000000
37.206385,31.089983,13.714704,-38.773760,7.480403,10.999951,27.212027,-78.395780,90.000890,11.601893,0.000000,0.000000,-90.000000
37.401758,32.304205,13.063299,-37.406224,8.131413,9.818929,24.996206,-78.510910,90.000880,11.486767,0.000000,0.000000,-90.000000
37.590257,29.002404,40.677728,-46.755075,2.797219,13.438444,21.390701,-79.427563,90.000841,10.570103,0.000000,0.000000,-90.000000
37.821460,24.487281,96.002589,-64.194761,14.314511,12.564228,12.495778,-78.721900,90.000871,11.275784,0.000000,0.000000,-90.000000
38.044566,18.386283,132.747735,-79.213132,11.520519,13.089876,8.537012,-78.363995,90.000902,11.633688,0.000000,0.000000,-90.000000
38.255981,16.315817,135.764765,-85.881003,13.085723,11.734224,7.979643,-78.859820,90.000882,11.137837,0.000000,0.000000,-90.000000
38.461708,16.694337,133.727950,-82.282231,14.965594,12.994603,8.437435,-78.854407,90.000871,11.143261,0.000000,0.000000,-90.000000
38.645501,18.834839,111.214553,-68.839226,15.494131,15.209847,10.999023,-79.340180,90.000830,10.657484,0.000000,0.000000,-90.000000
38.874621,23.493154,57.514232,-54.157913,-2.592920,16.205580,20.672507,-78.993767,90.000827,11.003917,0.000000,0.000000,-90.000000
39.095129,38.259436,12.175350,-44.906367,5.912315,7.235477,23.961445,-79.097136,90.000850,10.900530,0.000000,0.000000,-90.000000
39.281616,23.786745,7.178789,-33.087212,9.295172,13.665037,33.888285,-78.854407,90.000871,11.143261,0.000000,0.000000,-90.000000
39.537619,27.468329,8.350951,-36.890644,9.495591,9.481615,26.241302,-78.758018,90.000870,11.239646,0.000000,0.000000,-90.000000
39.741261,27.011806,23.503953,-42.139449,15.956920,10.835652,20.812050,-78.784455,90.000847,11.213212,0.000000,0.000000,-90.000000
39.937917,26.239331,70.977532,-51.749008,6.955611,14.568769,16.352746,-79.027244,90.000826,10.970421,0.000000,0.000000,-90.000000
40.177956,22.573574,118.487167,-66.605267,3.169487,12.766820,13.119261,-77.509580,90.000917,12.488097,0.000000,0.000000,-90.000000
40.369983,21.500509,138.650340,-72.238695,5.111561,8.884869,10.504295,-77.847361,90.000918,12.150305,0.000000,0.000000,-90.000000
40.592822,23.217308,137.576126,-68.695741,8.940917,10.760530,9.567313,-78.190648,90.000910,11.807008,0.000000,0.000000,-90.000000
40.821331,24.137943,123.809568,-62.271621,7.641560,11.725052,10.823815,-78.401376,90.000901,11.596287,0.000000,0.000000,-90.000000
41.049000,25.381641,85.092820,-55.283774,10.586182,11.874482,12.794510,-78.395780,90.000890,11.601893,0.000000,0.000000,-90.000000
41.244129,27.081971,47.698544,-50.130764,-2.338085,10.964139,22.078048,-78.026502,90.000921,11.971180,0.000000,0.000000,-90.000000
41.434665,33.661055,16.239997,-46.078882,5.303373,7.253197,22.366143,-78.586340,90.000914,11.411328,0.000000,0.000000,-90.000000
41.638294,38.510399,12.498103,-44.601221,2.886482,11.493250,32.692649,-78.376716,90.000923,11.620945,0.000000,0.000000,-90.000000
41.862651,54.209098,11.750564,-44.991164,2.114754,6.069759,25.774569,-78.376716,90.000923,11.620945,0.000000,0.000000,-90.000000
42.107101,52.256263,11.850439,-43.822975,1.082695,5.493755,27.065461,-78.376716,90.000923,11.620945,0.000000,0.000000,-90.000000
42.352028,48.349272,11.395003,-46.842370,-0.076243,5.661046,29.116950,-78.255500,90.000923,11.742168,0.000000,0.000000,-90.000000
42.569648,38.634292,15.028012,-46.325358,3.822256,5.921287,29.941919,-78.369926,90.000913,11.627745,0.000000,0.000000,-90.000000
42.803101,19.190881,64.174034,-62.265988,2.222850,16.038333,22.646598,-76.321013,90.000987,13.676687,0.000000,0.000000,-90.000000
43.057263,16.511446,115.916188,-73.844058,6.019462,12.292954,15.197711,-77.212222,90.000971,12.785464,0.000000,0.000000,-90.000000
43.294202,14.171582,136.442406,-81.522248,9.569105,9.731966,11.823586,-77.796919,90.000942,12.200755,0.000000,0.000000,-90.000000
43.517601,13.647191,138.734684,-82.220510,11.603034,10.973906,10.676893,-78.128189,90.000933,11.869485,0.000000,0.000000,-90.000000
43.749528,17.254779,121.936950,-73.383426,12.076720,11.669183,13.073388,-78.369926,90.000913,11.627745,0.000000,0.000000,-90.000000
43.975629,21.444849,78.010566,-63.154055,11.970223,12.658893,12.810353,-78.153562,90.000911,11.844114,0.000000,0.000000,-90.000000
44.205677,22.757531,35.131792,-54.785585,11.160023,11.252090,18.157444,-77.911681,90.000932,12.085997,0.000000,0.000000,-90.000000
44.439826,43.459383,9.726062,-47.701463,4.204714,5.614586,27.464102,-78.828272,90.000894,11.169394,0.000000,0.000000,-90.000000
44.660810,33.827999,14.139272,-44.559999,9.969041,7.009767,22.942151,-79.065482,90.000862,10.932193,0.000000,0.000000,-90.000000
44.891120,44.838053,15.042012,-45.935213,7.114542,5.572118,20.940166,-78.606761,90.000881,11.390919,0.000000,0.000000,-90.000000
45.125121,46.463929,14.851533,-46.891666,7.021262,5.089016,19.581133,-77.937252,90.000909,12.060427,0.000000,0.000000,-90.000000
45.367911,42.294437,13.319923,-48.609589,6.365613,5.025040,19.142706,-77.136686,90.000937,12.861010,0.000000,0.000000,-90.000000
45.615469,44.766001,12.244761,-50.499545,6.105398,5.052027,15.596362,-76.898693,90.000947,13.099006,0.000000,0.000000,-90.000000
45.813882,46.111663,10.792375,-51.563272,7.521350,4.689995,13.456255,-75.523239,90.001003,14.474479,0.000000,0.000000,-90.000000
46.042668,45.641153,12.258954,-52.656665,3.196947,-0.798796,-0.642823,-73.475413,90.001076,16.522338,0.000000,0.000000,-90.000000
46.271182,45.641153,12.258954,-52.656665,3.181114,-1.038788,-2.072826,-73.475413,90.001076,16.522338,0.000000,0.000000,-90.000000
46.464581,55.505938,8.840938,-28.150556,4.502417,6.922004,58.138005,-74.390616,90.001039,15.607120,0.000000,0.000000,-90.000000
46.688942,54.712749,8.765259,-26.680832,3.860673,6.602462,60.637658,-74.390616,90.001039,15.607120,0.000000,0.000000,-90.000000
46.914584,52.157513,8.436646,-25.196118,1.799554,7.175996,59.930632,-74.241263,90.001061,15.756479,0.000000,0.000000,-90.000000
47.164124,52.157513,8.436646,-25.196118,-0.085347,6.984560,54.472407,-74.241263,90.001061,15.756479,0.000000,0.000000,-90.000000
47.398859,52.157513,8.436646,-25.196118,-0.316800,7.334256,54.145961,-74.241263,90.001061,15.756479,0.000000,0.000000,-90.000000
47.642399,52.157513,8.436646,-25.196118,-0.013468,7.299821,54.434342,-74.241263,90.001061,15.756479,0.000000,0.000000,-90.000000
47.837512,47.299532,6.335353,-16.432292,3.325034,7.097371,46.985964,-75.609215,90.001004,14.388516,0.000000,0.000000,-90.000000
48.089961,48.693948,6.307783,-15.624770,3.051878,7.080544,46.891456,-75.275603,90.001013,14.722128,0.000000,0.000000,-90.000000
48.303220,33.733820,10.301697,-17.533117,4.357243,6.564441,46.233030,-75.182978,90.001011,14.814750,0.000000,0.000000,-90.000000
48.492448,20.323633,51.901804,-29.409936,1.419291,13.305189,47.084388,-75.882794,90.000972,14.114925,0.000000,0.000000,-90.000000
48.685993,18.197240,86.842804,-39.465157,8.408489,4.708354,44.789593,-75.424757,90.000991,14.572969,0.000000,0.000000,-90.000000
48.882839,15.671380,118.293609,-53.290981,6.142927,3.638978,43.438033,-76.229060,90.000975,13.768638,0.000000,0.000000,-90.000000
49.157321,11.405753,133.067691,-69.701773,5.775973,6.137420,40.834339,-76.562408,90.000966,13.435290,0.000000,0.000000,-90.000000
49.361719,13.614236,131.928360,-66.212369,7.192171,7.039303,40.097193,-77.237016,90.000949,12.760671,0.000000,0.000000,-90.000000
49.581156,17.683169,116.681070,-55.656552,11.974250,8.017309,36.089666,-77.790299,90.000932,12.207386,0.000000,0.000000,-90.000000
49.836113,22.008972,66.519978,-47.086922,11.664397,10.613073,38.100741,-77.810540,90.000919,12.187145,0.000000,0.000000,-90.000000
50.040320,23.557637,28.675217,-34.226127,7.165543,13.346227,44.710639,-77.262516,90.000926,12.735173,0.000000,0.000000,-90.000000
50.269978,35.656609,7.054705,-24.205022,7.127851,8.320652,45.737260,-78.306588,90.000878,11.691083,0.000000,0.000000,-90.000000
50.529737,35.400912,9.500658,-16.084034,7.245747,9.094352,47.400124,-78.881201,90.000849,11.116469,0.000000,0.000000,-90.000000
50.794314,31.952435,8.612675,-14.579975,7.872550,10.408396,46.347056,-78.881201,90.000849,11.116469,0.000000,0.000000,-90.000000
51.027283,31.123820,8.277538,-14.531420,7.562695,10.506900,46.653492,-78.753608,90.000859,11.244067,0.000000,0.000000,-90.000000
51.236951,29.683693,8.083275,-13.988028,7.413928,10.506654,46.552846,-78.638329,90.000869,11.359343,0.000000,0.000000,-90.000000
51.468521,29.656820,7.850348,-13.811405,7.546453,10.727993,46.708562,-78.638329,90.000869,11.359343,0.000000,0.000000,-90.000000
51.715746,31.827115,8.183563,-14.370013,7.166967,10.971441,46.294925,-78.422306,90.000868,11.575370,0.000000,0.000000,-90.000000
51.936372,36.497690,8.068979,-14.029868,7.065167,10.799002,46.745041,-79.242997,90.000828,10.754664,0.000000,0.000000,-90.000000
52.199004,36.497690,8.068979,-14.029868,6.826661,10.984485,46.289699,-79.242997,90.000828,10.754664,0.000000,0.000000,-90.000000
52.388487,35.695655,7.935362,-14.015946,6.812737,10.859333,46.101222,-79.246901,90.000839,10.750749,0.000000,0.000000,-90.000000
52.615447,34.464786,7.711070,-13.471022,7.070811,11.002559,45.646662,-79.458801,90.000830,10.538856,0.000000,0.000000,-90.000000
52.801649,37.068709,9.857770,-23.070877,5.404675,9.577975,39.987109,-79.586890,90.000819,10.410761,0.000000,0.000000,-90.000000
53.028133,32.361618,34.043727,-39.179492,11.425932,9.203006,18.999149,-79.917317,90.000810,10.080335,0.000000,0.000000,-90.000000
53.250452,25.647528,89.389087,-60.191502,3.969908,8.044336,13.140260,-78.881201,90.000849,11.116469,0.000000,0.000000,-90.000000
53.447888,18.961154,126.808952,-71.808656,11.102607,6.963010,11.530902,-78.516007,90.000890,11.481659,0.000000,0.000000,-90.000000
53.680790,21.773505,157.550896,-79.380464,11.034745,7.268984,11.264821,-79.870971,90.000866,10.126665,0.000000,0.000000,-90.000000
53.908713,24.226481,141.304023,-64.698382,16.520365,10.847514,9.400931,-80.458111,90.000836,9.539515,0.000000,0.000000,-90.000000
54.130876,20.965772,93.548797,-56.386207,14.712096,15.303309,14.600827,-78.822529,90.000883,11.175147,0.000000,0.000000,-90.000000
54.354166,20.462892,38.406277,-47.885389,-1.527996,14.441231,26.276014,-77.670145,90.000952,12.327535,0.000000,0.000000,-90.000000
54.580780,20.462892,38.406277,-47.885389,-25.892748,24.177289,45.136260,-77.670145,90.000952,12.327535,0.000000,0.000000,-90.000000
54.819502,20.462892,38.406277,-47.885389,-28.356758,21.864831,67.499404,-77.670145,90.000952,12.327535,0.000000,0.000000,-90.000000
55.055422,20.462892,38.406277,-47.885389,-30.527353,21.627028,79.178806,-77.670145,90.000952,12.327535,0.000000,0.000000,-90.000000
55.298537,44.499246,9.346788,-14.789560,2.006710,8.805279,46.696283,-79.993358,90.000845,10.004284,0.000000,0.000000,-90.000000
55.509279,45.658396,9.267191,-14.379672,2.184646,9.409269,49.438746,-80.235595,90.000824,9.762045,0.000000,0.000000,-90.000000
55.738565,43.747437,10.410837,-17.176017,2.275343,8.714457,44.352771,-80.596059,90.000803,9.401573,0.000000,0.000000,-90.000000
55.948086,34.932615,38.070383,-40.882380,6.701689,13.178819,22.685426,-81.166934,90.000773,8.830697,0.000000,0.000000,-90.000000
56.173751,29.363377,94.764964,-58.470390,13.514823,11.365765,19.189480,-81.018197,90.000785,8.979450,0.000000,0.000000,-90.000000
56.399969,26.538953,138.886252,-70.485983,8.448826,9.440341,17.833772,-80.177404,90.000858,9.820243,0.000000,0.000000,-90.000000
56.615045,27.456695,148.345465,-69.921597,14.712725,10.429381,12.229524,-80.650607,90.000860,9.347012,0.000000,0.000000,-90.000000
56.811477,27.826102,135.027173,-62.771333,24.463299,12.690651,8.839285,-81.108549,90.000840,8.889064,0.000000,0.000000,-90.000000
57.074767,25.034145,87.367903,-58.906739,18.409123,18.469661,18.913496,-80.177404,90.000858,9.820243,0.000000,0.000000,-90.000000
57.277367,23.091284,37.291230,-51.686445,12.751051,18.384547,26.183411,-79.364702,90.000909,10.632948,0.000000,0.000000,-90.000000
57.524512,41.852687,7.366516,-30.794246,9.226649,10.663674,45.620429,-81.664839,90.000822,8.332772,0.000000,0.000000,-90.000000
57.745019,40.935042,10.725017,-24.147006,9.729413,12.028560,50.604161,-80.859202,90.000851,9.138424,0.000000,0.000000,-90.000000
57.981789,38.835777,10.519186,-20.320936,8.349615,11.227404,52.039939,-80.401230,90.000870,9.596402,0.000000,0.000000,-90.000000
58.204691,27.978939,24.461929,-30.204303,7.403623,13.769412,37.163766,-80.401230,90.000870,9.596402,0.000000,0.000000,-90.000000
58.422095,24.883252,71.655818,-54.869548,17.904259,11.825636,13.646022,-80.281611,90.000870,9.716028,0.000000,0.000000,-90.000000
58.654633,20.752116,125.729686,-74.353641,10.078617,11.791094,11.573255,-79.485402,90.000909,10.512241,0.000000,0.000000,-90.000000
58.911277,18.508281,142.235709,-81.314328,18.170410,11.523454,6.938904,-80.650607,90.000860,9.347012,0.000000,0.000000,-90.000000
59.141825,20.074454,136.391598,-74.561556,15.552683,13.844973,10.158087,-80.433648,90.000858,9.563975,0.000000,0.000000,-90.000000
59.357783,27.552677,96.070588,-49.311490,22.839491,14.337237,12.618611,-80.786665,90.000827,9.210960,0.000000,0.000000,-90.000000
59.591249,30.722025,48.441736,-44.564047,16.527162,16.232615,20.127072,-79.968012,90.000867,10.029627,0.000000,0.000000,-90.000000
59.826918,29.209976,21.097237,-38.848566,0.278758,11.934267,38.895641,-79.968012,90.000867,10.029627,0.000000,0.000000,-90.000000
60.054857,35.372058,7.771993,-16.710360,11.007573,11.165427,47.001671,-80.786665,90.000827,9.210960,0.000000,0.000000,-90.000000
60.293700,36.847613,7.955002,-15.082985,8.938658,11.974681,46.206540,-80.786665,90.000827,9.210960,0.000000,0.000000,-90.000000
60.514062,39.907879,8.730620,-14.306511,7.588305,12.722944,46.871976,-80.786665,90.000827,9.210960,0.000000,0.000000,-90.000000
60.743525,38.664694,9.431957,-13.132609,6.268243,12.573429,46.149461,-81.014799,90.000818,8.982824,0.000000,0.000000,-90.000000
60.966428,38.280930,29.779287,-31.864245,10.918389,12.622390,21.615852,-80.884531,90.000829,9.113098,0.000000,0.000000,-90.000000
61.209726,27.453540,86.383408,-63.036524,3.770676,14.813325,12.598483,-80.177404,90.000858,9.820243,0.000000,0.000000,-90.000000
61.459417,14.543468,129.000998,-89.600291,9.287085,13.358350,5.325858,-78.689356,90.000926,11.308303,0.000000,0.000000,-90.000000
61.696274,12.041842,137.457491,-94.225889,16.207041,15.156977,3.443143,-80.682497,90.000848,9.315113,0.000000,0.000000,-90.000000
61.898123,16.217925,125.173054,-78.163674,16.435043,16.917270,5.827787,-80.706239,90.000826,9.291374,0.000000,0.000000,-90.000000
62.118399,15.556018,82.840672,-68.798618,6.974291,18.413977,24.023438,-79.196520,90.000883,10.801126,0.000000,0.000000,-90.000000
62.315296,15.022898,51.066251,-63.182387,-4.806841,17.341113,32.858363,-78.834875,90.000904,11.162780,0.000000,0.000000,-90.000000
62.551091,13.941732,14.831208,-39.166825,4.501554,10.594415,36.999592,-79.975597,90.000878,10.022032,0.000000,0.000000,-90.000000
62.778527,23.332921,9.260212,-23.656873,1.722843,12.627030,55.321615,-79.968012,90.000867,10.029627,0.000000,0.000000,-90.000000
63.017229,24.735530,9.380633,-20.711815,2.443061,12.836418,55.243777,-79.968012,90.000867,10.029627,0.000000,0.000000,-90.000000
63.254113,28.914351,9.433303,-18.511611,3.051376,11.702805,53.414724,-80.545255,90.000848,9.452372,0.000000,0.000000,-90.000000
63.483309,32.017630,14.433437,-27.318903,13.270684,7.034148,31.543125,-80.884531,90.000829,9.113098,0.000000,0.000000,-90.000000
63.724737,26.788899,68.231272,-59.353475,4.266752,13.458077,15.717043,-80.419729,90.000838,9.577916,0.000000,0.000000,-90.000000
63.955378,22.984959,110.544908,-68.758511,10.044947,11.940150,6.395815,-80.322405,90.000836,9.675238,0.000000,0.000000,-90.000000
64.183916,20.238679,140.492441,-73.986339,15.443128,13.632597,1.270133,-80.458111,90.000836,9.539515,0.000000,0.000000,-90.000000
64.424224,25.926640,141.224994,-63.103247,19.456325,14.370913,2.886730,-80.818116,90.000815,9.179501,0.000000,0.000000,-90.000000
64.621504,31.965011,110.213272,-50.684189,20.808398,17.185376,9.584968,-81.638953,90.000744,8.358675,0.000000,0.000000,-90.000000
64.840281,39.142048,60.723650,-38.578171,1.805725,19.505741,30.182809,-81.993309,90.000702,8.004332,0.000000,0.000000,-90.000000
65.071156,48.907035,16.862919,-21.343843,1.656223,8.124927,49.447540,-80.834486,90.000772,9.163156,0.000000,0.000000,-90.000000
65.291666,49.636010,15.522059,-10.518315,5.552897,13.133655,60.837947,-81.751742,90.000733,8.245890,0.000000,0.000000,-90.000000
65.553504,51.705187,11.250388,-8.454183,3.214569,13.460536,58.308394,-81.508499,90.000754,8.489134,0.000000,0.000000,-90.000000
65.772106,51.871694,11.383803,-10.821555,10.745693,7.817628,30.515946,-80.936978,90.000784,9.060656,0.000000,0.000000,-90.000000
65.987494,37.452991,40.725708,-48.373896,13.062174,10.077353,10.855214,-80.601473,90.000814,9.396149,0.000000,0.000000,-90.000000
66.207449,25.216530,94.607009,-72.814161,0.256567,13.260429,9.290204,-78.612002,90.000892,11.385668,0.000000,0.000000,-90.000000
66.441030,18.556274,133.130883,-86.334830,11.733573,11.023991,2.781827,-78.013920,90.000944,11.983750,0.000000,0.000000,-90.000000
66.643052,17.816989,141.767551,-86.686013,8.329425,13.541817,2.678142,-79.517592,90.000897,10.480042,0.000000,0.000000,-90.000000
66.873590,22.343714,105.603157,-68.973664,15.704578,18.328586,5.402272,-79.719139,90.000878,10.278513,0.000000,0.000000,-90.000000
67.101707,26.681991,46.289262,-55.764587,9.145352,18.779991,21.582451,-78.689356,90.000926,11.308303,0.000000,0.000000,-90.000000
67.345725,26.587154,18.172958,-40.936263,-8.452675,14.318358,66.601805,-78.448063,90.000947,11.549598,0.000000,0.000000,-90.000000
67.574420,44.768596,14.149955,-11.596662,4.470130,15.151902,60.028433,-79.968012,90.000867,10.029627,0.000000,0.000000,-90.000000
67.797155,48.997794,13.698948,-11.204396,3.683714,15.190621,57.526943,-79.509818,90.000886,10.487827,0.000000,0.000000,-90.000000
68.032559,48.913250,12.496480,-10.132297,3.649583,13.751147,56.951381,-79.719139,90.000878,10.278513,0.000000,0.000000,-90.000000
68.261639,48.743987,13.069803,-10.560427,3.935220,13.485484,55.701881,-79.968012,90.000867,10.029627,0.000000,0.000000,-90.000000
68.495620,46.696254,14.692007,-14.682868,4.297599,13.691643,53.136226,-80.177404,90.000858,9.820243,0.000000,0.000000,-90.000000
68.736385,27.441524,60.116458,-52.261124,5.081476,18.943995,23.400516,-80.177404,90.000858,9.820243,0.000000,0.000000,-90.000000
68.939896,20.360385,99.297858,-76.296846,13.503161,15.114829,7.359101,-79.227885,90.000909,10.769781,0.000000,0.000000,-90.000000
69.155209,10.735976,134.992275,-96.111536,12.899772,12.890113,4.469172,-78.882352,90.000950,11.115301,0.000000,0.000000,-90.000000
69.413325,11.516486,139.101311,-92.129352,17.813353,15.590799,3.931466,-80.266053,90.000903,9.731571,0.000000,0.000000,-90.000000
69.636182,16.891721,120.882321,-78.122829,15.197583,17.675264,7.490414,-79.823130,90.000890,10.174514,0.000000,0.000000,-90.000000
69.853484,24.236510,77.546942,-58.841581,-5.076298,23.256986,19.567485,-80.144145,90.000870,9.853510,0.000000,0.000000,-90.000000
70.116283,27.687775,41.843237,-53.746916,-28.866413,18.078204,63.011190,-79.485402,90.000909,10.512241,0.000000,0.000000,-90.000000
70.333680,53.899833,9.906736,-36.058162,-1.841150,6.854601,48.067732,-80.289821,90.000881,9.707807,0.000000,0.000000,-90.000000
70.553214,43.745783,18.044533,-26.393610,2.457562,15.624178,49.164005,-80.184615,90.000869,9.813021,0.000000,0.000000,-90.000000
70.742736,48.415755,14.174761,-19.227192,4.915203,13.942533,47.766882,-80.184615,90.000869,9.813021,0.000000,0.000000,-90.000000
70.932760,52.762355,15.771455,-19.922289,1.850706,10.898360,48.370682,-80.859202,90.000851,9.138424,0.000000,0.000000,-90.000000
71.183234,36.551375,45.080546,-48.799291,8.517414,16.171012,19.970020,-80.982332,90.000830,9.015300,0.000000,0.000000,-90.000000
71.396690,24.409922,102.929798,-73.344720,4.410295,18.566228,5.463120,-80.393531,90.000860,9.604112,0.000000,0.000000,-90.000000
71.626725,14.612701,135.242097,-90.766659,14.105885,13.339316,-2.181600,-80.169299,90.000901,9.828322,0.000000,0.000000,-90.000000
71.849841,15.838345,142.008378,-87.163118,18.039100,15.127337,-2.436515,-81.313164,90.000854,8.684444,0.000000,0.000000,-90.000000
72.075392,20.041668,124.539743,-71.838870,13.933051,17.267375,3.870378,-80.289821,90.000881,9.707807,0.000000,0.000000,-90.000000
72.279504,20.537964,81.039600,-58.476925,17.522745,19.527036,10.688120,-78.769858,90.000928,11.227814,0.000000,0.000000,-90.000000
72.500223,19.139988,37.959242,-47.063966,-7.689791,13.396894,42.853951,-78.665193,90.000949,11.332464,0.000000,0.000000,-90.000000
72.712478,29.731607,6.442714,-16.143208,-1.750874,4.920858,50.915054,-79.831536,90.000900,10.166097,0.000000,0.000000,-90.000000
72.932127,13.220821,7.814258,-13.362681,0.607313,4.688037,46.237218,-79.726545,90.000888,10.271096,0.000000,0.000000,-90.000000
73.157723,23.677912,7.505821,-12.455027,2.244453,6.074527,45.806877,-79.654412,90.000864,10.343228,0.000000,0.000000,-90.000000
73.376221,28.882359,8.421236,-10.618728,4.995487,5.547458,38.493409,-79.902219,90.000854,10.095409,0.000000,0.000000,-90.000000
73.565826,28.258321,29.720211,-38.373708,14.147422,7.969435,19.423689,-80.271978,90.000823,9.725642,0.000000,0.000000,-90.000000
73.798320,25.823832,79.966115,-65.919851,11.064465,8.732531,1.597948,-79.349129,90.000851,10.648514,0.000000,0.000000,-90.000000
73.984833,19.795973,113.072216,-74.856629,10.695797,10.764376,-0.392420,-78.552367,90.000889,11.445280,0.000000,0.000000,-90.000000
74.220193,16.358082,133.887683,-80.605050,11.787302,13.285895,-1.768541,-78.896454,90.000880,11.101183,0.000000,0.000000,-90.000000
74.457449,19.790343,123.805200,-73.176848,9.274548,18.123547,2.711660,-79.661365,90.000875,10.336264,0.000000,0.000000,-90.000000
74.676558,21.803114,84.123618,-61.505946,15.888452,20.250830,6.608869,-79.509818,90.000886,10.487827,0.000000,0.000000,-90.000000
74.865042,21.873322,44.145059,-49.306714,4.464653,19.120355,21.158200,-79.147831,90.000907,10.849823,0.000000,0.000000,-90.000000
75.076088,21.759593,25.783790,-39.409535,-10.252838,17.206902,61.801514,-79.485402,90.000909,10.512241,0.000000,0.000000,-90.000000
75.283887,28.547761,10.246927,-26.175172,2.430035,10.463529,58.499431,-81.309896,90.000821,8.687736,0.000000,0.000000,-90.000000
75.497196,27.873467,10.246923,-26.849355,2.430035,10.463529,58.499431,-80.635711,90.000839,9.361930,0.000000,0.000000,-90.000000
75.732024,39.172151,12.146748,-10.987672,4.583439,9.530020,48.051841,-81.153003,90.000785,8.844627,0.000000,0.000000,-90.000000
75.963199,44.852620,15.116504,-22.827441,7.346688,7.861768,26.343178,-81.423216,90.000742,8.574416,0.000000,0.000000,-90.000000
76.163131,44.927859,19.802290,-31.392647,22.539760,0.738852,-3.716054,-81.810303,90.000699,8.187323,0.000000,0.000000,-90.000000
76.411960,28.578670,85.825400,-54.068102,5.735493,12.178373,-0.832790,-80.890899,90.000727,9.106747,0.000000,0.000000,-90.000000
76.657786,20.481715,125.298001,-66.470632,5.689656,11.123684,2.965645,-79.004938,90.000859,10.992714,0.000000,0.000000,-90.000000
76.881750,14.402819,135.710191,-79.035552,9.656987,10.561727,1.747512,-78.655634,90.000901,11.342005,0.000000,0.000000,-90.000000
77.087868,17.133727,125.246761,-73.135311,10.253640,14.658964,0.930555,-79.677101,90.000875,10.320518,0.000000,0.000000,-90.000000
77.311961,22.923153,82.404827,-58.646914,7.441319,18.085859,10.120751,-79.444337,90.000873,10.553297,0.000000,0.000000,-90.000000
77.529232,24.536479,36.125550,-39.209291,6.863986,18.130682,21.022006,-77.979814,90.000919,12.017835,0.000000,0.000000,-90.000000
77.748819,23.799708,21.891092,-30.032006,-5.750690,20.118916,46.936757,-79.715393,90.000840,10.282230,0.000000,0.000000,-90.000000
77.984547,44.856095,12.249730,-5.743457,3.587498,12.004807,55.814763,-80.843089,90.000793,9.154531,0.000000,0.000000,-90.000000
78.190660,49.804212,12.237942,-2.556458,4.905637,13.824291,56.313988,-81.084993,90.000772,8.912625,0.000000,0.000000,-90.000000
78.398790,51.866456,13.126918,-2.393425,4.500677,13.390344,55.515600,-81.443769,90.000751,8.553842,0.000000,0.000000,-90.000000
78.604850,45.264508,20.339528,-8.946855,12.895584,10.695553,38.265042,-81.569634,90.000730,8.427982,0.000000,0.000000,-90.000000
78.826716,33.289228,69.152693,-40.393731,8.714371,17.653207,22.720921,-81.782488,90.000721,8.215135,0.000000,0.000000,-90.000000
79.051852,26.418021,109.095589,-64.958638,8.787290,17.303731,13.592882,-80.838351,90.000782,9.159279,0.000000,0.000000,-90.000000
79.278954,18.544695,126.558937,-77.889079,16.103065,15.938136,5.385969,-80.143383,90.000833,9.854243,0.000000,0.000000,-90.000000
79.475933,15.817286,128.729303,-81.437822,19.092257,17.127382,3.405237,-80.848698,90.000803,9.148911,0.000000,0.000000,-90.000000
79.698475,19.889919,113.987332,-70.509491,10.085493,19.517771,12.864077,-81.084993,90.000772,8.912625,0.000000,0.000000,-90.000000
79.922060,27.874603,76.699179,-55.740217,11.844587,16.521046,21.672863,-81.782488,90.000721,8.215135,0.000000,0.000000,-90.000000
80.125340,37.315630,31.003888,-38.773860,5.852415,8.792141,31.921642,-82.571749,90.000703,7.425860,0.000000,0.000000,-90.000000
80.342311,71.743281,7.994012,-15.313348,2.356341,10.925612,61.567451,-82.433955,90.000736,7.563647,0.000000,0.000000,-90.000000
80.592888,47.731396,10.680679,-3.517126,1.573264,10.161031,57.767666,-82.192075,90.000757,7.805528,0.000000,0.000000,-90.000000
80.787120,48.367190,9.482031,-4.691885,4.041762,12.667846,57.723993,-82.439509,90.000746,7.558081,0.000000,0.000000,-90.000000
81.028037,42.953721,17.806020,-17.957735,9.883695,11.985006,39.552896,-82.323040,90.000746,7.674557,0.000000,0.000000,-90.000000
81.234046,31.122358,60.457281,-43.214717,7.129042,19.544426,28.545687,-82.644876,90.000727,7.352733,0.000000,0.000000,-90.000000
81.474770,22.565480,105.993257,-66.536895,6.588125,19.726326,17.306334,-81.374884,90.000797,8.622732,0.000000,0.000000,-90.000000
81.667030,17.857770,121.243273,-72.598984,17.827651,15.998275,6.936339,-81.722177,90.000788,8.275429,0.000000,0.000000,-90.000000
81.900330,18.410784,121.462740,-73.046251,20.011104,18.289562,4.832162,-82.323040,90.000746,7.674557,0.000000,0.000000,-90.000000
82.122155,24.222374,98.735910,-55.647949,19.342018,20.170302,9.974719,-81.970983,90.000745,8.026635,0.000000,0.000000,-90.000000
82.399753,21.385202,56.484456,-42.882569,5.921813,20.074411,25.038238,-80.112362,90.000845,9.885273,0.000000,0.000000,-90.000000
82.665887,22.586607,23.277678,-31.422763,1.847015,17.773811,43.043360,-81.276102,90.000796,8.721511,0.000000,0.000000,-90.000000
82.907013,28.149304,12.249131,-19.225612,4.647633,14.233289,53.976092,-81.944448,90.000767,8.053166,0.000000,0.000000,-90.000000
83.135203,24.805778,10.074106,-6.686281,9.364289,11.423705,41.309218,-81.944448,90.000767,8.053166,0.000000,0.000000,-90.000000
83.364294,38.046447,13.669360,-13.162468,3.529707,13.035052,47.957055,-81.833282,90.000778,8.164329,0.000000,0.000000,-90.000000
83.588696,34.301329,71.536548,-51.445162,5.845934,19.935419,24.994262,-83.158482,90.000663,6.839129,0.000000,0.000000,-90.000000
83.826306,25.303039,110.530996,-66.369319,11.919642,17.575589,18.932244,-82.313554,90.000726,7.684066,0.000000,0.000000,-90.000000
84.055512,21.298546,124.422247,-75.826541,18.434245,17.443762,11.242175,-83.138997,90.000706,6.858588,0.000000,0.000000,-90.000000
84.265527,22.038733,120.373189,-72.602553,14.130343,19.297947,16.083091,-83.239901,90.000707,6.757687,0.000000,0.000000,-90.000000
84.496797,28.769804,86.779244,-55.344748,18.308557,20.411701,21.686321,-84.751276,90.000616,5.246308,0.000000,0.000000,-90.000000
84.733730,33.040747,41.829419,-36.909492,3.009473,20.758192,48.762042,-83.474748,90.000666,6.522862,0.000000,0.000000,-90.000000
84.946638,37.948701,21.383952,-23.979319,0.060776,17.764918,62.000754,-84.047058,90.000646,5.950542,0.000000,0.000000,-90.000000
85.180966,51.317897,11.566034,8.412428,8.419027,14.129841,59.025317,-84.505237,90.000627,5.492359,0.000000,0.000000,-90.000000
85.403999,55.109983,11.320843,7.909880,7.354918,13.889410,59.878942,-84.152104,90.000658,5.845488,0.000000,0.000000,-90.000000
85.603153,59.151803,11.888662,3.315367,7.219846,13.183622,56.701938,-84.152104,90.000658,5.845488,0.000000,0.000000,-90.000000
85.862710,48.986747,20.538109,-15.703718,6.475877,13.504734,45.739308,-84.395208,90.000637,5.602383,0.000000,0.000000,-90.000000
86.055844,38.584665,48.610053,-37.216750,15.111996,17.592468,25.190980,-84.740895,90.000617,5.256699,0.000000,0.000000,-90.000000
86.248594,31.697886,82.578344,-53.659962,21.579593,16.243283,14.031487,-83.933577,90.000646,6.064029,0.000000,0.000000,-90.000000
86.481952,28.095500,111.743917,-69.881069,14.194071,16.528023,4.306344,-84.050506,90.000656,5.947083,0.000000,0.000000,-90.000000
86.711629,27.061951,118.132663,-69.093254,22.096450,18.154248,2.307201,-84.398976,90.000647,5.598604,0.000000,0.000000,-90.000000
86.948329,27.200198,115.072367,-66.130589,21.809071,19.732374,2.907569,-84.641649,90.000626,5.355930,0.000000,0.000000,-90.000000
87.181164,25.809810,83.863503,-47.734261,28.381751,27.324930,14.527467,-83.019301,90.000695,6.978302,0.000000,0.000000,-90.000000
87.385585,23.082908,32.552188,-29.335760,17.060269,19.124169,35.095521,-83.266023,90.000685,6.731569,0.000000,0.000000,-90.000000
87.617092,20.442184,18.333363,-25.610710,-0.483332,22.315854,65.458705,-83.512547,90.000674,6.485032,0.000000,0.000000,-90.000000
87.852654,40.992617,12.443284,-6.069101,7.819701,14.922901,59.325714,-84.293203,90.000635,5.704385,0.000000,0.000000,-90.000000
88.050847,51.729416,15.359024,-6.250792,12.324581,11.844344,48.361411,-84.210336,90.000623,5.787250,0.000000,0.000000,-90.000000
88.283415,36.963977,62.232899,-45.995124,9.306445,25.751875,27.540943,-84.534000,90.000604,5.463599,0.000000,0.000000,-90.000000
88.527420,26.698786,104.848969,-65.427681,14.573542,20.328253,10.526613,-83.619554,90.000654,6.378042,0.000000,0.000000,-90.000000
88.752729,24.258419,120.640189,-78.688526,20.888403,18.090574,0.959565,-83.652550,90.000652,6.345026,0.000000,0.000000,-90.000000
89.001446,26.643794,114.720851,-70.062319,29.877572,21.436023,-3.097472,-83.439743,90.000661,6.557824,0.000000,0.000000,-90.000000
89.236326,29.980444,81.439641,-56.582359,22.759693,23.878887,9.510077,-82.544806,90.000667,7.452784,0.000000,0.000000,-90.000000
89.431965,32.648179,45.815351,-40.100461,6.390779,25.472881,33.353905,-82.544806,90.000667,7.452784,0.000000,0.000000,-90.000000
89.629166,43.118875,9.813960,-16.944387,5.696719,15.136156,55.167864,-82.787196,90.000646,7.210394,0.000000,0.000000,-90.000000
89.842957,36.874829,5.304662,2.387592,8.076397,12.369331,51.393430,-84.649324,90.000546,5.348253,0.000000,0.000000,-90.000000
90.062757,33.594255,5.381445,4.385658,7.273878,13.451225,57.789619,-83.219875,90.000649,6.777708,0.000000,0.000000,-90.000000
90.299253,54.841490,11.132141,-6.213530,4.121338,13.094977,60.786572,-82.761286,90.000669,7.236301,0.000000,0.000000,-90.000000
90.562479,42.576828,35.220184,-20.693741,13.710338,17.226580,34.587221,-83.462208,90.000628,6.535374,0.000000,0.000000,-90.000000
90.753735,30.457076,80.865145,-47.203269,10.360948,21.252000,19.908158,-82.761286,90.000669,7.236301,0.000000,0.000000,-90.000000
91.001721,23.545275,112.796095,-67.735338,12.319788,18.497173,3.941371,-81.389011,90.000738,8.608578,0.000000,0.000000,-90.000000
91.212469,19.125849,120.693088,-73.318630,25.169684,19.407381,-2.727080,-80.666785,90.000800,9.330808,0.000000,0.000000,-90.000000
91.435630,19.572949,118.708959,-70.605608,26.901290,19.057574,-3.627768,-82.445940,90.000756,7.551639,0.000000,0.000000,-90.000000
91.658922,28.517999,90.388984,-42.885059,19.396557,21.325475,14.403824,-81.981583,90.000766,8.016012,0.000000,0.000000,-90.000000
91.905295,33.689480,47.401742,-24.492212,7.941480,20.631670,33.732958,-82.494291,90.000712,7.503294,0.000000,0.000000,-90.000000
92.150823,36.113915,26.663685,-18.405095,-6.865714,19.941494,53.573045,-83.117614,90.000648,6.879965,0.000000,0.000000,-90.000000
92.398050,27.908792,7.436844,-0.804838,11.172398,13.165378,49.012000,-84.136865,90.000610,5.860710,0.000000,0.000000,-90.000000
92.643778,31.120566,5.021806,0.907416,8.471274,10.945362,53.063544,-83.145146,90.000636,6.852424,0.000000,0.000000,-90.000000
92.863580,31.738735,15.823122,-12.239839,10.773305,18.014640,53.710831,-83.516815,90.000604,6.480750,0.000000,0.000000,-90.000000
93.099898,32.317428,50.558193,-45.588144,15.325781,17.649368,27.813430,-84.918559,90.000523,5.078998,0.000000,0.000000,-90.000000
93.313224,33.311098,96.675797,-59.852639,14.704122,19.601682,12.473720,-84.460257,90.000532,5.537313,0.000000,0.000000,-90.000000
93.546192,27.439365,120.590169,-68.309726,25.312928,15.641141,4.305239,-84.190960,90.000576,5.806609,0.000000,0.000000,-90.000000
93.785261,29.078991,118.931859,-64.206342,22.946012,17.194357,1.973706,-86.131196,90.000508,3.866352,0.000000,0.000000,-90.000000
94.010543,32.223693,100.515040,-51.539413,10.092325,22.878191,16.998071,-86.130410,90.000498,3.867149,0.000000,0.000000,-90.000000
94.277277,33.180465,44.270571,-32.687828,13.215716,19.503482,38.274130,-84.061448,90.000597,5.936115,0.000000,0.000000,-90.000000
94.464964,35.280557,25.861729,-28.545908,-8.735425,19.647525,64.688258,-84.729780,90.000590,5.267774,0.000000,0.000000,-90.000000
94.680237,57.131988,6.886516,-3.596512,6.920353,12.415879,60.187684,-85.541981,90.000549,4.455564,0.000000,0.000000,-90.000000
94.879014,57.657151,11.276524,-1.645405,5.454990,13.831404,58.109201,-85.541981,90.000549,4.455564,0.000000,0.000000,-90.000000
95.095304,61.004948,8.805539,4.126916,4.712290,14.444986,57.946116,-85.188345,90.000570,4.809206,0.000000,0.000000,-90.000000
95.366083,43.331710,32.139746,-24.283419,0.741993,18.535954,50.813731,-85.083929,90.000569,4.913619,0.000000,0.000000,-90.000000
95.594532,35.459247,66.514710,-42.204645,22.559849,17.456580,19.212661,-84.623456,90.000578,5.374106,0.000000,0.000000,-90.000000
95.814582,26.799593,111.271940,-69.273194,11.126840,17.921262,9.675223,-83.681280,90.000640,6.316287,0.000000,0.000000,-90.000000
96.043345,27.598373,118.631474,-69.042548,18.949319,19.509074,4.840920,-83.897954,90.000641,6.099609,0.000000,0.000000,-90.000000
96.243347,32.862298,106.059556,-55.562625,12.061616,21.955856,11.528430,-85.860591,90.000541,4.136966,0.000000,0.000000,-90.000000
96.459957,35.457365,69.462877,-32.940591,3.683146,27.923213,33.143457,-84.725881,90.000569,5.271697,0.000000,0.000000,-90.000000
96.653553,31.575678,27.514746,-22.996728,-3.738414,17.174139,52.729476,-84.484932,90.000600,5.512634,0.000000,0.000000,-90.000000
96.840409,98.252975,2.409237,-9.094750,4.122025,9.898088,56.618967,-85.834141,90.000563,4.163412,0.000000,0.000000,-90.000000
97.027391,57.421859,11.170265,-7.675818,4.459311,12.981598,56.300567,-85.700481,90.000574,4.297077,0.000000,0.000000,-90.000000
97.243902,65.154158,10.793009,-3.955137,2.422630,15.604003,56.280389,-84.326925,90.000633,5.670643,0.000000,0.000000,-90.000000
97.495936,58.548814,11.206827,1.033143,2.930129,16.027449,61.164507,-84.459199,90.000623,5.538364,0.000000,0.000000,-90.000000
97.727084,45.260096,50.342113,-28.643604,8.029234,23.882167,35.477499,-85.402160,90.000561,4.595399,0.000000,0.000000,-90.000000
97.960322,39.944045,99.298927,-49.535420,22.207514,19.749241,2.115046,-85.510356,90.000541,4.487219,0.000000,0.000000,-90.000000
98.192017,33.870663,127.152440,-61.468829,19.598763,16.779073,-2.587723,-85.511665,90.000551,4.485899,0.000000,0.000000,-90.000000
98.443597,36.281819,119.262101,-52.842062,23.864842,18.509613,-2.115644,-86.910209,90.000481,3.087348,0.000000,0.000000,-90.000000
98.672717,39.899417,88.802986,-42.296947,22.617324,22.917651,7.974262,-86.804150,90.000469,3.193415,0.000000,0.000000,-90.000000
98.944657,38.941699,36.243704,-11.292983,2.972808,27.238480,48.793344,-85.428131,90.000529,4.569443,0.000000,0.000000,-90.000000
99.154707,54.081903,3.725348,1.332152,8.318746,13.363284,58.191493,-86.455261,90.000489,3.542300,0.000000,0.000000,-90.000000
99.378687,46.925860,11.601827,2.993072,6.859001,13.734306,58.983760,-88.100612,90.000387,1.896945,0.000000,0.000000,-90.000000
99.613678,57.435886,10.021507,7.024227,6.424422,16.687368,59.278047,-87.318798,90.000415,2.678759,0.000000,0.000000,-90.000000
99.837512,59.359933,12.197732,5.812680,6.483259,15.445323,62.271467,-87.318798,90.000415,2.678759,0.000000,0.000000,-90.000000
100.066097,41.981547,35.686202,-16.119879,17.717919,17.281025,27.887833,-88.020757,90.000374,1.976799,0.000000,0.000000,-90.000000
100.316716,36.310517,86.292802,-46.357379,21.863123,17.878497,-0.027559,-87.777191,90.000395,2.220364,0.000000,0.000000,-90.000000
100.525357,27.569129,115.109934,-64.946190,21.387348,15.553749,-3.631443,-85.914797,90.000497,4.082766,0.000000,0.000000,-90.000000
100.806680,23.474367,121.992167,-64.380069,27.116261,17.669118,-5.865681,-86.589574,90.000488,3.407971,0.000000,0.000000,-90.000000
101.049893,31.600326,91.977230,-45.923221,20.120771,19.478171,7.233407,-88.476732,90.000365,1.520810,0.000000,0.000000,-90.000000
101.262303,34.167128,58.738785,-31.108133,7.915525,28.516287,25.318400,-87.318798,90.000415,2.678759,0.000000,0.000000,-90.000000
101.500756,57.590488,9.928799,-5.088234,6.093883,13.501579,57.428395,-86.940999,90.000457,3.056551,0.000000,0.000000,-90.000000
101.725998,64.543327,10.651928,5.380653,7.527137,12.029999,59.902574,-87.801962,90.000393,2.195574,0.000000,0.000000,-90.000000
101.938433,57.450583,11.740283,4.644973,5.430515,14.983150,55.899743,-87.123286,90.000332,2.874251,0.000000,0.000000,-90.000000
102.134408,59.741329,9.427774,5.769820,4.266854,16.690488,58.723387,-86.210993,90.000361,3.786558,0.000000,0.000000,-90.000000
102.331023,49.347647,20.224841,-3.344226,10.913767,16.409124,47.928966,-86.016529,90.000348,3.981015,0.000000,0.000000,-90.000000
102.572144,34.741993,87.649950,-51.220051,5.671286,20.840738,16.690134,-84.725833,90.000420,5.271722,0.000000,0.000000,-90.000000
102.806688,32.595861,123.117923,-61.498799,13.922870,15.214216,3.961620,-85.050521,90.000421,4.947026,0.000000,0.000000,-90.000000
103.000040,31.497778,129.308705,-58.186952,26.230605,16.791491,1.845602,-85.131503,90.000444,4.866046,0.000000,0.000000,-90.000000
103.221843,34.744428,106.457200,-47.526195,17.120997,24.112418,10.046902,-85.664724,90.000368,4.332818,0.000000,0.000000,-90.000000
103.464128,35.453160,40.675250,-25.572606,3.059664,24.441388,45.065424,-81.877143,90.000515,8.120449,0.000000,0.000000,-90.000000
103.690529,54.595060,5.269639,-8.730083,4.132562,12.120553,57.889521,-82.783398,90.000497,7.214166,0.000000,0.000000,-90.000000
103.890122,51.488133,14.001401,2.935550,6.497591,13.354911,56.657718,-88.282799,90.000272,1.714734,0.000000,0.000000,-90.000000
104.131222,58.346099,13.131208,0.515580,0.128641,18.477512,66.027656,-87.286235,90.000269,2.711341,0.000000,0.000000,-90.000000
104.367348,53.383501,12.162048,3.147360,4.369641,16.872132,61.983770,-86.789087,90.000321,3.208478,0.000000,0.000000,-90.000000
104.617140,39.370592,43.716467,-27.128858,3.954824,26.511099,39.918814,-88.268021,90.000343,1.729546,0.000000,0.000000,-90.000000
104.850280,36.636580,92.127290,-49.334585,8.404513,21.021179,14.599720,-88.762698,90.000291,1.234881,0.000000,0.000000,-90.000000
105.072727,29.055380,120.450190,-67.783514,16.306302,16.514626,3.347957,-87.680601,90.000305,2.316968,0.000000,0.000000,-90.000000
105.302295,29.664978,119.409601,-65.156099,19.252784,18.784905,-0.375024,-90.743639,90.000209,-0.746100,0.000000,0.000000,-90.000000
105.499714,31.574036,103.436545,-48.454570,19.444300,21.964417,7.420862,-90.631919,90.000208,-0.634384,0.000000,0.000000,-90.000000
105.726368,25.027822,55.613082,-38.812033,1.612826,25.261642,40.049221,-86.160331,90.000396,3.837227,0.000000,0.000000,-90.000000
105.956475,98.496290,2.238308,-10.330668,2.166849,7.204959,53.182561,-84.909408,90.000464,5.088121,0.000000,0.000000,-90.000000
106.192232,45.703425,18.864000,-12.549580,5.115702,14.700927,54.677471,-87.814833,90.000312,2.182679,0.000000,0.000000,-90.000000
106.415002,78.718257,11.553634,4.693353,3.725748,15.887231,60.393329,-86.923117,90.000329,3.074401,0.000000,0.000000,-90.000000
106.640856,73.254033,12.005137,9.875839,3.907264,12.798264,61.370686,-86.092578,90.000381,3.904948,0.000000,0.000000,-90.000000
106.868826,61.165168,11.658989,7.031001,3.383338,14.074416,59.948249,-86.234252,90.000450,3.763274,0.000000,0.000000,-90.000000
107.081323,71.364397,10.692654,8.780975,5.147666,16.203081,61.193356,-87.585125,90.000402,2.412402,0.000000,0.000000,-90.000000
107.291319,61.530725,12.669696,7.511488,3.582378,15.322614,60.142087,-87.718628,90.000380,2.278895,0.000000,0.000000,-90.000000
107.541371,61.765309,11.018009,8.512171,4.619712,16.128840,60.269528,-87.853606,90.000359,2.143924,0.000000,0.000000,-90.000000
107.764369,60.444815,11.188665,8.612257,4.979973,14.913754,60.098175,-87.962938,90.000349,2.034598,0.000000,0.000000,-90.000000
107.981215,64.643351,11.922305,-6.272155,4.182620,13.278165,54.105415,-88.096119,90.000338,1.901412,0.000000,0.000000,-90.000000
108.231996,61.022615,10.634305,-8.755353,12.023297,9.107505,6.779010,-87.856489,90.000349,2.141053,0.000000,0.000000,-90.000000
108.424359,54.466415,11.245965,-13.317521,12.260658,6.285993,-1.725551,-87.747502,90.000348,2.250035,0.000000,0.000000,-90.000000
108.647765,37.882611,26.199546,-28.493293,9.187581,11.983759,-1.401387,-87.372180,90.000380,2.625362,0.000000,0.000000,-90.000000
108.880885,29.609701,83.685986,-45.882329,20.816702,14.023100,-3.573014,-88.018712,90.000384,1.978832,0.000000,0.000000,-90.000000
109.114227,25.414739,127.760649,-63.305960,21.520434,14.585093,-7.497104,-87.101218,90.000434,2.896319,0.000000,0.000000,-90.000000
109.349178,29.169860,129.649317,-59.297717,16.627058,19.087228,-2.066811,-88.583881,90.000376,1.413654,0.000000,0.000000,-90.000000
109.591831,34.315028,91.107073,-39.842691,11.986674,25.695777,7.604889,-88.448835,90.000387,1.548704,0.000000,0.000000,-90.000000
109.800675,38.765532,40.622361,-24.245869,0.727508,22.738887,18.712700,-88.233803,90.000386,1.763739,0.000000,0.000000,-90.000000
110.034592,74.047727,8.472413,-7.257140,6.439743,16.961497,34.910052,-89.714557,90.000337,0.282971,0.000000,0.000000,-90.000000
110.240597,59.350714,10.765405,2.475141,4.820215,14.979409,58.444612,-88.341158,90.000397,1.656375,0.000000,0.000000,-90.000000
110.473022,61.419719,10.407304,3.385002,5.165177,16.083749,58.918596,-88.098568,90.000418,1.898964,0.000000,0.000000,-90.000000
110.714727,65.879965,12.025970,6.083494,4.599674,15.246238,58.728621,-88.394314,90.000362,1.603214,0.000000,0.000000,-90.000000
110.945498,60.370459,12.151423,4.437004,3.938667,14.325199,58.358848,-88.394314,90.000362,1.603214,0.000000,0.000000,-90.000000
111.181452,57.612338,14.373679,-9.379916,3.446880,15.499629,51.551651,-88.394314,90.000362,1.603214,0.000000,0.000000,-90.000000
111.416476,40.578512,42.913104,-31.200073,6.608423,18.796493,24.210748,-87.883401,90.000405,2.114137,0.000000,0.000000,-90.000000
111.656401,31.901053,95.830719,-56.240787,10.374448,21.065791,2.248992,-87.156221,90.000458,2.841326,0.000000,0.000000,-90.000000
111.889627,27.365004,122.148462,-65.481894,21.805479,18.504502,-5.286746,-87.344363,90.000482,2.653178,0.000000,0.000000,-90.000000
112.145262,27.758874,124.186728,-66.123500,17.953152,19.497995,-5.768780,-88.013925,90.000464,1.983620,0.000000,0.000000,-90.000000
112.342982,32.124029,106.308037,-48.940793,20.111774,21.421806,-0.897130,-88.043350,90.000452,1.954188,0.000000,0.000000,-90.000000
112.589628,39.689705,53.224959,-30.277208,15.355974,19.546373,15.147657,-87.692753,90.000462,2.304792,0.000000,0.000000,-90.000000
112.828696,56.802626,9.739778,-8.335861,4.419243,11.485363,47.657065,-86.455035,90.000520,3.542502,0.000000,0.000000,-90.000000
113.061389,51.369936,12.245579,-1.241659,5.753053,13.861044,51.715294,-88.287548,90.000441,1.709978,0.000000,0.000000,-90.000000
113.295194,39.889160,44.492295,-25.903598,7.749719,20.103525,30.514462,-86.563254,90.000510,3.434287,0.000000,0.000000,-90.000000
113.515392,28.539647,91.590285,-48.468865,9.872738,23.924279,10.683485,-86.292193,90.000543,3.705357,0.000000,0.000000,-90.000000
113.749540,19.185890,125.869749,-65.158933,14.673739,19.378906,-0.427510,-87.774116,90.000495,2.223416,0.000000,0.000000,-90.000000
113.978777,18.999359,128.727194,-69.550141,18.189975,17.825860,-1.194825,-89.495517,90.000415,0.502013,0.000000,0.000000,-90.000000
114.172140,28.862850,102.506619,-46.646521,11.516686,23.552975,9.020535,-89.629117,90.000374,0.368434,0.000000,0.000000,-90.000000
114.396926,35.171930,44.104884,-20.019925,10.908956,18.595574,43.932651,-88.713986,90.000413,1.283569,0.000000,0.000000,-90.000000
114.628510,52.659648,4.786848,-1.808408,3.267865,9.675881,59.396201,-88.393046,90.000421,1.604498,0.000000,0.000000,-90.000000
114.851047,52.416475,17.606800,3.887428,7.066196,14.497397,53.337805,-89.365733,90.000358,0.631800,0.000000,0.000000,-90.000000
115.078120,69.514083,13.174910,6.637739,5.440163,16.304867,55.489416,-88.799198,90.000377,1.198333,0.000000,0.000000,-90.000000
115.275347,58.590352,17.108978,-1.726029,3.967201,18.663884,51.473007,-88.799336,90.000386,1.198184,0.000000,0.000000,-90.000000
115.504694,43.799343,54.398778,-31.419389,15.406270,20.365406,17.061939,-89.257003,90.000357,0.740527,0.000000,0.000000,-90.000000
115.745857,35.081497,101.739981,-55.063748,8.640169,20.855411,3.439828,-88.664563,90.000399,1.332971,0.000000,0.000000,-90.000000
115.985312,35.565734,115.870924,-57.796713,18.605537,18.442938,-7.820017,-90.495969,90.000329,-0.498454,0.000000,0.000000,-90.000000
116.188310,34.810744,115.351778,-58.169472,20.297647,19.985038,-7.932014,-90.390475,90.000329,-0.392953,0.000000,0.000000,-90.000000
116.410386,37.187085,93.554204,-31.444151,23.936285,23.017296,-2.960135,-90.876206,90.000287,-0.878682,0.000000,0.000000,-90.000000
116.629552,36.160059,44.677426,-13.180460,-1.495337,31.635406,27.868837,-87.640130,90.000427,2.357416,0.000000,0.000000,-90.000000
116.863290,48.738812,7.676335,3.598272,5.699322,18.286582,55.292307,-89.363287,90.000357,0.634236,0.000000,0.000000,-90.000000
117.110306,53.788095,14.680667,4.279608,4.032823,16.981703,58.838927,-90.308513,90.000306,-0.310991,0.000000,0.000000,-90.000000
117.353024,62.931957,11.941295,8.995146,3.025435,19.739453,64.429918,-89.499043,90.000345,0.498475,0.000000,0.000000,-90.000000
117.592546,57.096893,16.210700,1.181385,1.184883,20.277702,62.632136,-89.714376,90.000347,0.283140,0.000000,0.000000,-90.000000
117.831460,38.978766,60.317738,-35.480924,3.790646,26.447619,26.540550,-89.823524,90.000348,0.173996,0.000000,0.000000,-90.000000
118.058697,33.008175,97.710941,-52.821843,6.312356,19.740030,7.022315,-88.987321,90.000400,1.010204,0.000000,0.000000,-90.000000
118.318085,34.441897,118.311799,-58.660333,22.026882,21.103189,1.294889,-90.253815,90.000350,-0.256302,0.000000,0.000000,-90.000000
118.555679,37.334118,94.179588,-39.549015,20.304858,24.679568,7.503936,-90.253815,90.000350,-0.256302,0.000000,0.000000,-90.000000
118.793228,36.648389,38.417361,-13.339916,11.608652,23.043983,39.469302,-89.229611,90.000379,0.767915,0.000000,0.000000,-90.000000
119.040619,48.000355,3.291746,-6.930159,2.937921,11.774384,65.751989,-90.523424,90.000316,-0.525917,0.000000,0.000000,-90.000000
119.242877,52.732067,14.569318,-1.615934,5.122989,15.214214,55.371553,-91.118041,90.000275,-1.120527,0.000000,0.000000,-90.000000
119.477000,82.360415,8.326359,14.069328,4.400433,19.633405,63.454982,-89.846798,90.000324,0.150716,0.000000,0.000000,-90.000000
119.716980,60.680304,12.103716,13.112320,3.969356,17.165093,59.455408,-90.198053,90.000314,-0.200546,0.000000,0.000000,-90.000000
119.950863,61.105166,10.063684,11.416091,3.666895,17.004099,59.488901,-90.413497,90.000306,-0.415981,0.000000,0.000000,-90.000000
