0.000000,59.544397,10.212128,7.448914,5.005241,13.849243,61.475377,-73.542951,90.000984,16.454758,91.107451,-1.249488,67.090200
0.324245,59.544397,10.212128,7.448914,4.995299,11.741120,60.639440,-73.542951,90.000984,16.454758,91.107451,-1.249488,67.090200
0.577562,59.544397,10.212128,7.448914,5.820640,11.187968,59.291316,-73.542951,90.000984,16.454758,91.107451,-1.249488,67.090200
0.824341,59.544397,10.212128,7.448914,4.200376,11.989141,59.401977,-73.542951,90.000984,16.454758,91.107451,-1.249488,67.090200
1.038611,59.544397,10.212128,7.448914,5.111651,12.630489,59.172009,-73.542951,90.000984,16.454758,91.270500,-1.289008,67.122491
1.272304,61.879447,10.315060,4.475208,5.466581,11.797124,59.752819,-72.260240,90.001018,17.737514,91.882805,-0.761315,67.042492
1.519129,65.313274,10.442623,7.038021,6.144204,12.149024,58.872469,-72.810395,90.001002,17.187355,91.250401,-0.617351,67.059712
1.693349,65.291205,10.392921,6.270898,5.742352,11.911006,59.793845,-71.879959,90.000992,18.117781,91.250401,-0.617351,67.059712
1.899560,62.705180,10.374698,6.041027,5.066819,12.077383,60.061773,-72.486446,90.000952,17.511279,91.250401,-0.617351,67.059712
2.060857,61.044734,10.200429,6.741145,4.962377,12.727879,59.842705,-73.183976,90.000924,16.813729,91.250401,-0.617351,67.059712
2.368995,59.355213,7.951634,-2.209967,4.933950,11.345552,58.734155,-73.731302,90.000986,16.266423,91.126277,-0.435898,66.934777
2.660949,60.076928,7.360768,-2.648657,5.106008,10.360658,58.884290,-73.610154,90.000997,16.387569,91.168666,-0.270440,67.084754
3.144058,58.298897,8.291726,-0.389499,5.188696,11.121501,58.903204,-73.610154,90.000997,16.387569,91.168666,-0.270440,67.084754
3.392564,59.507484,9.018373,0.986452,5.161098,11.362481,58.823127,-73.516878,90.000995,16.480841,91.168666,-0.270440,67.084754
3.618945,58.486809,9.060450,0.417874,5.003497,11.548714,58.634753,-73.758025,90.000975,16.239690,91.168666,-0.270440,67.084754
3.826324,58.687660,8.820163,-0.199777,5.122650,11.330179,58.512841,-73.636695,90.000985,16.361017,91.168666,-0.270440,67.084754
4.009978,58.103666,8.647677,-0.538521,5.271812,11.299199,58.528885,-73.636695,90.000985,16.361017,91.168666,-0.270440,67.084754
4.195192,58.103666,8.647677,-0.538521,5.271812,11.299199,58.528885,-73.636695,90.000985,16.361017,91.168666,-0.270440,67.084754
4.393448,62.217966,8.138309,-2.507313,4.850661,10.367224,58.346279,-73.758025,90.000975,16.239690,91.168666,-0.270440,67.084754
4.584747,85.555802,11.182398,0.527319,3.125545,7.775440,57.411776,-71.829885,90.001037,18.167856,91.168666,-0.270440,67.084754
4.769628,96.556557,72.418455,12.816335,1.285117,13.263929,31.832561,-74.871758,90.000882,15.125928,91.168666,-0.270440,67.084754
4.991893,100.042179,143.955517,41.479364,11.791877,4.202577,16.410560,-70.349875,90.001148,19.647911,91.168666,-0.270440,67.084754
5.192018,171.885636,175.546350,193.482126,10.113309,2.830686,9.857550,-69.662306,90.001233,20.335516,91.011214,-0.522015,64.580598
5.390514,-173.295873,175.601651,-137.758962,14.520782,4.338881,10.871176,-70.335610,90.001217,19.662200,91.043646,-0.372422,64.416193
5.686572,124.401223,170.691777,92.477496,12.127505,5.681287,11.208475,-70.118549,90.001215,19.879264,91.043646,-0.372422,64.416193
6.110144,98.743281,115.320183,21.202976,21.089708,7.265539,12.614305,-69.825657,90.001179,20.172157,91.043646,-0.372422,64.416193
6.336864,91.463520,58.480091,11.211476,4.848515,10.548491,11.029409,-68.948819,90.001202,21.049011,91.043646,-0.372422,64.416193
6.580080,-5.764864,3.635147,-2.405629,10.034277,9.621132,37.294292,-69.468461,90.001208,20.529365,91.043646,-0.372422,64.416193
6.802983,26.225203,8.850962,-12.180299,9.332668,11.556246,42.597910,-72.826365,90.001070,17.171397,90.881592,-0.327771,64.381691
6.996643,42.748820,9.219656,-12.145554,8.986554,14.222184,49.211392,-72.363566,90.001078,17.634204,91.043646,-0.372422,64.416193
7.213192,48.277887,8.551703,-7.140256,3.598904,9.000532,53.550069,-71.447965,90.001114,18.549820,90.881592,-0.327771,64.381691
7.463788,86.798308,27.316857,7.464205,-0.250796,11.033166,38.719048,-71.938612,90.001096,18.059146,90.881592,-0.327771,64.381691
7.671852,99.597803,97.458738,22.558854,-18.749193,19.993044,29.712690,-74.767175,90.000927,15.230550,90.881592,-0.327771,64.381691
7.899257,102.076061,142.133616,36.018033,10.704178,10.984660,12.686975,-70.293302,90.001171,19.704504,90.881592,-0.327771,64.381691
8.128911,105.844875,157.204186,46.324164,13.764437,6.570224,8.895759,-70.118549,90.001215,19.879264,90.881592,-0.327771,64.381691
8.324178,105.747510,157.330382,49.515671,7.414018,10.292978,10.602761,-70.544600,90.001208,19.453215,90.881592,-0.327771,64.381691
8.553913,100.810042,119.332445,28.482203,17.435646,11.109517,17.793432,-70.023785,90.001202,19.974035,90.881592,-0.327771,64.381691
8.794925,96.681088,64.712405,15.225998,39.114373,12.419380,22.721376,-70.288332,90.001159,19.709483,90.881592,-0.327771,64.381691
8.994737,87.503337,12.594555,7.030364,7.767421,6.378885,31.439782,-70.504276,90.001162,19.493535,90.881592,-0.327771,64.381691
9.257364,70.302836,6.974361,-0.708122,8.624853,9.634610,45.955808,-71.418411,90.001126,18.579385,90.881592,-0.327771,64.381691
9.461452,62.176201,11.216704,-5.421920,7.059042,12.860410,47.978953,-71.418411,90.001126,18.579385,90.881592,-0.327771,64.381691
9.666736,54.035569,10.044984,-5.096963,5.124745,12.338589,47.766539,-70.749998,90.001153,19.247799,90.881592,-0.327771,64.381691
9.860419,85.321769,16.611508,5.537743,7.262511,11.558092,45.688373,-71.358123,90.001113,18.639659,90.881592,-0.327771,64.381691
10.059787,95.024025,61.142024,18.022527,5.519285,17.855141,27.402610,-72.082280,90.001052,17.915491,90.881592,-0.327771,64.381691
10.282898,97.909372,116.065044,26.510876,4.785611,15.038093,19.195927,-69.152211,90.001194,20.845616,90.881592,-0.327771,64.381691
10.518988,101.793935,148.439849,42.129385,9.936083,1.985324,8.664410,-67.454661,90.001313,22.543209,90.881592,-0.327771,64.381691
10.739190,99.214803,162.600126,36.888489,8.293907,2.993773,0.921139,-67.926571,90.001306,22.071289,90.881592,-0.327771,64.381691
10.972357,101.738414,149.225614,33.338977,11.563092,4.664847,6.957905,-68.643139,90.001245,21.354707,90.881592,-0.327771,64.381691
11.177773,100.708455,115.575139,23.750145,2.072245,14.167963,9.491771,-69.911472,90.001121,20.086341,90.881592,-0.327771,64.381691
11.403755,95.882594,54.392845,10.263573,-5.549895,10.114582,17.999187,-70.610566,90.001083,19.387234,90.881592,-0.327771,64.381691
11.627553,56.523574,9.017329,-4.693606,4.348110,8.653472,38.585587,-71.775635,90.001048,18.222136,90.881592,-0.327771,64.381691
11.858577,45.512481,10.889850,-15.949548,5.683515,12.825104,45.231074,-73.178834,90.000980,16.818914,90.881592,-0.327771,64.381691
12.094341,55.676623,13.974936,-10.027392,5.831874,15.525762,44.519138,-73.298682,90.000971,16.699060,90.881592,-0.327771,64.381691
12.335713,83.891982,32.138992,1.223537,-5.596781,11.521488,40.282440,-73.972208,90.000954,16.025523,90.881592,-0.327771,64.381691
12.574872,91.670091,92.337577,11.389392,17.320973,18.460138,23.529664,-72.718517,90.000977,17.279249,91.043646,-0.372422,64.416193
12.807901,99.548426,152.367502,41.939078,8.875152,10.680434,11.366306,-69.733060,90.001166,20.264761,91.043646,-0.372422,64.416193
13.031182,100.245337,164.864922,31.926242,11.322083,5.272599,6.379525,-68.613139,90.001257,21.384717,91.117068,-0.721351,64.386717
13.268730,99.809674,147.731727,31.386584,15.289218,9.470984,10.143730,-70.288332,90.001159,19.709483,91.117068,-0.721351,64.386717
13.502609,92.708619,93.093504,19.746970,19.455395,18.389613,20.836294,-70.950230,90.001074,19.047569,91.117068,-0.721351,64.386717
13.743368,85.790919,29.972788,11.979095,4.768038,13.790598,34.420323,-71.255116,90.001078,18.742683,91.117068,-0.721351,64.386717
14.010914,26.159804,8.355187,-6.403261,-0.074815,10.492615,47.837457,-72.053653,90.001063,17.944127,91.117068,-0.721351,64.386717
14.237133,56.866175,13.137377,-3.332615,3.854140,14.643157,46.325405,-72.269328,90.001065,17.728449,91.117068,-0.721351,64.386717
14.451726,87.877202,32.121122,11.380972,2.177478,17.643422,41.370038,-72.788824,90.001034,17.208926,91.117068,-0.721351,64.386717
14.691012,95.591475,90.045080,23.007964,0.415775,22.365026,25.783450,-70.951618,90.001086,19.046171,91.117068,-0.721351,64.386717
14.883347,101.885713,134.150786,32.317559,7.351733,12.816230,10.992399,-69.432817,90.001173,20.564995,91.117068,-0.721351,64.386717
15.135469,105.991237,154.114627,41.746326,10.730139,6.930982,3.983784,-69.714145,90.001199,20.283666,91.117068,-0.721351,64.386717
15.352513,104.676282,153.522537,38.674172,12.114963,6.744098,5.175823,-70.661018,90.001151,19.336777,91.117068,-0.721351,64.386717
15.568524,99.182359,132.179799,25.972644,15.813328,10.136725,9.332234,-70.710231,90.001106,19.287562,91.117068,-0.721351,64.386717
15.792032,92.506989,76.422806,8.742031,16.916288,17.410098,17.815506,-71.407685,90.001056,18.590106,91.117068,-0.721351,64.386717
15.992424,81.932487,23.433955,2.248882,9.490668,17.989006,28.196880,-71.749847,90.001070,18.247924,91.117068,-0.721351,64.386717
16.216146,23.028956,6.537398,-6.079728,1.204229,11.676501,51.196140,-73.124874,90.001026,16.872866,91.117068,-0.721351,64.386717
16.416843,64.427644,13.634963,-5.426553,-1.959010,10.283169,49.151742,-73.919842,90.000999,16.077890,91.117068,-0.721351,64.386717
16.641117,90.416928,53.472573,7.935087,1.818804,20.870040,39.419997,-73.850425,90.000965,16.147304,91.117068,-0.721351,64.386717
16.891520,93.962917,113.520884,16.948725,9.653726,20.851298,21.828733,-69.644969,90.001164,20.352849,91.117068,-0.721351,64.386717
17.115710,103.938801,145.800185,28.473268,15.625914,10.852398,3.189083,-68.802031,90.001235,21.195798,91.117068,-0.721351,64.386717
17.339229,104.599528,149.774948,30.440960,16.357882,9.167904,5.611282,-69.931069,90.001202,20.066739,91.117068,-0.721351,64.386717
17.572593,104.622461,149.774967,30.463919,1.930534,11.669739,7.571962,-69.953981,90.001179,20.043826,91.117068,-0.721351,64.386717
17.777053,104.582138,149.775008,30.423642,-28.798437,15.264574,16.258814,-69.913619,90.001132,20.084184,91.117068,-0.721351,64.386717
17.982292,82.521920,36.300701,-2.355512,10.450116,13.571599,26.743267,-69.432817,90.001173,20.564995,91.117068,-0.721351,64.386717
18.215997,78.253028,5.629567,-9.310118,1.433089,8.959193,38.885267,-72.060238,90.001085,17.937523,91.117068,-0.721351,64.386717
18.444924,68.962304,13.058526,-5.849498,5.447187,13.699490,43.945604,-73.124874,90.001026,16.872866,91.117068,-0.721351,64.386717
18.674391,85.853899,35.922503,3.224442,15.533033,21.683655,34.876700,-74.191380,90.000978,15.806329,91.117068,-0.721351,64.386717
18.881326,95.046952,95.003978,20.108368,5.725081,21.465963,21.356104,-72.816238,90.001023,17.181501,91.117068,-0.721351,64.386717
19.087160,100.119687,132.500108,27.580372,10.092750,13.287621,11.456573,-70.933733,90.001131,19.064038,91.117068,-0.721351,64.386717
19.294576,103.768144,143.893479,30.969600,18.166335,11.332927,5.975125,-71.607626,90.001115,18.390132,91.117068,-0.721351,64.386717
19.517683,102.797528,141.951577,28.375409,17.974337,10.999793,8.296935,-72.064762,90.001096,17.932989,91.117068,-0.721351,64.386717
19.739709,98.935451,125.268002,19.058884,20.715849,12.684567,11.562024,-71.871176,90.001072,18.126579,91.117068,-0.721351,64.386717
19.963384,90.673386,75.574659,7.489630,21.227326,18.664634,19.100493,-72.286585,90.001007,17.711159,91.117068,-0.721351,64.386717
20.181785,77.162800,19.887926,-1.256591,9.870716,14.240211,35.608464,-70.953820,90.001097,19.043960,91.117068,-0.721351,64.386717
20.402171,9.526693,5.716441,-4.532208,2.638426,10.702188,49.395703,-74.310141,90.000958,15.687571,91.117068,-0.721351,64.386717
20.632956,59.804275,12.789844,-7.845714,5.395051,16.347255,48.205808,-75.591238,90.000900,14.406451,91.117068,-0.721351,64.386717
20.848999,77.307118,26.727678,3.796715,4.436414,18.226843,45.309770,-74.215998,90.000956,15.781711,91.117068,-0.721351,64.386717
21.071284,85.729410,76.735520,9.444067,12.685090,22.874113,27.939028,-73.202555,90.000970,16.795175,91.117068,-0.721351,64.386717
21.296117,94.583986,124.962716,17.540175,12.672364,15.548986,7.238259,-72.960606,90.000991,17.037127,91.117068,-0.721351,64.386717
21.521500,101.674100,146.436836,27.180873,14.837750,8.026419,2.087231,-72.908462,90.001024,17.089281,91.117068,-0.721351,64.386717
21.729220,102.112866,147.570024,26.885562,16.528360,7.366239,3.544636,-72.908462,90.001024,17.089281,91.117068,-0.721351,64.386717
21.932651,98.045728,130.907021,19.351183,20.931958,10.275605,5.448027,-73.083208,90.000980,16.914528,91.117068,-0.721351,64.386717
22.165575,91.377082,85.684217,7.625060,21.579764,20.735371,13.844648,-73.959322,90.000897,16.038396,91.117068,-0.721351,64.386717
22.401410,87.539556,23.123154,2.574015,-3.100820,14.738440,37.883681,-73.541348,90.000950,16.456390,91.117068,-0.721351,64.386717
22.653126,81.501388,9.655933,-1.300048,2.881106,10.025032,52.031787,-75.765281,90.000844,14.232412,91.117068,-0.721351,64.386717
22.884822,80.339412,13.721520,-3.263196,5.133039,15.387840,50.297599,-74.848162,90.000882,15.149544,91.117068,-0.721351,64.386717
23.118367,90.924365,30.242865,1.481680,3.112388,14.170592,45.409132,-75.790613,90.000833,14.207070,91.117068,-0.721351,64.386717
23.369564,96.062543,89.243350,10.970365,20.688878,18.443831,20.418246,-76.085621,90.000778,13.912049,91.117068,-0.721351,64.386717
23.600865,104.449239,134.709227,27.549822,9.880943,10.414435,11.123713,-74.079012,90.000887,15.918700,91.117068,-0.721351,64.386717
23.843541,106.868182,142.168354,31.420027,13.082689,8.372341,8.549019,-73.352379,90.000937,16.645353,91.117068,-0.721351,64.386717
24.099756,104.427077,135.495561,24.882515,9.785808,9.313094,9.120364,-73.162286,90.000924,16.835439,91.117068,-0.721351,64.386717
24.343389,94.601200,87.818636,7.929450,15.842480,15.042898,11.205312,-72.975103,90.000900,17.022624,91.117068,-0.721351,64.386717
24.580501,79.959697,32.123114,1.125049,12.493104,16.295672,18.065061,-72.249403,90.000949,17.748345,91.117068,-0.721351,64.386717
24.814300,51.593898,8.962265,-13.086625,4.892231,10.092914,35.354730,-73.352379,90.000937,16.645353,91.117068,-0.721351,64.386717
25.013307,59.246385,8.723241,-13.261286,4.442794,12.847067,53.157478,-73.957075,90.000908,16.040634,91.117068,-0.721351,64.386717
25.250244,64.325692,14.813130,-11.230711,3.437299,13.070483,50.919405,-73.377755,90.000926,16.619967,91.117068,-0.721351,64.386717
25.483662,85.565008,50.447824,4.950819,-4.292740,18.783422,36.669765,-75.572454,90.000842,14.425223,91.117068,-0.721351,64.386717
25.684973,94.287497,106.130967,14.342003,8.789490,19.564711,11.856683,-75.330125,90.000863,14.667554,91.117068,-0.721351,64.386717
25.915342,98.605788,137.463635,20.814786,10.675097,11.614517,1.535617,-71.654519,90.001070,18.343240,91.117068,-0.721351,64.386717
26.176114,103.239689,145.115264,27.918469,11.408422,7.481495,4.081588,-72.064762,90.001096,17.932989,91.117068,-0.721351,64.386717
26.375948,101.799342,135.991263,23.292887,9.788222,9.696658,6.694793,-71.847615,90.001094,18.150140,91.117068,-0.721351,64.386717
26.599108,94.519938,91.425116,13.857612,3.529916,18.576476,11.477812,-71.654519,90.001070,18.343240,91.117068,-0.721351,64.386717
26.814569,84.143019,33.662265,4.526855,18.124579,17.237534,22.240006,-71.752805,90.001081,18.244956,91.117068,-0.721351,64.386717
27.026785,36.985211,5.437595,-8.267023,5.008577,10.975447,45.306446,-73.341443,90.001028,16.656293,91.117068,-0.721351,64.386717
27.261612,57.131997,10.664887,-5.662371,6.618445,12.608766,45.528845,-74.958105,90.000962,15.039606,91.117068,-0.721351,64.386717
27.531223,86.524967,49.943659,6.479558,4.026933,18.465143,32.870626,-73.851686,90.000976,16.146033,91.117068,-0.721351,64.386717
27.764414,95.076425,107.123718,15.161211,5.722154,16.051008,16.599252,-71.895593,90.001049,18.102162,91.117068,-0.721351,64.386717
27.982863,104.296208,143.457874,31.121632,11.849796,9.062489,7.879410,-71.630641,90.001092,18.367117,91.117068,-0.721351,64.386717
28.243506,107.353147,149.088200,38.064333,13.304991,7.373451,8.306744,-71.752805,90.001081,18.244956,91.117068,-0.721351,64.386717
28.491379,100.424182,129.390945,24.287451,15.300912,10.201398,11.077846,-71.920864,90.001027,18.076890,91.117068,-0.721351,64.386717
28.696400,94.479287,83.213790,10.328067,12.272313,15.223983,19.133579,-72.679201,90.000953,17.318541,91.117068,-0.721351,64.386717
28.929498,87.104212,23.539373,4.600102,5.095040,13.704711,33.997090,-72.044760,90.001005,17.953007,91.117068,-0.721351,64.386717
29.192454,83.279658,11.470304,0.478267,0.712752,8.225884,37.430933,-72.286690,90.000996,17.711063,91.117068,-0.721351,64.386717
29.439010,83.279658,11.470304,0.478267,3.899118,10.080888,42.729212,-72.286690,90.000996,17.711063,91.117068,-0.721351,64.386717
29.679348,90.982175,59.646085,9.696794,-0.332153,16.565846,36.362824,-73.690750,90.000928,16.306981,91.117068,-0.721351,64.386717
29.897784,99.319977,112.192071,21.961769,2.958094,14.520219,12.590838,-72.383449,90.001007,17.614307,91.117068,-0.721351,64.386717
30.122673,105.190825,138.690298,35.640365,6.256306,8.524583,7.813157,-71.534085,90.001068,18.463690,91.117068,-0.721351,64.386717
30.343082,107.356533,142.989492,41.038337,9.013748,7.403034,8.130484,-71.894116,90.001038,18.103648,91.117068,-0.721351,64.386717
30.579117,101.408937,131.996498,28.579117,11.974551,7.667469,12.005789,-71.436427,90.001056,18.561345,91.117068,-0.721351,64.386717
30.822603,96.041347,84.526553,11.852357,15.025120,12.488330,19.122517,-72.286690,90.000996,17.711063,91.117068,-0.721351,64.386717
31.065095,91.910558,31.044732,5.544589,9.434227,11.202705,24.064594,-72.744675,90.000977,17.253071,91.117068,-0.721351,64.386717
31.301018,58.798463,5.667358,-10.116945,3.193131,9.211312,43.257166,-72.935518,90.001013,17.062215,91.117068,-0.721351,64.386717
31.528182,54.797720,11.006934,-10.955692,4.928295,10.604347,43.385623,-74.405568,90.000969,15.592147,91.117068,-0.721351,64.386717
31.751626,83.285488,28.850471,4.788293,13.096803,15.701289,37.389948,-72.694459,90.001034,17.303278,91.117068,-0.721351,64.386717
31.994680,93.119166,89.161509,12.498625,3.495430,16.452193,20.312739,-71.371782,90.001044,18.625977,91.117068,-0.721351,64.386717
32.211880,102.115988,130.831315,26.231067,2.044415,8.768815,10.603400,-70.980819,90.001086,19.016951,91.117068,-0.721351,64.386717
32.462510,106.762183,142.305047,35.676296,7.223760,5.692339,7.429359,-71.019286,90.001121,18.978498,91.117068,-0.721351,64.386717
32.711170,104.996367,132.178897,30.161571,9.481285,5.632519,10.302208,-71.170013,90.001099,18.827763,91.117068,-0.721351,64.386717
32.946714,97.910369,76.555979,15.397887,13.314551,10.687072,11.522419,-71.561355,90.001057,18.436410,91.117068,-0.721351,64.386717
33.161639,86.498853,24.056156,10.374806,10.964030,11.742318,23.758862,-70.703981,90.001107,19.293804,90.364719,-0.358727,68.423949
33.409795,31.964811,5.910728,-3.229617,5.549899,8.694123,37.122246,-72.181903,90.001074,17.815861,93.308029,2.888352,141.681060
33.602938,38.974091,5.909158,-2.926479,7.907575,13.139061,44.288420,-72.667233,90.001045,17.330513,90.073967,-5.298127,149.009883
33.815175,85.655066,14.812229,8.733263,2.681772,7.194224,42.025461,-73.582779,90.001008,16.414953,47.228344,-50.170137,127.858344
34.012737,98.381546,70.322046,16.317672,7.922064,13.618176,28.433284,-72.018597,90.001039,17.979161,6.025463,-62.582133,93.832895
34.244687,106.183839,119.198568,36.382103,10.322016,6.170443,17.823838,-71.993520,90.001061,18.004237,4.808292,-59.814167,94.478427
34.491442,116.648834,138.809211,50.668146,6.846513,2.247162,12.458158,-72.301194,90.001065,17.696563,4.655135,-59.797379,94.660542
34.698850,116.519564,138.267858,50.826460,6.827719,3.726209,12.393640,-72.181903,90.001074,17.815861,4.655135,-59.797379,94.660542
34.951208,109.667821,116.300983,33.800621,11.061034,5.584402,13.586865,-72.450848,90.001043,17.546902,5.126095,-59.757054,95.457795
35.172985,99.875970,69.288068,23.002184,14.163669,14.256913,15.637516,-72.352110,90.001020,17.645647,5.185758,-64.635432,104.889181
35.360071,81.821350,19.353210,4.434870,11.273404,13.238674,30.046044,-71.627217,90.001081,18.370551,9.916208,-70.016856,136.788427
35.609750,54.684914,7.065239,2.251313,8.742456,13.832355,43.083848,-73.610990,90.000996,16.386742,11.334703,-71.895560,152.251019
35.798343,64.050536,11.426051,2.400004,7.893381,13.946886,46.044080,-73.489973,90.001006,16.507755,11.398025,-71.762689,152.896678
36.024931,84.438436,28.248299,11.496141,7.600953,15.902556,41.018014,-72.935518,90.001013,17.062215,11.412754,-71.779721,151.654663
36.225380,91.964280,66.551400,16.562817,9.567635,20.010744,30.454630,-72.410243,90.001008,17.587494,11.687477,-71.821105,151.497471
36.438045,97.888050,113.696256,24.810211,12.532603,15.323291,14.325702,-72.261381,90.001030,17.736362,13.771595,-72.072637,127.925496
36.653321,106.710579,139.245435,41.050779,11.965251,6.206494,8.277292,-72.334933,90.001064,17.662814,9.384336,-72.634433,100.015988
36.865892,108.674722,139.977589,43.653765,14.157025,5.195273,7.583390,-73.124874,90.001026,16.872866,9.844768,-72.600961,100.635940
37.099897,104.108186,122.642928,33.800522,16.054449,7.146734,10.732313,-72.933967,90.001002,17.063775,12.646202,-73.332391,87.528703
37.285496,92.932378,76.210788,19.339231,28.847305,16.637144,14.121551,-72.233070,90.001029,17.764693,5.016358,-70.298239,52.272778
37.505586,78.268917,22.938289,4.976109,11.901804,14.090541,33.502061,-71.840485,90.001072,18.157290,4.765835,-70.445589,53.576794
37.686256,26.414759,6.557640,-6.355502,9.676055,12.478985,38.152038,-73.987367,90.001023,16.010367,4.739538,-70.448125,52.367738
37.911730,61.492443,8.853440,-2.548038,8.744525,11.666282,38.644387,-73.746138,90.001044,16.251599,4.857987,-70.841433,53.947738
38.107449,95.873038,51.369021,12.802722,9.419943,16.210407,30.670900,-74.164149,90.000990,15.833570,5.756106,-71.461660,66.113008
38.284551,102.654369,109.560366,22.059341,9.350214,13.358746,17.305660,-71.561355,90.001057,18.436410,-31.236384,-76.982303,80.835411
38.498465,110.656536,139.649304,36.059056,11.455440,5.470544,6.494102,-70.449637,90.001160,19.548151,22.171474,-67.837797,-134.108293
38.720707,112.947670,140.300870,38.165212,15.784497,5.883778,6.165840,-72.064762,90.001096,17.932989,21.052256,-64.118405,-123.667998
38.934478,108.534161,131.241451,29.719113,8.411688,6.504013,9.704972,-72.209872,90.001063,17.787882,26.841029,-64.479810,-125.843887
39.151387,102.088988,89.537152,15.481301,1.263866,13.353412,14.264168,-72.352110,90.001020,17.645647,32.733740,-79.858408,126.633404
39.355892,94.660520,30.762154,10.799778,9.764184,12.795548,29.616583,-72.137061,90.001029,17.860690,21.385246,-72.997826,24.845052
39.531974,50.826221,6.120193,-1.807773,9.236123,13.261159,45.789264,-73.608201,90.000986,16.389531,-2.132927,-81.717494,57.018772
39.733713,61.620083,11.564451,-0.465278,8.766778,14.723777,46.832743,-73.610154,90.000997,16.387569,36.684259,-75.134869,-110.908487
39.954876,95.001150,49.803129,17.724124,-1.215923,17.751277,40.536656,-73.203004,90.000982,16.794715,43.927022,-78.592169,124.186697
40.162764,94.540573,87.581426,16.755655,29.488292,13.137577,12.785054,-70.880480,90.001063,19.117297,49.865613,-77.632038,-148.140289
40.402018,99.073632,139.611514,29.570295,11.371212,2.728740,2.180744,-70.373334,90.001126,19.624452,34.278086,-80.298269,174.945653
40.637718,105.046988,152.842463,41.963221,14.153138,-0.346832,-0.410385,-71.145982,90.001122,18.851794,17.284839,-78.166707,115.355664
40.852280,103.979972,143.724459,37.865281,15.096439,1.642178,3.983045,-71.386393,90.001101,18.611380,13.329221,-77.453351,106.476538
41.105781,101.415752,115.061347,28.308209,18.590923,9.130513,6.796105,-71.828997,90.001014,18.168763,11.636826,-75.547660,104.369061
41.314234,98.340881,62.064870,17.126024,20.138954,13.166879,19.224165,-72.071301,90.000994,17.926456,73.534257,-44.396864,158.770236
41.571031,75.550106,14.367398,4.474846,3.737556,10.898062,41.152857,-71.534085,90.001068,18.463690,89.751600,6.338869,171.163090
41.792567,48.001535,10.095259,1.276101,8.108116,13.001389,51.530662,-74.189209,90.000967,15.808509,89.114070,3.961889,164.276456
42.022845,86.555182,36.563891,11.407920,13.162742,21.487159,37.059576,-73.325321,90.000959,16.672412,89.611204,3.700342,166.367851
42.233383,93.986007,69.940877,15.112087,29.193971,23.031195,24.209165,-72.312630,90.000985,17.685113,89.708833,3.733028,168.223024
42.450491,101.619438,112.040648,28.937266,25.024144,13.859371,7.359885,-72.070640,90.001005,17.927106,89.745621,3.155171,168.371431
42.659955,108.024325,132.198870,42.724274,21.930346,7.560666,4.990614,-72.045112,90.001027,17.952635,89.701454,2.935086,168.606637
42.850536,107.624916,134.885962,44.323804,20.697431,6.414762,3.502442,-72.137061,90.001029,17.860690,89.900611,2.679770,168.618160
43.065004,107.177389,130.080659,42.113812,21.424117,7.463942,4.405085,-72.384128,90.001019,17.613619,89.724273,2.607566,169.430612
43.310612,102.605981,103.639755,27.325793,27.625542,13.295457,7.661429,-73.325321,90.000959,16.672412,89.724273,2.607566,169.430612
43.526451,93.846655,56.223960,16.759476,19.781555,20.294516,15.205199,-73.325321,90.000959,16.672412,89.724273,2.607566,169.430612
43.712489,67.531234,9.823465,3.758952,12.314345,14.062027,42.722131,-73.731302,90.000986,16.266423,89.724273,2.607566,169.430612
43.923497,41.043645,7.589910,-1.349923,10.603885,14.756579,51.328790,-75.443718,90.000932,14.553977,89.724273,2.607566,169.430612
44.164251,89.419926,35.801454,11.590814,3.868858,17.728297,43.180301,-75.107581,90.000941,14.890114,89.724273,2.607566,169.430612
44.372496,98.765319,86.083098,21.913158,11.846098,21.757035,28.693873,-73.635145,90.000974,16.362577,89.724273,2.607566,169.430612
44.577205,105.350436,125.555718,36.220496,19.233384,11.723092,13.621067,-71.413847,90.001090,18.583916,89.724273,2.607566,169.430612
44.790186,110.331503,139.466951,47.671394,19.025775,5.243862,9.999892,-71.938612,90.001096,18.059146,89.724273,2.607566,169.430612
44.971729,109.455197,136.505706,44.531960,20.309714,5.376535,9.813395,-72.762715,90.001058,17.235025,89.724273,2.607566,169.430612
45.173738,105.126465,120.881360,33.050922,22.354948,8.306737,11.175794,-72.667233,90.001045,17.330513,89.724273,2.607566,169.430612
45.379013,98.138131,76.695954,16.209178,19.559096,17.141272,13.737508,-72.476139,90.001020,17.521611,89.724273,2.607566,169.430612
45.564825,85.772283,29.242152,10.840387,6.984552,13.806518,23.016611,-72.209872,90.001063,17.787882,89.724273,2.607566,169.430612
45.797671,0.249951,6.203191,-0.573369,10.244281,11.243078,47.900836,-74.328022,90.001026,15.669701,89.724273,2.607566,169.430612
46.002716,62.648875,12.002565,-3.198072,10.298158,15.927537,45.056806,-74.328022,90.001026,15.669701,89.724273,2.607566,169.430612
46.247017,93.478332,73.507597,9.629154,15.077980,20.913924,26.307616,-73.678474,90.001020,16.319261,89.724273,2.607566,169.430612
46.443315,98.982665,109.699158,21.730742,21.545573,14.840808,7.049796,-71.212500,90.001146,18.785280,89.724273,2.607566,169.430612
46.686506,104.740676,133.359162,37.717412,21.372728,5.203762,1.142776,-71.168299,90.001191,18.829481,89.724273,2.607566,169.430612
46.871667,106.188126,133.702186,38.574294,21.736297,5.435940,2.119147,-71.962099,90.001164,18.035671,89.724273,2.607566,169.430612
47.088722,102.436315,113.023516,29.344261,24.087397,10.272023,5.300030,-71.767467,90.001139,18.230307,89.724273,2.607566,169.430612
47.285278,99.452562,68.348385,22.366612,20.339585,18.245786,18.627465,-71.693374,90.001105,18.304398,89.724273,2.607566,169.430612
47.501949,82.133194,16.273163,9.520943,16.016068,17.109215,40.865598,-71.819689,90.001106,18.178076,89.724273,2.607566,169.430612
47.740150,10.596449,8.950347,-1.397220,11.253296,11.730831,49.956598,-73.288552,90.001062,16.709193,89.724273,2.607566,169.430612
47.959868,78.003420,16.843932,10.031121,10.742021,15.870210,47.159434,-73.775031,90.001032,16.222697,89.724273,2.607566,169.430612
48.185017,94.038344,59.400401,21.297573,14.953701,22.828565,30.244433,-72.643085,90.001067,17.354662,89.724273,2.607566,169.430612
48.404999,98.149969,105.747352,27.358634,20.626578,16.039861,9.889077,-70.321992,90.001159,19.675804,89.724273,2.607566,169.430612
48.616442,104.569412,132.329548,34.549637,19.937251,8.950447,3.929883,-70.755619,90.001164,19.242169,89.724273,2.607566,169.430612
48.825283,106.942737,141.409817,39.896534,21.657391,5.480768,0.935395,-70.822231,90.001188,19.175560,89.724273,2.607566,169.430612
49.064136,106.921648,135.404288,38.285739,21.170104,6.462698,3.813996,-70.733343,90.001186,19.264445,89.724273,2.607566,169.430612
49.269035,100.771584,106.441936,25.592591,26.781339,10.852758,7.767413,-70.778785,90.001141,19.219003,89.724273,2.607566,169.430612
49.471293,94.385975,55.444569,11.334070,16.772706,18.443595,21.252438,-70.472871,90.001137,19.524917,89.724273,2.607566,169.430612
49.650545,83.019678,13.299121,-7.960079,14.000822,17.297750,33.601422,-70.755619,90.001164,19.242169,89.724273,2.607566,169.430612
49.882906,54.620159,7.231600,-3.915546,11.344498,12.371553,49.690182,-72.831225,90.001081,17.166527,89.724273,2.607566,169.430612
50.128368,97.986556,49.024613,14.780275,4.871455,16.393064,38.465997,-72.426396,90.001065,17.571354,89.724273,2.607566,169.430612
50.340097,102.286626,102.091056,29.019098,9.793184,15.635875,25.091247,-71.563331,90.001068,18.434424,89.724273,2.607566,169.430612
50.595815,106.897396,136.268124,43.399062,19.050303,8.066094,6.492689,-69.286168,90.001206,20.711643,89.724273,2.607566,169.430612
50.789460,108.394810,141.867693,49.148203,19.980498,5.620900,5.928985,-69.359752,90.001242,20.638052,89.724273,2.607566,169.430612
51.014063,108.072979,133.080707,45.308517,18.468065,6.386479,9.012812,-69.577851,90.001244,20.419949,89.724273,2.607566,169.430612
51.227206,104.600808,110.457846,36.794509,10.752298,13.042048,12.020549,-69.271774,90.001240,20.726026,89.724273,2.607566,169.430612
51.426360,96.126274,54.239260,18.959045,-1.426426,14.984917,30.044397,-68.924144,90.001237,21.073668,89.724273,2.607566,169.430612
51.682002,7.706265,7.141124,-1.639438,8.728025,9.973754,46.590295,-68.884186,90.001282,21.113627,89.724273,2.607566,169.430612
51.923754,77.378531,14.963580,8.055858,8.524629,12.503985,42.158866,-70.640735,90.001186,19.357040,89.724273,2.607566,169.430612
52.125498,92.994693,54.610471,15.805532,16.349264,19.071495,32.966967,-71.051155,90.001121,18.946609,89.724273,2.607566,169.430612
52.356445,102.735613,112.138319,31.591500,13.493099,13.780942,15.584386,-70.133123,90.001146,19.864667,89.724273,2.607566,169.430612
52.578053,109.371210,141.868792,43.259542,16.930353,4.381660,6.016535,-69.047215,90.001226,20.950599,89.724273,2.607566,169.430612
52.838790,105.922505,136.500763,38.679622,14.958213,6.411940,7.902401,-69.770094,90.001177,20.227697,89.724273,2.607566,169.430612
53.086554,101.934840,89.931861,23.485221,20.092030,13.356586,13.721549,-71.587080,90.001034,18.410685,89.724273,2.607566,169.430612
53.294472,97.645482,46.665880,16.863484,5.078562,15.903839,25.510966,-71.443525,90.001066,18.554247,89.724273,2.607566,169.430612
53.484777,55.601155,3.550283,11.613040,10.415842,6.878825,32.066359,-71.386393,90.001101,18.611380,89.724273,2.607566,169.430612
53.719805,62.043776,7.688791,4.735902,17.108898,18.170019,51.583965,-73.947651,90.000988,16.050071,89.724273,2.607566,169.430612
53.903487,84.547825,14.737481,11.010833,15.688663,17.999160,52.337096,-73.366348,90.001006,16.631387,89.724273,2.607566,169.430612
54.124942,76.271388,11.186249,8.415346,7.923383,13.755163,53.836630,-72.328810,90.001054,17.668938,89.724273,2.607566,169.430612
54.349584,63.573177,8.886262,5.504363,7.226167,12.322371,52.555916,-72.911254,90.001036,17.086480,89.724273,2.607566,169.430612
54.585242,62.947388,11.248400,3.649077,6.252055,13.683760,51.259796,-72.911254,90.001036,17.086480,89.724273,2.607566,169.430612
54.812983,66.019906,10.583828,4.562119,5.772061,13.110383,51.147819,-71.996601,90.001072,18.001147,89.724273,2.607566,169.430612
54.994665,64.895202,10.440104,3.870651,5.663567,12.283515,50.331502,-72.453785,90.001054,17.543956,89.724273,2.607566,169.430612
55.190602,64.547754,10.127513,3.893603,5.318961,11.965538,49.935340,-72.786733,90.001035,17.211007,89.724273,2.607566,169.430612
55.416087,66.143495,10.892161,4.185554,5.317483,12.057400,49.220933,-71.630641,90.001092,18.367117,89.724273,2.607566,169.430612
55.675404,70.828674,11.612982,6.575426,5.709944,11.709622,47.114866,-73.368993,90.001017,16.628733,89.724273,2.607566,169.430612
55.905665,64.323711,9.636003,1.549460,4.028702,10.661709,49.357730,-73.585968,90.001019,16.411754,89.724273,2.607566,169.430612
56.158315,88.099362,29.357865,9.348153,-6.133844,6.688607,39.355045,-73.585968,90.001019,16.411754,89.724273,2.607566,169.430612
56.420392,94.843610,85.145131,13.820418,20.173907,10.155435,19.257263,-71.464300,90.001057,18.533452,89.724273,2.607566,169.430612
56.639031,99.344232,131.942736,32.113729,3.803501,6.648418,13.638306,-70.226915,90.001159,19.770868,89.724273,2.607566,169.430612
56.836540,101.371830,148.836580,38.312480,7.154789,3.572228,12.106837,-69.720538,90.001211,20.277264,89.724273,2.607566,169.430612
57.069787,104.884986,134.672785,39.479439,8.071436,3.647444,14.135735,-71.481028,90.001114,18.516738,89.724273,2.607566,169.430612
57.285680,100.938408,87.761908,27.150521,11.666756,12.197595,17.334185,-71.627217,90.001081,18.370551,89.724273,2.607566,169.430612
57.513153,91.909154,19.143393,10.230251,6.169027,9.472170,32.693446,-72.118515,90.001062,17.879236,89.724273,2.607566,169.430612
57.712418,63.004834,7.895531,3.243931,-1.255531,4.928074,44.980837,-75.083304,90.000964,14.914390,89.724273,2.607566,169.430612
57.912566,91.615372,32.495263,12.654541,0.831936,11.762310,36.605957,-74.866272,90.000962,15.131426,89.724273,2.607566,169.430612
58.151713,101.347734,96.350823,24.687396,2.644268,12.562770,25.319926,-73.083882,90.000991,16.913844,89.724273,2.607566,169.430612
58.361753,104.473313,135.675311,37.584540,6.010966,8.095841,14.837390,-70.616888,90.001117,19.380884,89.724273,2.607566,169.430612
58.577466,104.558828,149.287636,39.646587,9.236137,5.736903,9.841649,-71.029047,90.001144,18.968717,89.724273,2.607566,169.430612
58.800190,101.799235,135.303347,33.502006,12.211373,7.159613,12.153171,-71.630641,90.001092,18.367117,89.724273,2.607566,169.430612
59.082996,91.661756,66.495876,17.575429,20.779007,16.393618,23.464787,-71.463114,90.001045,18.534647,89.724273,2.607566,169.430612
59.350403,78.127741,14.358820,2.302786,6.342437,10.186700,36.398205,-71.847615,90.001094,18.150140,89.724273,2.607566,169.430612
59.576853,60.428375,6.699854,-4.635742,4.966140,7.815618,41.257908,-73.585968,90.001019,16.411754,89.724273,2.607566,169.430612
59.800005,83.880954,31.200134,8.426623,10.139230,13.645947,36.559019,-72.328810,90.001054,17.668938,89.724273,2.607566,169.430612
60.036292,94.395078,80.621974,18.523510,18.668466,18.214197,23.889692,-72.261381,90.001030,17.736362,89.724273,2.607566,169.430612
60.292797,102.299612,128.675939,31.496255,9.266082,10.978179,11.583472,-71.173583,90.001110,18.824184,89.724273,2.607566,169.430612
60.526257,102.536852,142.718076,34.569190,9.845884,7.266662,7.788908,-71.272597,90.001122,18.725173,89.724273,2.607566,169.430612
60.768776,100.412847,135.466175,28.571671,7.215358,9.770496,9.741946,-71.993520,90.001061,18.004237,89.724273,2.607566,169.430612
61.017388,99.263190,84.232704,20.415780,18.503301,13.631710,12.656266,-72.770661,90.000966,17.227074,89.724273,2.607566,169.430612
61.281225,92.827962,25.959803,10.072474,-1.952220,10.006869,28.548308,-73.351126,90.000948,16.646596,89.724273,2.607566,169.430612
61.483690,52.850884,5.780263,3.606138,4.462801,8.748506,41.169074,-74.916138,90.000917,15.081561,89.724273,2.607566,169.430612
61.730642,80.219772,16.603404,13.667359,9.037390,11.201420,46.033674,-74.215998,90.000956,15.781711,89.724273,2.607566,169.430612
61.948277,95.452603,60.023364,21.475733,14.874453,14.654441,32.518614,-72.379830,90.001020,17.617908,89.724273,2.607566,169.430612
62.164921,101.779946,105.106559,21.773951,17.934536,13.731774,15.815206,-71.681001,90.001059,18.316747,89.724273,2.607566,169.430612
62.380239,103.805454,132.449686,30.037054,11.727788,11.241157,8.270942,-71.173583,90.001110,18.824184,89.724273,2.607566,169.430612
62.613346,106.827849,139.581438,32.889798,14.661989,10.962572,9.127975,-72.305020,90.001076,17.692727,89.724273,2.607566,169.430612
62.831515,105.001600,127.599230,28.317963,9.468654,12.049991,10.402438,-72.353443,90.001031,17.644305,89.724273,2.607566,169.430612
63.063721,99.429641,82.492833,17.629753,13.033513,15.537156,25.391788,-72.867638,90.000989,17.130091,89.724273,2.607566,169.430612
63.282727,86.612530,32.041299,7.842081,6.634866,10.771397,38.307317,-72.353443,90.001031,17.644305,89.724273,2.607566,169.430612
63.506081,51.435733,4.354566,-2.923260,3.207896,7.294460,41.171577,-72.762715,90.001058,17.235025,89.724273,2.607566,169.430612
63.724622,89.344389,20.678725,20.852039,-2.260786,8.059371,43.801165,-73.733618,90.000997,16.264098,89.724273,2.607566,169.430612
63.955343,96.850199,71.904932,20.819326,7.786128,20.125522,30.920712,-72.435533,90.000996,17.562193,89.724273,2.607566,169.430612
64.167305,99.000813,106.709730,27.011877,19.370508,14.423129,16.097722,-71.156386,90.001053,18.841367,89.724273,2.607566,169.430612
64.374007,104.253892,128.454055,34.286275,17.165031,10.817803,10.936434,-71.563331,90.001068,18.434424,89.724273,2.607566,169.430612
64.588538,105.352016,128.067580,33.342328,13.236656,10.855758,11.401431,-72.502717,90.001009,17.495023,89.724273,2.607566,169.430612
64.805333,100.456771,103.345435,21.451348,6.907521,14.265257,15.363100,-73.135335,90.000946,16.862390,89.724273,2.607566,169.430612
65.017035,92.250551,49.714035,12.921664,-3.772005,12.261014,31.454080,-72.652002,90.000976,17.345741,89.724273,2.607566,169.430612
65.232339,54.483732,4.204491,3.662728,2.674069,5.648326,35.951682,-73.945627,90.000977,16.052105,89.724273,2.607566,169.430612
65.450412,67.306826,14.029530,1.641339,4.848321,9.692278,43.891336,-74.619655,90.000960,15.378066,89.724273,2.607566,169.430612
65.665079,93.078564,54.443050,11.884739,13.519516,13.929407,35.159607,-73.756944,90.000963,16.240782,89.724273,2.607566,169.430612
65.875794,97.726354,110.963752,20.531701,7.617391,15.952649,21.272145,-70.953820,90.001097,19.043960,89.724273,2.607566,169.430612
66.092018,104.342815,131.596404,25.801361,17.953524,12.559811,11.520189,-71.752805,90.001081,18.244956,89.724273,2.607566,169.430612
66.308656,103.156742,125.808893,24.163184,17.893440,11.867102,14.111277,-72.694459,90.001034,17.303278,89.724273,2.607566,169.430612
66.525038,97.917212,94.100323,16.011561,16.893644,14.370772,17.952123,-72.960606,90.000991,17.037127,89.724273,2.607566,169.430612
66.728771,93.334994,29.896865,8.537041,5.725364,8.893073,45.622835,-72.261381,90.001030,17.736362,89.724273,2.607566,169.430612
66.940652,80.157194,5.912828,2.872699,1.445363,4.652593,44.520739,-75.107581,90.000941,14.890114,89.724273,2.607566,169.430612
67.160936,94.946872,25.753098,16.704641,1.082987,8.906663,42.727384,-74.985847,90.000951,15.011854,89.724273,2.607566,169.430612
67.390135,101.651183,84.074148,29.408169,4.525150,14.964705,28.061228,-73.853784,90.000987,16.143925,89.724273,2.607566,169.430612
67.606086,109.436564,127.435505,37.157109,16.859471,12.989541,10.174854,-72.457545,90.001065,17.540186,89.724273,2.607566,169.430612
67.823176,109.385166,127.026415,36.776372,21.324794,12.217689,7.066439,-72.887814,90.001058,17.109918,89.724273,2.607566,169.430612
68.039173,103.554948,102.921008,25.812659,18.236827,13.856947,10.504957,-73.733618,90.000997,16.264098,89.724273,2.607566,169.430612
68.259417,91.358065,40.956189,11.920579,12.783094,13.661047,29.267501,-72.426396,90.001065,17.571354,89.724273,2.607566,169.430612
68.472509,-7.696010,3.903984,-6.723743,6.844372,8.685187,35.836951,-72.836908,90.001092,17.160834,89.724273,2.607566,169.430612
68.699014,74.305037,14.635898,4.577364,4.896600,10.299209,44.539702,-74.573836,90.001016,15.423874,89.724273,2.607566,169.430612
68.921517,94.485611,56.620104,17.599774,6.296500,17.790903,40.786412,-72.887814,90.001058,17.109918,89.724273,2.607566,169.430612
69.141829,104.199963,104.984446,20.637559,16.567629,17.193769,21.932370,-72.549634,90.001067,17.448100,89.724273,2.607566,169.430612
69.356352,108.436016,123.977844,30.647560,28.066625,16.342240,7.512165,-71.852409,90.001106,18.145337,89.724273,2.607566,169.430612
69.575422,107.066785,119.629373,29.517573,21.292454,12.758114,12.504150,-73.105067,90.001060,16.892662,89.724273,2.607566,169.430612
69.820530,100.609165,88.595095,18.448426,23.825212,15.257728,18.035064,-72.694459,90.001034,17.303278,89.724273,2.607566,169.430612
70.031174,87.268405,28.239051,9.754919,10.854916,12.723127,35.221677,-71.630641,90.001092,18.367117,89.724273,2.607566,169.430612
70.298654,-29.330145,5.087584,-2.550946,8.570009,8.012252,48.287714,-73.562589,90.001042,16.435133,89.724273,2.607566,169.430612
70.537816,81.412108,21.227238,6.413283,19.927055,15.337231,38.651264,-73.105067,90.001060,16.892662,89.724273,2.607566,169.430612
70.786001,96.052472,84.707671,10.959696,15.268628,17.482820,26.397164,-72.720858,90.001022,17.276869,89.724273,2.607566,169.430612
71.034911,99.186796,123.452177,18.300355,32.102266,15.490362,8.553741,-71.734143,90.001115,18.263608,89.724273,2.607566,169.430612
71.253498,100.016720,125.591614,20.821993,23.108037,13.385416,8.762801,-71.951491,90.001117,18.046257,89.724273,2.607566,169.430612
71.487961,96.491132,98.887648,14.277881,23.834694,16.920148,12.670314,-72.088012,90.001074,17.909739,89.724273,2.607566,169.430612
71.719404,84.594995,30.893486,4.855549,21.290450,21.097248,34.957490,-72.185957,90.001086,17.811797,89.724273,2.607566,169.430612
71.962034,33.870807,4.555156,-2.922913,4.178603,6.682690,44.218280,-74.426440,90.001038,15.571276,89.724273,2.607566,169.430612
72.198332,81.617254,21.165931,6.048827,5.536596,10.028866,46.050455,-73.775031,90.001032,16.222697,89.724273,2.607566,169.430612
72.394533,93.058584,63.968993,14.506421,11.265655,18.043568,35.180607,-71.287899,90.001090,18.709871,89.724273,2.607566,169.430612
72.618140,99.947745,108.784802,23.341039,14.464971,14.928473,16.436983,-71.504623,90.001092,18.493143,89.724273,2.607566,169.430612
72.860296,106.672648,131.251954,31.788094,19.922185,10.860769,9.636510,-71.729123,90.001104,18.268639,89.724273,2.607566,169.430612
73.071242,105.423510,129.132620,29.433439,18.913081,9.180533,11.121106,-72.762715,90.001058,17.235025,89.724273,2.607566,169.430612
73.303417,101.533686,96.776230,22.876137,24.107225,13.746540,15.943236,-73.057468,90.001002,16.940268,89.724273,2.607566,169.430612
73.517095,85.962690,38.950147,19.930005,21.581798,17.888905,30.586989,-72.841464,90.001000,17.156276,89.724273,2.607566,169.430612
73.733125,45.780225,5.082065,1.261271,6.450055,9.887625,45.595324,-75.349239,90.000920,14.648453,89.724273,2.607566,169.430612
73.971380,69.657851,15.345484,0.175157,7.857660,16.212147,47.337697,-78.247953,90.000785,11.749697,89.724273,2.607566,169.430612
74.209313,80.911512,15.980618,5.365672,0.926796,15.838598,52.323351,-76.751723,90.000841,13.245951,89.724273,2.607566,169.430612
74.420574,66.598335,9.832663,9.616088,1.455727,12.407072,53.167915,-76.871223,90.000831,13.126455,89.724273,2.607566,169.430612
74.649568,66.018567,11.900920,8.384990,3.248082,12.961488,50.360848,-77.165390,90.000787,12.832266,89.724273,2.607566,169.430612
74.863104,70.882749,10.629740,10.160554,2.854425,12.272374,49.414040,-77.758984,90.000667,12.238658,89.724273,2.607566,169.430612
75.096504,63.093001,10.267537,9.526101,4.282113,11.504719,49.938062,-77.636829,90.000677,12.360819,89.724273,2.607566,169.430612
75.321743,65.402271,11.948895,6.197232,3.340246,12.664273,50.427085,-77.314622,90.000685,12.683015,89.724273,2.607566,169.430612
75.566360,64.939277,10.414746,6.447307,3.891103,12.036887,50.350256,-77.049164,90.000718,12.948476,89.724273,2.607566,169.430612
75.807523,66.167280,11.414848,6.693211,4.038967,11.820154,50.795242,-77.116950,90.000752,12.880693,89.724273,2.607566,169.430612
76.012842,68.923471,11.575593,7.112122,4.107922,12.128186,50.702584,-76.730517,90.000795,13.267135,89.724273,2.607566,169.430612
76.249923,64.801642,11.906982,7.447336,4.200265,11.787463,50.274280,-77.090894,90.000774,12.906749,89.724273,2.607566,169.430612
76.483013,64.852582,11.538548,7.078947,4.597211,11.859520,50.375182,-77.189608,90.000776,12.808039,89.724273,2.607566,169.430612
76.725220,64.665417,12.425652,6.854945,4.419481,12.009191,50.313828,-76.973106,90.000774,13.024543,89.724273,2.607566,169.430612
76.941914,64.360160,11.777594,7.290176,4.587113,12.200376,50.292668,-76.900809,90.000750,13.096837,89.724273,2.607566,169.430612
77.131733,61.235143,11.268431,6.605588,4.298759,11.922214,49.996085,-76.900809,90.000750,13.096837,89.724273,2.607566,169.430612
77.346542,61.397857,10.394961,9.265482,4.247771,11.247065,50.284567,-76.199590,90.000790,13.798064,89.724273,2.607566,169.430612
77.532605,89.669097,19.887614,23.511108,-1.268255,11.077010,39.333214,-77.476311,90.000732,12.521323,89.724273,2.607566,169.430612
77.774743,100.936205,75.098942,30.777627,4.308690,19.040031,23.369395,-77.220099,90.000674,12.777534,89.724273,2.607566,169.430612
78.005382,101.404486,122.999497,40.652679,3.387443,9.330220,15.217606,-74.608794,90.000845,15.388881,89.724273,2.607566,169.430612
78.231301,99.335963,145.468286,38.024368,7.964079,7.525833,11.298440,-74.340234,90.000878,15.657445,89.724273,2.607566,169.430612
78.437072,100.225040,134.939140,36.287092,10.326339,7.409965,13.288929,-75.526587,90.000797,14.471076,89.724273,2.607566,169.430612
78.661618,97.619908,93.299014,28.952397,-1.632981,18.584722,20.003658,-75.461765,90.000762,14.535903,89.724273,2.607566,169.430612
78.899000,91.469802,33.699688,19.734788,-10.847817,12.179006,33.366664,-75.455554,90.000773,14.542105,89.724273,2.607566,169.430612
79.103900,43.413789,6.922238,5.173918,0.774444,6.103831,44.375589,-78.326872,90.000659,11.670748,89.724273,2.607566,169.430612
79.323511,70.792277,14.517727,6.512627,4.515162,12.648318,46.891263,-79.630013,90.000578,10.367590,89.724273,2.607566,169.430612
79.530810,87.229381,12.976474,10.975073,1.928543,12.395840,50.509416,-77.153466,90.000640,12.844162,89.724273,2.607566,169.430612
79.706570,65.094428,10.596513,8.795591,0.344143,9.799516,52.114981,-76.884110,90.000682,13.113532,89.724273,2.607566,169.430612
79.893254,59.392117,11.149593,9.079583,0.683572,9.855637,51.827057,-77.521808,90.000608,12.475821,89.724273,2.607566,169.430612
80.132274,72.536921,10.382503,10.363138,3.310363,11.350044,52.616103,-79.423003,90.000566,10.574613,89.724273,2.607566,169.430612
80.324534,61.185682,11.143029,6.839023,3.517241,11.585208,51.984199,-78.606419,90.000605,11.391209,89.724273,2.607566,169.430612
80.541372,51.818102,10.077677,4.731431,3.685730,10.932381,51.704707,-78.289689,90.000602,11.707937,89.724273,2.607566,169.430612
80.740943,53.912549,10.792268,6.698524,4.903820,12.517642,50.759469,-78.138676,90.000635,11.858947,89.724273,2.607566,169.430612
80.924206,54.600570,11.772539,4.042784,4.750709,12.891222,51.279000,-77.320531,90.000675,12.677106,89.724273,2.607566,169.430612
81.131394,55.866268,10.716511,8.197004,4.677187,11.896351,52.044599,-79.150299,90.000609,10.847319,89.724273,2.607566,169.430612
81.346713,58.419616,11.270206,7.041199,5.025195,12.404780,51.530010,-79.489219,90.000600,10.508390,89.724273,2.607566,169.430612
81.574587,57.744175,11.270192,6.365824,4.734597,12.554878,51.552372,-78.813843,90.000618,11.183773,89.724273,2.607566,169.430612
81.808349,59.969784,10.686343,6.613423,5.095237,12.299026,51.021962,-78.711837,90.000617,11.285775,89.724273,2.607566,169.430612
82.023920,59.097406,10.749778,6.227893,4.999790,12.305357,51.040044,-78.813843,90.000618,11.183773,89.724273,2.607566,169.430612
82.242997,57.668216,10.656722,5.721984,5.224343,12.260626,51.351372,-78.813843,90.000618,11.183773,89.724273,2.607566,169.430612
82.468360,58.165883,10.822995,5.960340,5.080583,12.295779,51.333378,-78.711837,90.000617,11.285775,89.724273,2.607566,169.430612
82.681740,58.448245,10.839097,6.612690,5.112625,12.307142,51.379223,-78.719713,90.000606,11.277909,89.724273,2.607566,169.430612
82.894616,57.151992,10.651689,7.203227,5.159230,12.381531,51.063169,-78.821587,90.000607,11.176039,89.724273,2.607566,169.430612
83.117411,57.159585,10.385385,6.277448,5.039292,12.320782,51.579424,-79.036893,90.000608,10.960731,89.724273,2.607566,169.430612
83.341011,56.290907,10.463457,6.083496,4.976093,12.333785,51.592329,-79.008358,90.000631,10.989266,89.724273,2.607566,169.430612
83.562180,58.836607,10.590798,6.404025,5.158242,12.327641,51.372757,-79.008358,90.000631,10.989266,89.724273,2.607566,169.430612
83.750269,57.617384,10.541776,6.267092,5.171756,12.149763,51.225726,-79.008358,90.000631,10.989266,89.724273,2.607566,169.430612
83.958686,57.722054,10.300718,5.968809,5.223230,11.817905,51.298209,-78.884990,90.000641,11.112640,89.724273,2.607566,169.430612
84.155879,57.738292,10.309090,6.170510,5.338779,11.941083,51.100428,-78.764617,90.000651,11.233008,89.724273,2.607566,169.430612
84.406366,58.936698,10.384939,6.032026,5.197539,11.948638,51.080055,-78.764617,90.000651,11.233008,89.724273,2.607566,169.430612
84.651946,58.936698,10.384939,6.032026,5.197539,11.948638,51.080055,-78.764617,90.000651,11.233008,89.724273,2.607566,169.430612
84.837074,58.080998,10.458232,5.866403,5.204496,12.129139,51.218810,-78.764617,90.000651,11.233008,89.724273,2.607566,169.430612
85.056974,58.080998,10.458232,5.866403,5.048594,11.845853,51.285258,-78.764617,90.000651,11.233008,89.724273,2.607566,169.430612
85.238485,58.201371,10.458244,5.986776,5.134189,11.962493,51.092692,-78.884990,90.000641,11.112640,89.724273,2.607566,169.430612
85.471907,57.493966,10.541769,6.143725,5.171756,12.149763,51.225726,-78.884990,90.000641,11.112640,89.724273,2.607566,169.430612
85.702433,57.493966,10.541769,6.143725,5.101046,11.983279,51.099596,-78.884990,90.000641,11.112640,89.724273,2.607566,169.430612
85.902679,57.876620,10.664978,6.115332,4.938625,12.057518,51.452402,-78.884990,90.000641,11.112640,89.724273,2.607566,169.430612
86.112370,56.938082,10.635426,6.622897,5.299787,12.100381,51.245194,-78.884990,90.000641,11.112640,89.724273,2.607566,169.430612
86.340266,56.306371,10.471882,6.282234,5.242304,11.975186,51.119786,-78.884990,90.000641,11.112640,89.724273,2.607566,169.430612
86.563443,57.007586,10.385356,6.125547,5.189951,11.838152,51.305257,-78.884990,90.000641,11.112640,89.724273,2.607566,169.430612
86.774995,56.306371,10.471882,6.282234,5.242304,11.975186,51.119786,-78.884990,90.000641,11.112640,89.724273,2.607566,169.430612
86.980881,57.007586,10.385356,6.125547,5.275556,11.954895,51.112588,-78.884990,90.000641,11.112640,89.724273,2.607566,169.430612
87.199314,57.007586,10.385356,6.125547,4.985155,12.105186,51.133206,-78.884990,90.000641,11.112640,89.724273,2.607566,169.430612
87.419963,56.726859,10.376885,5.660472,4.869402,11.980341,51.331188,-78.742133,90.000663,11.255502,89.724273,2.607566,169.430612
87.612817,57.821802,10.060441,5.651462,5.300126,11.846002,51.285103,-78.742133,90.000663,11.255502,89.724273,2.607566,169.430612
87.871262,58.442351,10.226395,5.991355,5.155541,11.880630,51.267221,-78.742133,90.000663,11.255502,89.724273,2.607566,169.430612
88.088906,58.557119,10.226392,6.106091,4.995541,11.954156,51.305550,-78.856870,90.000663,11.140759,89.724273,2.607566,169.430612
88.281985,56.270890,9.866374,5.932964,5.206862,12.202597,51.458777,-78.856870,90.000663,11.140759,89.724273,2.607566,169.430612
88.485396,56.592491,9.656514,5.804297,5.319147,11.991549,51.291468,-78.856870,90.000663,11.140759,89.724273,2.607566,169.430612
88.694369,56.051445,9.502376,5.786560,5.132326,11.947216,51.197075,-78.856870,90.000663,11.140759,89.724273,2.607566,169.430612
88.877747,56.051445,9.502376,5.786560,5.132326,11.947216,51.197075,-78.856870,90.000663,11.140759,89.724273,2.607566,169.430612
89.112406,56.051445,9.502376,5.786560,5.132326,11.947216,51.197075,-78.856870,90.000663,11.140759,89.724273,2.607566,169.430612
89.330366,56.051445,9.502376,5.786560,5.230511,11.966621,51.854413,-78.856870,90.000663,11.140759,89.724273,2.607566,169.430612
89.555146,56.187971,9.511236,6.108355,5.345545,12.091633,51.657685,-78.856870,90.000663,11.140759,89.724273,2.607566,169.430612
89.778321,56.051445,9.502376,5.786560,5.475842,12.012739,51.624107,-78.856870,90.000663,11.140759,89.724273,2.607566,169.430612
90.004331,57.365842,9.571069,5.647441,5.335280,12.020008,51.604332,-78.856870,90.000663,11.140759,89.724273,2.607566,169.430612
90.202806,56.592491,9.656514,5.804297,5.371021,12.206702,51.738561,-78.856870,90.000663,11.140759,89.724273,2.607566,169.430612
90.436843,57.500946,9.579844,5.969782,5.364857,12.026836,51.598964,-78.856870,90.000663,11.140759,89.724273,2.607566,169.430612
90.636578,56.051445,9.502376,5.786560,5.361085,12.040530,51.285750,-78.856870,90.000663,11.140759,89.724273,2.607566,169.430612
90.862013,56.051445,9.502376,5.786560,5.361085,12.040530,51.285750,-78.856870,90.000663,11.140759,89.724273,2.607566,169.430612
91.062942,56.832812,9.415697,5.629917,5.308572,11.902471,51.470658,-78.856870,90.000663,11.140759,89.724273,2.607566,169.430612
91.257651,54.950003,9.132699,6.790708,5.723300,11.792638,50.490595,-78.856870,90.000663,11.140759,89.724273,2.607566,169.430612
91.501921,54.531684,9.114651,6.004158,5.447275,11.740865,50.672546,-78.714063,90.000685,11.283572,89.724273,2.607566,169.430612
91.729048,55.123601,9.227348,5.897570,5.454426,11.895273,51.177473,-78.957695,90.000665,11.039937,89.724273,2.607566,169.430612
91.955622,58.738856,9.489911,8.415690,15.845313,11.943631,32.591074,-79.986023,90.000637,10.011583,89.724273,2.607566,169.430612
92.172210,87.750578,72.226871,1.890540,5.985242,17.666696,17.179919,-81.633524,90.000536,8.364069,89.724273,2.607566,169.430612
92.370606,90.458556,131.443382,18.127889,5.637856,11.979597,7.060383,-78.737095,90.000674,11.260530,89.724273,2.607566,169.430612
92.607076,91.269853,155.041087,18.712570,11.095748,5.951138,6.272971,-75.014312,90.000872,14.983348,89.724273,2.607566,169.430612
92.834117,95.187651,127.419781,15.799113,17.337512,8.772238,11.750002,-76.460205,90.000769,13.537427,89.724273,2.607566,169.430612
93.037754,92.626678,70.634116,11.260732,0.772668,16.099733,21.028659,-76.640678,90.000703,13.356966,89.724273,2.607566,169.430612
93.277687,97.418765,31.245779,20.746948,-14.544627,12.838749,34.933491,-78.009767,90.000657,11.987853,89.724273,2.607566,169.430612
93.505375,98.011063,28.254099,21.156489,-8.890881,6.631476,34.958932,-78.177448,90.000692,11.820178,89.724273,2.607566,169.430612
93.737878,97.189516,28.254050,20.334914,-12.938737,11.023313,40.084864,-77.355876,90.000742,12.641754,89.724273,2.607566,169.430612
93.977340,69.048348,10.738817,7.653201,5.624998,11.558928,53.292116,-77.429210,90.000686,12.568411,89.724273,2.607566,169.430612
94.218898,66.806018,12.209670,6.551888,2.697561,13.716545,54.774291,-76.010255,90.000766,13.987402,89.724273,2.607566,169.430612
94.460747,67.070478,12.209699,6.816263,4.649646,13.981072,52.746335,-76.274632,90.000734,13.723012,89.724273,2.607566,169.430612
94.703554,68.942618,12.856479,7.938398,2.516003,12.213730,51.503528,-78.225676,90.000658,11.771941,89.724273,2.607566,169.430612
94.916905,62.833028,10.676025,5.016682,4.541141,12.700717,54.787783,-78.074905,90.000601,11.922724,89.724273,2.607566,169.430612
95.160187,61.538372,10.396644,4.820424,5.146744,13.423590,54.468123,-77.223631,90.000595,12.773986,89.724273,2.607566,169.430612
95.402637,66.043866,11.062986,6.806646,3.468484,11.203200,54.989273,-77.915240,90.000645,12.082375,89.724273,2.607566,169.430612
95.635495,71.541958,11.362727,11.397585,38.640274,14.719450,44.463465,-81.656315,90.000445,8.341247,89.724273,2.607566,169.430612
95.842343,91.463372,116.918154,6.870666,9.350179,13.185370,18.768831,-78.158476,90.000545,11.839122,89.724273,2.607566,169.430612
96.067663,92.231322,135.011791,11.199181,24.673507,10.090825,6.898129,-73.354704,90.000802,16.642966,89.724273,2.607566,169.430612
96.266031,92.929160,100.919834,14.248885,13.719200,13.371444,17.313789,-76.125242,90.000688,13.872384,89.724273,2.607566,169.430612
96.484375,88.160531,49.733663,12.223911,-7.832473,14.093996,32.059190,-75.811942,90.000675,14.185682,89.724273,2.607566,169.430612
96.680721,67.867934,3.248917,7.809771,9.443553,6.618929,32.078452,-77.352836,90.000663,12.644771,89.724273,2.607566,169.430612
96.931343,66.147659,15.125089,2.427012,5.751863,12.305731,46.074919,-79.865747,90.000568,10.131845,89.724273,2.607566,169.430612
97.170481,80.148575,12.165311,5.145436,2.582699,13.770595,53.013421,-78.150962,90.000635,11.846642,89.724273,2.607566,169.430612
97.380656,71.948058,11.775010,4.970054,3.568561,12.086887,52.863981,-78.367030,90.000636,11.630581,89.724273,2.607566,169.430612
97.599895,62.650465,10.576589,5.932182,3.476061,12.379234,52.699739,-77.672104,90.000666,12.325514,89.724273,2.607566,169.430612
97.833039,70.593438,10.006411,8.001956,4.549718,13.768119,53.433101,-78.711837,90.000617,11.285775,89.724273,2.607566,169.430612
98.056940,65.943076,11.085121,4.530707,3.525436,12.787105,53.909972,-78.934939,90.000607,11.062681,89.724273,2.607566,169.430612
98.283302,63.804835,10.047974,7.293167,5.795579,12.459035,52.379126,-79.198894,90.000575,10.798714,89.724273,2.607566,169.430612
98.530193,67.687965,10.582603,8.853069,4.334736,12.500919,53.835355,-79.433815,90.000565,10.563780,89.724273,2.607566,169.430612
98.763624,60.967264,10.824425,5.107787,4.746635,12.831993,53.447387,-77.529877,90.000687,12.467747,89.724273,2.607566,169.430612
98.990044,61.225731,10.726825,6.471844,6.246687,12.929218,51.704040,-77.576792,90.000654,12.420822,89.724273,2.607566,169.430612
99.213524,60.405535,11.908552,8.354819,3.814327,12.299716,54.162281,-79.163789,90.000608,10.833809,89.724273,2.607566,169.430612
99.413618,56.947709,11.618165,5.197924,4.120283,13.105912,54.849988,-78.144180,90.000646,11.853414,89.724273,2.607566,169.430612
99.673457,59.854637,11.706080,3.636394,5.299095,13.669026,53.508559,-77.571026,90.000665,12.426589,89.724273,2.607566,169.430612
99.929028,61.542273,11.246694,6.286874,5.442179,13.235210,53.077131,-79.050154,90.000608,10.947450,89.724273,2.607566,169.430612
100.205718,57.675200,10.893904,8.095243,5.877371,12.189281,51.438400,-79.537170,90.000566,10.460430,89.724273,2.607566,169.430612
100.423898,61.785225,10.957756,7.271948,4.454147,12.619372,53.860937,-80.025004,90.000524,9.972592,89.724273,2.607566,169.430612
100.669116,55.414682,11.505243,5.869111,4.455416,13.153843,54.333909,-78.813843,90.000618,11.183773,89.724273,2.607566,169.430612
100.906013,58.928130,11.618249,7.449790,5.263306,13.266891,53.612986,-78.570241,90.000638,11.427377,89.724273,2.607566,169.430612
101.105153,58.314868,11.329381,7.446907,4.702928,12.737851,53.989446,-78.879166,90.000652,11.118453,89.724273,2.607566,169.430612
101.345523,56.643822,12.039844,6.965964,4.893723,12.789845,53.944742,-79.100340,90.000643,10.897286,89.724273,2.607566,169.430612
101.583391,76.841765,25.077078,15.313108,1.047828,11.973525,52.579622,-82.092642,90.000516,7.904948,89.724273,2.607566,169.430612
101.799376,86.654107,98.052213,15.550900,-13.425940,22.054875,42.611241,-82.394074,90.000451,7.603516,89.724273,2.607566,169.430612
102.028219,89.955383,145.779633,18.131608,2.437490,5.545069,17.280482,-75.336088,90.000783,14.661578,89.724273,2.607566,169.430612
102.244928,90.972644,131.629233,17.802552,13.843641,5.053299,15.248131,-75.476498,90.000762,14.521151,89.724273,2.607566,169.430612
102.488024,88.429750,69.952215,1.684099,6.795140,12.996884,12.425633,-74.926249,90.000769,15.071412,89.724273,2.607566,169.430612
102.748351,107.111086,5.694008,16.512699,8.646902,7.844846,44.273515,-73.523092,90.000837,16.474587,89.724273,2.607566,169.430612
102.931608,64.604441,13.749476,8.066382,7.438474,8.352050,45.753113,-76.058864,90.000732,13.938782,89.724273,2.607566,169.430612
103.158230,84.515126,24.441051,9.633650,1.018892,8.391408,38.739160,-75.397569,90.000750,14.600066,89.724273,2.607566,169.430612
103.375338,93.901108,95.780111,23.471685,0.412299,11.428364,27.228114,-76.827292,90.000648,13.170325,89.724273,2.607566,169.430612
103.630058,100.133859,134.328577,34.902274,12.919223,6.955489,12.444875,-73.581524,90.000804,16.416124,89.724273,2.607566,169.430612
103.855320,100.469284,125.743153,33.015450,18.754379,5.236136,15.898341,-73.798091,90.000806,16.199554,89.724273,2.607566,169.430612
104.059545,95.707495,77.856582,20.407580,19.255980,11.149677,21.960363,-74.651011,90.000733,15.346627,89.724273,2.607566,169.430612
104.310235,96.450430,19.426233,23.165220,0.994244,7.403768,35.683531,-74.605539,90.000767,15.392111,89.724273,2.607566,169.430612
104.514452,50.671374,11.901953,13.137057,9.389621,10.158858,41.041557,-75.979625,90.000720,14.018008,89.724273,2.607566,169.430612
104.732809,85.400192,37.239808,10.816374,13.563639,9.696954,21.249179,-76.434017,90.000702,13.563601,89.724273,2.607566,169.430612
104.967200,94.786919,112.542679,18.313607,11.937200,9.718270,15.151393,-75.141746,90.000770,14.855912,89.724273,2.607566,169.430612
105.189252,100.415097,139.219419,27.972318,13.426251,3.816715,10.437505,-73.254517,90.000880,16.743167,89.724273,2.607566,169.430612
105.418815,100.177780,131.950952,25.745680,6.723446,7.937789,14.666668,-74.441000,90.000810,15.556667,89.724273,2.607566,169.430612
105.648745,90.192908,74.507882,13.195567,6.732727,16.530918,27.661355,-73.988387,90.000807,16.009296,89.724273,2.607566,169.430612
105.882501,81.328877,17.338737,5.184491,-0.754769,11.223124,41.837344,-73.254517,90.000880,16.743167,89.724273,2.607566,169.430612
106.101393,64.995228,12.886491,4.237051,4.393137,10.095740,51.090317,-76.517686,90.000713,13.479955,89.724273,2.607566,169.430612
106.366822,79.052580,20.357795,3.458003,9.938348,14.142420,45.437077,-77.092357,90.000695,12.905273,89.724273,2.607566,169.430612
106.551114,84.378466,65.577643,6.839017,17.549068,19.387397,30.904106,-77.773382,90.000666,12.224250,89.724273,2.607566,169.430612
106.776459,90.998368,118.669040,17.132422,9.965016,12.767369,11.501130,-74.801692,90.000779,15.195965,89.724273,2.607566,169.430612
106.985387,96.516155,138.771773,25.548064,10.641163,6.245374,7.769931,-73.254517,90.000880,16.743167,89.724273,2.607566,169.430612
107.206501,96.692592,137.949678,25.636485,11.527131,6.474083,9.050832,-73.712846,90.000861,16.284832,89.724273,2.607566,169.430612
107.435603,94.260326,106.301334,19.064439,15.465939,10.142059,13.307578,-73.738998,90.000839,16.258679,89.724273,2.607566,169.430612
107.654281,89.655044,72.221472,6.582986,8.861309,13.710681,21.061831,-73.738998,90.000839,16.258679,89.724273,2.607566,169.430612
107.872414,83.732997,33.533591,8.058945,-18.407384,15.234731,43.062496,-73.687486,90.000883,16.310192,89.724273,2.607566,169.430612
108.101973,56.572639,8.042275,9.666627,8.595058,7.887280,48.753346,-75.424632,90.000807,14.573018,89.724273,2.607566,169.430612
108.335496,80.571794,27.315059,13.254337,17.630663,9.640286,40.423323,-75.326637,90.000806,14.671009,89.724273,2.607566,169.430612
108.564875,90.174462,101.056742,12.262528,3.819503,13.993505,31.370294,-73.038340,90.000878,16.959347,89.724273,2.607566,169.430612
108.785978,97.219752,135.141836,26.266445,13.195028,9.552209,11.183760,-72.097301,90.000937,17.900401,89.724273,2.607566,169.430612
108.969369,98.179919,134.850537,28.222309,13.465203,9.325854,12.466671,-73.470902,90.000882,16.526780,89.724273,2.607566,169.430612
109.153922,94.689026,113.262076,25.216690,4.062004,12.293241,19.008270,-74.002023,90.000807,15.995640,89.724273,2.607566,169.430612
109.371384,90.616126,47.396734,18.573905,-7.833931,15.030531,32.459725,-72.175819,90.000870,17.821878,89.724273,2.607566,169.430612
109.614092,135.967307,3.549061,16.818923,12.222370,4.101028,35.682049,-74.579145,90.000789,15.418505,89.724273,2.607566,169.430612
109.827289,66.118103,15.479775,7.590552,6.128010,11.288933,43.860509,-74.585908,90.000778,15.411752,89.724273,2.607566,169.430612
110.044272,88.415827,7.655276,15.004293,8.310149,11.351229,54.231479,-73.314545,90.000824,16.683146,89.724273,2.607566,169.430612
110.279217,58.943857,12.675724,11.716407,6.010778,11.080487,51.557651,-74.550951,90.000788,15.446738,89.724273,2.607566,169.430612
110.486797,62.297895,10.033035,8.361711,6.603409,13.415158,54.050233,-73.328869,90.000787,16.668634,89.724273,2.607566,169.430612
110.700842,57.389058,11.858646,7.513094,6.483916,11.116332,54.352856,-72.331496,90.000894,17.666239,89.724273,2.607566,169.430612
110.917820,59.228835,12.467846,6.166504,7.302397,14.851853,56.439295,-72.477638,90.000975,17.520150,89.724273,2.607566,169.430612
111.157955,57.289542,12.221262,7.480089,7.612153,13.985767,54.129097,-72.154024,90.000916,17.843637,89.724273,2.607566,169.430612
111.393435,52.975118,12.500480,7.073309,7.589364,14.581986,53.865609,-71.249086,90.000888,18.748416,89.724273,2.607566,169.430612
111.622310,47.784692,12.313651,3.398415,7.294321,13.891841,53.921546,-67.408129,90.001103,22.589372,89.724273,2.607566,169.430612
111.809771,43.939140,11.908311,0.222388,6.720974,13.573559,55.366975,-60.730966,90.001495,29.266748,89.724273,2.607566,169.430612
112.032016,51.292765,13.039094,5.414807,7.631614,15.013153,54.764315,-60.655413,90.001476,29.342273,89.724273,2.607566,169.430612
112.250095,50.523771,12.846034,3.760851,6.880295,13.571726,53.608233,-62.516937,90.001375,27.480681,89.724273,2.607566,169.430612
112.467955,45.140856,13.007927,1.665450,5.296939,13.440016,54.658560,-65.190204,90.001243,24.807338,89.724273,2.607566,169.430612
112.714500,48.944930,13.022355,3.292187,5.180563,12.901301,54.903909,-63.563822,90.001309,26.433754,89.724273,2.607566,169.430612
112.929307,49.105042,12.560067,4.865845,5.133128,12.798422,54.647856,-63.340825,90.001299,26.656743,89.724273,2.607566,169.430612
113.152030,47.621456,12.590153,4.543952,5.346307,12.915784,54.337229,-65.198107,90.001204,24.799409,89.724273,2.607566,169.430612
113.374855,52.060085,12.743951,4.067688,5.519534,12.802370,54.401847,-65.199556,90.001195,24.797948,89.724273,2.607566,169.430612
113.587721,52.682839,12.684765,3.804815,5.734598,12.918050,54.039005,-66.599853,90.001108,23.397599,89.724273,2.607566,169.430612
113.822338,51.799622,12.891010,2.814946,5.774773,13.217198,53.538257,-67.641896,90.001050,22.355529,89.724273,2.607566,169.430612
114.010688,49.415560,13.024314,3.275783,5.935979,13.052760,53.732433,-66.958749,90.001068,23.038688,89.724273,2.607566,169.430612
114.228843,48.902976,13.327851,3.955863,5.722279,12.754018,53.095205,-65.789029,90.001117,24.208429,89.724273,2.607566,169.430612
114.463557,45.553432,13.887608,5.927793,5.958464,12.734171,51.896694,-65.920806,90.001105,24.076655,89.724273,2.607566,169.430612
114.670864,46.565775,14.136938,7.347956,6.134110,12.285878,52.564914,-66.834839,90.001037,23.162589,89.724273,2.607566,169.430612
114.886981,46.706012,14.083750,6.816913,6.132366,12.384045,52.423656,-67.651019,90.000978,22.346387,89.724273,2.607566,169.430612
115.127283,46.470825,14.179192,7.202287,6.288646,12.670817,52.356210,-67.881827,90.000957,22.115573,89.724273,2.607566,169.430612
115.350752,46.245429,14.179193,6.976899,6.097026,12.457958,52.757270,-67.656439,90.000957,22.340964,89.724273,2.607566,169.430612
115.574411,46.515003,14.282492,6.529116,6.079949,12.709827,52.399371,-67.887652,90.000937,22.109744,89.724273,2.607566,169.430612
115.817322,45.724376,14.269635,6.728883,6.196181,12.692665,52.358988,-67.887652,90.000937,22.109744,89.724273,2.607566,169.430612
116.033737,45.874057,14.176086,6.435093,6.072536,12.404988,52.431123,-67.431466,90.000956,22.565939,89.724273,2.607566,169.430612
116.227989,45.972341,14.176091,6.533332,6.065634,12.458133,52.752091,-67.529706,90.000947,22.467690,89.724273,2.607566,169.430612
116.435993,45.749514,14.022080,6.536490,6.307067,12.464525,52.253179,-67.883959,90.000928,22.113425,89.724273,2.607566,169.430612
116.646011,45.749514,14.022080,6.536490,6.212121,12.357685,52.453254,-67.883959,90.000928,22.113425,89.724273,2.607566,169.430612
116.868432,46.105444,14.176103,6.666429,6.072536,12.404988,52.431123,-67.662803,90.000936,22.334596,89.724273,2.607566,169.430612
117.092984,46.020449,14.179195,6.751926,6.103935,12.404802,52.436226,-67.431466,90.000956,22.565939,89.724273,2.607566,169.430612
117.340835,46.014448,14.179176,6.745969,6.008530,12.298121,52.636379,-67.425507,90.000977,22.571901,89.724273,2.607566,169.430612
117.546831,45.824117,14.073023,7.108624,6.183386,12.258927,52.588320,-67.425507,90.000977,22.571901,89.724273,2.607566,169.430612
117.782781,48.563642,14.111571,6.162528,6.067474,12.352304,53.109136,-68.347231,90.000926,21.650170,89.724273,2.607566,169.430612
117.972698,53.844644,14.185924,7.040987,8.858365,14.709526,47.603916,-73.559578,90.000634,16.437725,89.724273,2.607566,169.430612
118.184870,54.802235,13.377998,5.003816,7.829928,14.282930,47.313181,-71.871306,90.000735,18.125963,89.724273,2.607566,169.430612
118.407843,52.056519,12.617886,4.130856,5.926221,12.111094,50.782026,-68.309612,90.001077,21.687705,89.724273,2.607566,169.430612
118.631066,58.496104,13.047721,4.203392,4.754503,14.624957,50.892613,-69.347239,90.001005,20.650063,89.724273,2.607566,169.430612
118.883528,56.676653,10.677316,5.710694,5.421152,12.454975,48.319580,-74.192746,90.000622,15.804483,89.724273,2.607566,169.430612
119.107014,42.843435,10.333948,3.169198,3.964222,10.968932,49.757979,-72.635230,90.000794,17.362162,89.724273,2.607566,169.430612
119.317400,50.495909,11.325932,3.656664,6.225907,13.335290,49.202049,-71.819216,90.000836,18.178172,89.724273,2.607566,169.430612
119.549730,49.675215,12.021326,3.169167,6.332919,13.024480,49.858158,-73.318098,90.000736,16.679239,89.724273,2.607566,169.430612
119.765230,42.941437,11.630251,4.247695,5.499609,12.132471,49.800871,-75.241728,90.000747,14.755505,89.724273,2.607566,169.430612
119.997151,39.260322,10.680229,3.312173,6.224833,12.653745,50.005994,-71.799487,90.000908,18.197817,89.724273,2.607566,169.430612
