Timestamp,Kinect left shoulder flex.-ext.,WISE left shoulder flex.-ext.,Kinect left shoulder abd.-add.,WISE left shoulder abd.-add.,Kinect left shoulder int.- ext.,WISE left shoulder int.- ext.,Kinect left elbow flex.-ext.,WISE left elbow flex.-ext.,WISE left forearm pro.- sup.,Kinect right shoulder flex.-ext.,WISE right shoulder flex.-ext.,Kinect right shoulder Abd.-Add.,WISE right shoulder abd.-add.,Kinect right shoulder int.-ext.,WISE right shoulder int.-ext.,Kinect right elbow flex.-ext.,WISE right elbow flex.-ext.,WISE right forearm pro.-sup.
0.00,36.89,2.31,17.99,-7.01,666.00,14.16,1.00,90.00,90.00,42.23,-177.69,16.35,-172.99,666.00,14.16,0.78,104.04,180.00
0.98,-0.94,0.92,32.95,-8.72,14.60,29.49,162.18,90.00,90.00,50.48,-179.09,-9.23,-171.27,-47.57,29.49,40.39,104.04,180.00
1.30,-20.91,-0.38,12.77,-6.93,-60.66,44.76,163.68,90.00,90.00,39.74,179.61,-21.96,-173.06,-29.39,44.76,37.78,104.04,-180.00
1.57,-40.82,1.70,-10.61,-6.16,-40.04,60.03,166.26,90.00,90.01,-38.15,-178.32,-18.32,-173.83,666.00,60.04,0.31,104.04,-180.00
1.75,-42.05,1.92,-13.37,-8.36,-49.66,75.37,166.96,90.00,90.02,-37.36,-178.12,-15.76,-171.63,666.00,75.39,0.29,104.04,180.00
1.97,-39.65,-0.25,-8.26,-7.97,-39.12,-89.38,168.53,90.00,90.04,-36.41,179.66,-17.35,-172.03,666.00,-89.34,0.29,104.03,180.00
2.13,47.41,0.74,-24.87,-6.01,-116.67,-74.15,164.33,90.00,90.09,46.12,-179.43,-27.42,-174.04,666.00,-74.06,20.23,104.03,180.00
2.30,33.85,2.50,-57.60,-7.51,-62.97,-58.91,57.52,90.00,90.17,37.82,-177.80,14.57,-172.67,-112.79,-58.75,40.98,104.03,-180.00
2.43,20.07,0.75,31.19,-8.91,75.42,-43.78,138.02,90.00,90.35,20.70,-179.74,23.01,-171.60,666.00,-43.43,20.58,104.03,180.00
2.56,9.06,0.13,25.04,-7.18,69.70,-28.85,132.87,90.00,90.70,11.35,179.46,20.12,-174.05,-71.26,-28.15,37.12,104.01,180.00
2.70,-0.42,2.36,23.53,-7.80,18.60,-14.22,44.27,89.98,91.39,2.13,-178.31,16.48,-174.94,666.00,-12.92,12.16,103.99,180.00
2.83,2.26,1.58,16.05,-11.42,4.01,-0.26,75.02,89.92,92.76,-0.42,-178.33,15.11,-174.24,666.00,2.40,11.21,103.93,-180.00
2.96,30.88,-1.66,-0.78,-13.18,-152.92,12.01,40.80,89.65,95.46,0.23,-178.68,16.66,-177.87,666.00,17.72,15.30,103.77,180.00
3.08,33.30,-3.38,0.23,-16.81,-159.12,21.45,37.45,88.23,100.64,1.09,-172.59,16.54,176.12,666.00,-147.13,18.78,103.28,-180.00
3.21,34.20,-9.10,3.19,-29.59,666.00,24.22,10.05,81.51,110.30,2.04,-159.87,16.76,171.24,666.00,-131.58,21.92,101.59,180.00
3.34,30.78,-20.60,5.40,-55.03,666.00,11.45,10.76,83.61,128.11,3.69,-136.61,14.78,163.08,666.00,-113.82,18.33,96.39,-180.00
3.47,20.45,70.80,13.07,-84.43,666.00,178.35,13.51,89.44,160.63,0.52,-102.54,9.51,144.64,666.00,-98.26,16.19,90.56,180.00
3.60,20.62,93.26,13.18,-107.04,666.00,173.74,14.49,90.00,179.55,6.98,-89.47,20.76,87.56,666.00,172.91,19.80,90.00,180.00
3.72,3.81,74.05,9.74,81.86,666.00,175.09,15.90,0.00,180.00,7.16,-106.27,15.91,98.16,666.00,175.14,17.26,90.00,-180.00
3.88,5.24,-84.09,9.56,83.32,666.00,-174.34,17.28,0.00,180.00,6.86,95.91,14.98,96.68,666.00,-174.34,18.00,0.00,0.00
4.01,5.13,-92.48,8.83,-93.81,666.00,-174.13,17.09,NaN,90.00,6.57,87.52,14.96,-86.19,666.00,-174.13,18.07,NaN,NaN
4.14,4.14,NaN,6.98,NaN,666.00,NaN,14.20,NaN,NaN,6.00,NaN,16.39,NaN,666.00,NaN,18.70,NaN,NaN
4.32,3.11,NaN,5.15,NaN,666.00,NaN,12.99,NaN,NaN,4.20,NaN,20.24,NaN,666.00,NaN,25.47,NaN,NaN
4.45,2.45,NaN,5.99,NaN,666.00,NaN,11.98,NaN,NaN,4.43,NaN,20.82,NaN,666.00,NaN,21.46,NaN,NaN
4.57,2.07,NaN,5.86,NaN,666.00,NaN,11.88,NaN,NaN,3.84,NaN,20.76,NaN,666.00,NaN,19.27,NaN,NaN
4.70,2.16,NaN,6.03,NaN,666.00,NaN,12.12,NaN,NaN,3.11,NaN,20.02,NaN,666.00,NaN,18.02,NaN,NaN
4.83,2.35,NaN,5.62,NaN,666.00,NaN,12.13,NaN,NaN,3.25,NaN,20.23,NaN,666.00,NaN,17.83,NaN,NaN
4.95,2.38,NaN,5.56,NaN,666.00,NaN,12.10,NaN,NaN,3.40,NaN,20.33,NaN,666.00,NaN,17.76,NaN,NaN
5.08,2.31,NaN,5.81,NaN,666.00,NaN,12.47,NaN,NaN,3.16,NaN,19.96,NaN,666.00,NaN,17.67,NaN,NaN
5.21,2.14,NaN,5.86,NaN,666.00,NaN,12.59,NaN,NaN,3.48,NaN,18.43,NaN,666.00,NaN,17.12,NaN,NaN
5.33,2.13,NaN,6.12,NaN,666.00,NaN,12.67,NaN,NaN,3.16,NaN,19.23,NaN,666.00,NaN,17.33,NaN,NaN
5.46,2.37,NaN,6.00,NaN,666.00,NaN,12.41,NaN,NaN,3.70,NaN,19.96,NaN,666.00,NaN,18.50,NaN,NaN
5.59,2.88,NaN,6.04,NaN,666.00,NaN,12.56,NaN,NaN,3.99,NaN,20.29,NaN,666.00,NaN,18.89,NaN,NaN
5.72,3.27,NaN,6.09,NaN,666.00,NaN,12.53,NaN,NaN,4.12,NaN,20.44,NaN,666.00,NaN,19.34,NaN,NaN
5.85,3.93,NaN,6.16,NaN,666.00,NaN,12.37,NaN,NaN,4.46,NaN,20.51,NaN,666.00,NaN,19.29,NaN,NaN
5.97,4.42,NaN,5.88,NaN,666.00,NaN,12.11,NaN,NaN,4.83,NaN,20.85,NaN,666.00,NaN,22.33,NaN,NaN
6.10,4.69,NaN,5.84,NaN,666.00,NaN,12.08,NaN,NaN,4.83,NaN,20.82,NaN,666.00,NaN,22.85,NaN,NaN
6.22,4.85,NaN,5.70,NaN,666.00,NaN,11.57,NaN,NaN,6.43,NaN,18.61,NaN,666.00,NaN,20.79,NaN,NaN
6.35,4.97,NaN,5.58,NaN,666.00,NaN,11.32,NaN,NaN,6.83,NaN,18.24,NaN,666.00,NaN,20.42,NaN,NaN
6.47,5.24,NaN,5.79,NaN,666.00,NaN,10.87,NaN,NaN,6.59,NaN,18.01,NaN,666.00,NaN,15.83,NaN,NaN
6.60,5.51,NaN,5.61,NaN,666.00,NaN,10.50,NaN,NaN,6.03,NaN,18.66,NaN,666.00,NaN,17.26,NaN,NaN
6.73,5.76,NaN,5.58,NaN,666.00,NaN,10.09,NaN,NaN,6.31,NaN,17.97,NaN,666.00,NaN,20.37,NaN,NaN
6.86,5.55,NaN,5.27,NaN,666.00,NaN,9.63,NaN,NaN,6.25,NaN,17.97,NaN,666.00,NaN,20.59,NaN,NaN
7.10,5.38,NaN,5.11,NaN,666.00,NaN,9.79,NaN,NaN,5.94,NaN,18.20,NaN,666.00,NaN,21.14,NaN,NaN
7.23,5.75,NaN,4.72,NaN,666.00,NaN,9.34,NaN,NaN,6.04,NaN,18.20,NaN,666.00,NaN,21.22,NaN,NaN
7.40,7.84,NaN,3.78,NaN,666.00,NaN,10.00,NaN,NaN,5.89,NaN,18.64,NaN,666.00,NaN,18.16,NaN,NaN
7.52,12.02,NaN,3.63,NaN,666.00,NaN,11.72,NaN,NaN,6.83,NaN,18.27,NaN,666.00,NaN,21.81,NaN,NaN
7.65,16.01,NaN,4.13,NaN,666.00,NaN,11.41,NaN,NaN,7.05,NaN,18.21,NaN,666.00,NaN,18.03,NaN,NaN
7.80,21.89,NaN,5.40,NaN,666.00,NaN,9.49,NaN,NaN,7.21,NaN,18.64,NaN,666.00,NaN,18.09,NaN,NaN
7.93,25.13,NaN,5.69,NaN,666.00,NaN,8.68,NaN,NaN,7.08,NaN,18.50,NaN,666.00,NaN,17.96,NaN,NaN
8.07,26.46,NaN,5.97,NaN,666.00,NaN,9.59,NaN,NaN,6.87,NaN,18.47,NaN,666.00,NaN,18.07,NaN,NaN
8.19,27.14,NaN,6.37,NaN,666.00,NaN,9.68,NaN,NaN,6.83,NaN,18.33,NaN,666.00,NaN,17.16,NaN,NaN
8.32,27.77,NaN,6.20,NaN,666.00,NaN,9.68,NaN,NaN,6.78,NaN,18.29,NaN,666.00,NaN,18.13,NaN,NaN
8.48,28.42,NaN,5.96,NaN,666.00,NaN,10.10,NaN,NaN,6.60,NaN,18.29,NaN,666.00,NaN,18.20,NaN,NaN
8.61,28.60,NaN,5.83,NaN,666.00,NaN,10.32,NaN,NaN,6.43,NaN,18.61,NaN,666.00,NaN,18.56,NaN,NaN
8.73,28.68,NaN,6.03,NaN,666.00,NaN,10.42,NaN,NaN,6.42,NaN,18.50,NaN,666.00,NaN,18.16,NaN,NaN
8.86,29.75,NaN,5.95,NaN,666.00,NaN,13.25,NaN,NaN,6.27,NaN,18.50,NaN,666.00,NaN,18.15,NaN,NaN
8.99,32.16,NaN,5.95,NaN,666.00,NaN,18.40,NaN,NaN,6.24,NaN,18.65,NaN,666.00,NaN,20.83,NaN,NaN
9.11,40.27,NaN,11.00,NaN,666.00,NaN,18.32,NaN,NaN,6.62,NaN,18.66,NaN,666.00,NaN,19.06,NaN,NaN
9.26,61.64,NaN,30.20,NaN,666.00,NaN,14.15,NaN,NaN,6.63,NaN,17.56,NaN,666.00,NaN,19.13,NaN,NaN
9.40,78.98,NaN,57.05,NaN,666.00,NaN,10.38,NaN,NaN,7.32,NaN,17.80,NaN,666.00,NaN,19.85,NaN,NaN
9.53,87.46,NaN,81.74,NaN,666.00,NaN,14.67,NaN,NaN,7.03,NaN,17.54,NaN,666.00,NaN,20.38,NaN,NaN
9.67,97.77,NaN,110.15,NaN,666.00,NaN,19.87,NaN,NaN,6.89,NaN,17.20,NaN,666.00,NaN,21.17,NaN,NaN
9.80,116.36,NaN,137.39,NaN,666.00,NaN,14.50,NaN,NaN,7.66,NaN,18.38,NaN,666.00,NaN,21.71,NaN,NaN
9.93,131.09,NaN,150.09,NaN,666.00,NaN,13.58,NaN,NaN,7.76,NaN,18.33,NaN,666.00,NaN,20.96,NaN,NaN
10.14,148.32,NaN,166.80,NaN,666.00,NaN,9.65,NaN,NaN,7.20,NaN,16.03,NaN,666.00,NaN,19.53,NaN,NaN
10.31,157.99,NaN,169.89,NaN,666.00,NaN,11.43,NaN,NaN,7.82,NaN,15.18,NaN,666.00,NaN,17.87,NaN,NaN
10.44,162.39,NaN,171.51,NaN,666.00,NaN,12.24,NaN,NaN,8.28,NaN,16.57,NaN,666.00,NaN,18.28,NaN,NaN
10.60,165.95,NaN,173.06,NaN,666.00,NaN,11.00,NaN,NaN,9.16,NaN,17.47,NaN,666.00,NaN,17.67,NaN,NaN
10.74,166.91,NaN,174.44,NaN,666.00,NaN,10.46,NaN,NaN,7.76,NaN,19.75,NaN,666.00,NaN,19.97,NaN,NaN
10.87,167.04,NaN,173.64,NaN,666.00,NaN,11.07,NaN,NaN,8.22,NaN,19.17,NaN,666.00,NaN,18.80,NaN,NaN
10.99,168.00,NaN,170.61,NaN,666.00,NaN,11.85,NaN,NaN,8.59,NaN,18.78,NaN,666.00,NaN,17.85,NaN,NaN
11.15,170.07,NaN,166.93,NaN,666.00,NaN,11.01,NaN,NaN,8.62,NaN,18.24,NaN,666.00,NaN,17.45,NaN,NaN
11.28,172.62,NaN,163.59,NaN,666.00,NaN,10.95,NaN,NaN,8.71,NaN,17.96,NaN,666.00,NaN,17.12,NaN,NaN
11.41,177.04,NaN,159.57,NaN,666.00,NaN,9.74,NaN,NaN,8.98,NaN,18.52,NaN,666.00,NaN,17.44,NaN,NaN
11.54,178.33,NaN,153.79,NaN,666.00,NaN,6.24,NaN,NaN,9.35,NaN,18.60,NaN,666.00,NaN,20.59,NaN,NaN
11.67,171.86,NaN,145.51,NaN,666.00,NaN,4.27,NaN,NaN,9.35,NaN,18.86,NaN,666.00,NaN,19.64,NaN,NaN
11.84,-163.05,NaN,133.00,NaN,666.00,NaN,4.26,NaN,NaN,9.50,NaN,18.78,NaN,666.00,NaN,20.57,NaN,NaN
11.97,-160.46,NaN,118.66,NaN,666.00,NaN,3.28,NaN,NaN,5.24,NaN,18.62,NaN,666.00,NaN,20.96,NaN,NaN
12.10,-153.38,NaN,109.12,NaN,666.00,NaN,2.68,NaN,NaN,4.52,NaN,18.05,NaN,666.00,NaN,19.65,NaN,NaN
12.23,-144.43,NaN,104.63,NaN,666.00,NaN,4.60,NaN,NaN,4.09,NaN,18.15,NaN,666.00,NaN,20.83,NaN,NaN
12.37,-140.96,NaN,103.18,NaN,666.00,NaN,4.76,NaN,NaN,5.77,NaN,18.09,NaN,666.00,NaN,20.88,NaN,NaN
12.50,-139.32,NaN,102.37,NaN,666.00,NaN,5.39,NaN,NaN,5.63,NaN,17.67,NaN,666.00,NaN,20.89,NaN,NaN
12.63,-120.41,NaN,96.77,NaN,666.00,NaN,8.90,NaN,NaN,6.05,NaN,17.70,NaN,666.00,NaN,20.78,NaN,NaN
12.76,-57.71,NaN,81.48,NaN,666.00,NaN,13.59,NaN,NaN,5.85,NaN,17.75,NaN,666.00,NaN,20.26,NaN,NaN
12.90,-19.52,NaN,57.02,NaN,666.00,NaN,20.87,NaN,NaN,5.37,NaN,17.92,NaN,666.00,NaN,18.48,NaN,NaN
13.11,-11.38,NaN,33.89,NaN,666.00,NaN,17.39,NaN,NaN,4.71,NaN,16.69,NaN,666.00,NaN,18.16,NaN,NaN
13.24,-12.86,NaN,12.51,NaN,666.00,NaN,11.38,NaN,NaN,4.68,NaN,17.64,NaN,666.00,NaN,18.72,NaN,NaN
13.37,-11.38,NaN,6.44,NaN,-171.61,NaN,56.17,NaN,NaN,4.14,NaN,18.84,NaN,666.00,NaN,19.47,NaN,NaN
13.49,-10.47,NaN,5.82,NaN,-174.37,NaN,54.57,NaN,NaN,4.53,NaN,18.19,NaN,666.00,NaN,19.55,NaN,NaN
13.62,-10.67,NaN,6.44,NaN,666.00,NaN,14.36,NaN,NaN,5.29,NaN,17.71,NaN,666.00,NaN,19.19,NaN,NaN
13.75,-10.08,NaN,6.86,NaN,666.00,NaN,15.05,NaN,NaN,6.27,NaN,17.68,NaN,666.00,NaN,19.60,NaN,NaN
13.88,-7.95,NaN,5.98,NaN,666.00,NaN,23.95,NaN,NaN,5.94,NaN,18.17,NaN,666.00,NaN,20.46,NaN,NaN
14.00,-7.11,NaN,5.87,NaN,666.00,NaN,15.65,NaN,NaN,6.45,NaN,17.96,NaN,666.00,NaN,20.39,NaN,NaN
14.13,-8.74,NaN,10.03,NaN,666.00,NaN,13.67,NaN,NaN,5.87,NaN,17.75,NaN,666.00,NaN,20.97,NaN,NaN
14.25,-8.55,NaN,16.94,NaN,666.00,NaN,8.20,NaN,NaN,3.90,NaN,18.94,NaN,666.00,NaN,18.75,NaN,NaN
14.38,-21.64,NaN,31.51,NaN,666.00,NaN,9.06,NaN,NaN,-2.56,NaN,26.11,NaN,666.00,NaN,16.09,NaN,NaN
14.50,-27.62,NaN,41.97,NaN,666.00,NaN,6.23,NaN,NaN,-9.52,NaN,36.83,NaN,666.00,NaN,8.28,NaN,NaN
14.64,-29.43,NaN,45.19,NaN,666.00,NaN,6.03,NaN,NaN,-13.56,NaN,40.17,NaN,666.00,NaN,7.09,NaN,NaN
14.78,-21.32,NaN,32.96,NaN,666.00,NaN,8.52,NaN,NaN,-13.73,NaN,37.67,NaN,666.00,NaN,8.95,NaN,NaN
14.90,-11.99,NaN,11.28,NaN,666.00,NaN,17.03,NaN,NaN,-9.11,NaN,24.91,NaN,666.00,NaN,16.65,NaN,NaN
15.03,-2.76,NaN,5.09,NaN,666.00,NaN,11.80,NaN,NaN,-4.96,NaN,16.40,NaN,666.00,NaN,27.36,NaN,NaN
15.16,-7.33,NaN,11.30,NaN,666.00,NaN,12.91,NaN,NaN,-6.74,NaN,22.99,NaN,666.00,NaN,15.05,NaN,NaN
15.38,-8.35,NaN,16.11,NaN,666.00,NaN,12.37,NaN,NaN,-7.34,NaN,27.54,NaN,666.00,NaN,12.84,NaN,NaN
15.50,-8.33,NaN,16.18,NaN,666.00,NaN,12.92,NaN,NaN,-7.49,NaN,28.22,NaN,666.00,NaN,13.04,NaN,NaN
15.62,-3.95,NaN,7.70,NaN,666.00,NaN,15.92,NaN,NaN,-3.83,NaN,22.22,NaN,666.00,NaN,16.59,NaN,NaN
15.75,-0.71,NaN,4.48,NaN,666.00,NaN,15.80,NaN,NaN,-2.35,NaN,20.84,NaN,666.00,NaN,22.57,NaN,NaN
15.88,-1.77,NaN,9.32,NaN,666.00,NaN,12.62,NaN,NaN,-3.48,NaN,20.98,NaN,666.00,NaN,16.35,NaN,NaN
16.01,-8.56,NaN,30.41,NaN,666.00,NaN,8.95,NaN,NaN,-9.16,NaN,36.66,NaN,666.00,NaN,14.71,NaN,NaN
16.14,-21.35,NaN,52.88,NaN,666.00,NaN,4.83,NaN,NaN,-15.55,NaN,52.64,NaN,666.00,NaN,11.00,NaN,NaN
16.27,-55.10,NaN,74.82,NaN,666.00,NaN,3.70,NaN,NaN,-43.64,NaN,71.51,NaN,666.00,NaN,5.15,NaN,NaN
16.40,-81.75,NaN,85.77,NaN,666.00,NaN,3.84,NaN,NaN,-75.69,NaN,84.58,NaN,666.00,NaN,4.66,NaN,NaN
16.53,-88.54,NaN,89.22,NaN,666.00,NaN,5.07,NaN,NaN,-95.52,NaN,92.11,NaN,666.00,NaN,0.54,NaN,NaN
16.66,-89.69,NaN,89.84,NaN,666.00,NaN,4.92,NaN,NaN,-97.19,NaN,92.76,NaN,666.00,NaN,0.76,NaN,NaN
16.79,-95.28,NaN,91.81,NaN,666.00,NaN,7.18,NaN,NaN,-100.31,NaN,92.34,NaN,666.00,NaN,5.89,NaN,NaN
17.01,-154.14,NaN,96.24,NaN,666.00,NaN,12.87,NaN,NaN,-108.59,NaN,92.00,NaN,666.00,NaN,13.63,NaN,NaN
17.14,117.58,NaN,99.20,NaN,666.00,NaN,10.89,NaN,NaN,90.78,NaN,90.24,NaN,666.00,NaN,20.22,NaN,NaN
17.27,101.85,NaN,100.52,NaN,666.00,NaN,10.64,NaN,NaN,89.45,NaN,89.26,NaN,666.00,NaN,9.61,NaN,NaN
17.40,90.51,NaN,91.07,NaN,666.00,NaN,18.16,NaN,NaN,83.57,NaN,70.87,NaN,666.00,NaN,26.20,NaN,NaN
17.53,88.88,NaN,84.46,NaN,666.00,NaN,23.29,NaN,NaN,93.97,NaN,-132.28,NaN,666.00,NaN,24.90,NaN,NaN
17.65,86.50,NaN,0.84,NaN,-126.00,NaN,36.80,NaN,NaN,79.83,NaN,-54.46,NaN,666.00,NaN,22.83,NaN,NaN
17.77,82.04,NaN,0.07,NaN,666.00,NaN,20.68,NaN,NaN,69.14,NaN,-30.54,NaN,-154.63,NaN,35.36,NaN,NaN
17.90,85.95,NaN,-19.85,NaN,666.00,NaN,18.92,NaN,NaN,69.72,NaN,-28.14,NaN,-149.63,NaN,36.53,NaN,NaN
18.03,87.51,NaN,-14.97,NaN,666.00,NaN,24.03,NaN,NaN,71.30,NaN,-17.09,NaN,-138.35,NaN,37.45,NaN,NaN
18.16,83.15,NaN,78.26,NaN,666.00,NaN,29.34,NaN,NaN,74.46,NaN,49.57,NaN,-34.39,NaN,37.19,NaN,NaN
18.29,80.34,NaN,83.57,NaN,666.00,NaN,16.26,NaN,NaN,68.86,NaN,70.49,NaN,666.00,NaN,25.84,NaN,NaN
18.43,-57.16,NaN,88.74,NaN,666.00,NaN,9.76,NaN,NaN,24.33,NaN,78.20,NaN,666.00,NaN,5.37,NaN,NaN
18.66,-62.06,NaN,77.36,NaN,666.00,NaN,7.72,NaN,NaN,-31.57,NaN,68.39,NaN,666.00,NaN,15.19,NaN,NaN
18.78,-63.23,NaN,76.94,NaN,666.00,NaN,2.73,NaN,NaN,-38.68,NaN,66.64,NaN,666.00,NaN,13.73,NaN,NaN
18.91,-59.01,NaN,77.22,NaN,666.00,NaN,1.53,NaN,NaN,-34.93,NaN,66.84,NaN,666.00,NaN,12.15,NaN,NaN
19.03,-30.92,NaN,79.09,NaN,666.00,NaN,9.97,NaN,NaN,-11.80,NaN,66.65,NaN,666.00,NaN,19.11,NaN,NaN
19.17,55.95,NaN,80.41,NaN,666.00,NaN,16.84,NaN,NaN,19.78,NaN,66.19,NaN,-48.52,NaN,31.62,NaN,NaN
19.29,77.59,NaN,79.83,NaN,666.00,NaN,16.83,NaN,NaN,54.28,NaN,65.95,NaN,-46.43,NaN,38.64,NaN,NaN
19.43,79.68,NaN,67.78,NaN,666.00,NaN,18.43,NaN,NaN,60.66,NaN,52.46,NaN,-43.94,NaN,51.53,NaN,NaN
19.56,82.85,NaN,45.37,NaN,666.00,NaN,23.91,NaN,NaN,73.65,NaN,4.85,NaN,-143.57,NaN,33.38,NaN,NaN
19.68,86.12,-33.15,-54.97,-29.12,666.00,77.05,12.44,90.00,90.00,69.90,146.85,-26.98,-150.88,-152.50,-102.95,35.94,104.04,-180.00
19.81,65.60,-33.15,9.75,-29.12,-172.53,77.05,33.70,90.00,90.00,61.19,146.85,21.27,-150.88,-127.76,-102.95,40.53,104.04,-180.00
19.93,37.89,-33.15,37.74,-29.12,-163.17,77.05,38.40,90.00,90.00,49.14,146.85,34.10,-150.88,666.00,-102.95,28.72,104.04,-180.00
20.06,4.55,-33.15,42.38,-29.12,666.00,77.05,28.34,90.00,90.00,29.45,146.85,40.01,-150.88,666.00,-102.95,5.58,104.04,-180.00
20.20,-20.95,-33.15,34.34,-29.12,666.00,77.05,16.38,90.00,90.00,-1.09,146.85,39.56,-150.88,666.00,-102.95,13.71,104.04,-180.00
20.33,-29.66,-33.15,18.87,-29.12,666.00,77.05,11.31,90.00,90.00,-25.63,146.85,26.10,-150.88,666.00,-102.95,14.81,104.04,-180.00
20.48,-30.28,-33.15,16.76,-29.12,666.00,77.05,10.97,90.00,90.00,-25.74,146.85,9.29,-150.88,666.00,-102.95,8.72,104.04,-180.00
20.60,-26.63,-33.15,15.33,-29.12,666.00,77.05,2.30,90.00,90.00,-21.56,146.85,22.34,-150.88,666.00,-102.95,5.54,104.04,-180.00
20.73,-13.82,-33.15,30.15,-29.12,666.00,77.05,21.20,90.00,90.00,-9.63,146.85,32.39,-150.88,666.00,-102.95,16.73,104.04,-180.00
20.86,4.71,-33.15,38.08,-29.12,-20.30,77.05,31.71,90.00,90.00,12.32,146.85,38.02,-150.88,666.00,-102.95,22.50,104.04,-180.00
21.00,23.08,-33.15,31.12,-29.12,-15.67,77.05,38.78,90.00,90.00,24.23,146.85,36.24,-150.88,12.58,-102.95,41.33,104.04,-180.00
21.13,19.89,-33.15,8.12,-29.12,173.26,77.05,60.42,90.00,90.00,34.32,146.85,20.65,-150.88,-134.12,-102.95,54.30,104.04,-180.00
21.25,15.88,-33.15,4.40,-29.12,-163.40,77.05,40.15,90.00,90.00,9.21,146.85,26.71,-150.88,47.58,-102.95,75.81,104.04,-180.00
21.37,13.77,-33.15,4.66,-29.12,666.00,77.05,28.18,90.00,90.00,11.38,146.85,15.80,-150.88,53.80,-102.95,61.26,104.04,-180.00
21.50,9.37,-33.15,7.56,-29.12,666.00,77.05,14.27,90.00,90.00,7.21,146.85,29.41,-150.88,666.00,-102.95,28.67,104.04,-180.00
21.63,5.11,-33.15,13.32,-29.12,666.00,77.05,3.40,90.00,90.00,4.66,146.85,26.27,-150.88,666.00,-102.95,28.62,104.04,-180.00
21.76,-1.89,-33.15,15.87,-29.12,666.00,77.05,7.33,90.00,90.00,0.61,146.85,25.61,-150.88,666.00,-102.95,16.91,104.04,-180.00
21.88,-1.77,-33.15,14.65,-29.12,666.00,77.05,7.46,90.00,90.00,-0.98,146.85,26.50,-150.88,666.00,-102.95,17.08,104.04,-180.00
22.01,-1.68,-33.15,12.93,-29.12,666.00,77.05,9.23,90.00,90.00,-1.78,146.85,25.72,-150.88,666.00,-102.95,21.24,104.04,-180.00
22.14,-0.68,-33.15,11.98,-29.12,666.00,77.05,12.97,90.00,90.00,-1.56,146.85,27.26,-150.88,66.54,-102.95,30.77,104.04,-180.00
22.29,-1.52,-33.15,12.15,-29.12,666.00,77.05,12.58,90.00,90.00,-2.30,146.85,26.49,-150.88,66.17,-102.95,30.70,104.04,-180.00
22.42,-1.17,-33.15,11.89,-29.12,666.00,77.05,11.43,90.00,90.00,-1.64,146.85,26.22,-150.88,65.97,-102.95,30.60,104.04,-180.00
22.54,-1.97,-33.15,11.84,-29.12,666.00,77.05,11.11,90.00,90.00,-2.06,146.85,25.98,-150.88,66.43,-102.95,31.36,104.04,-180.00
22.67,-2.75,-33.15,12.09,-29.12,666.00,77.05,12.09,90.00,90.00,-2.80,146.85,25.90,-150.88,65.39,-102.95,31.16,104.04,-180.00
22.79,-3.13,-33.15,12.30,-29.12,666.00,77.05,12.22,90.00,90.00,-3.70,146.85,25.37,-150.88,63.11,-102.95,31.21,104.04,-180.00
22.92,-3.22,-33.15,12.41,-29.12,666.00,77.05,12.28,90.00,90.00,-3.81,146.85,25.40,-150.88,63.38,-102.95,31.52,104.04,-180.00
23.04,-3.25,-33.15,12.61,-29.12,666.00,77.05,12.75,90.00,90.00,-3.22,146.85,24.70,-150.88,62.83,-102.95,30.57,104.04,-180.00
23.17,-3.04,-33.15,12.79,-29.12,666.00,77.05,13.45,90.00,90.00,-2.94,146.85,24.41,-150.88,61.96,-102.95,30.34,104.04,-180.00
23.30,-2.58,-33.15,12.79,-29.12,666.00,77.05,13.59,90.00,90.00,-2.77,146.85,24.38,-150.88,61.07,-102.95,30.01,104.04,-180.00
23.43,-2.34,-33.15,12.80,-29.12,666.00,77.05,14.98,90.00,90.00,-2.69,146.85,24.33,-150.88,61.01,-102.95,30.02,104.04,-180.00
23.55,-2.27,-33.15,12.81,-29.12,666.00,77.05,16.06,90.00,90.00,-2.75,146.85,24.19,-150.88,666.00,-102.95,29.69,104.04,-180.00
23.68,0.14,-33.15,11.32,-29.12,666.00,77.05,14.21,90.00,90.00,-3.64,146.85,25.01,-150.88,59.38,-102.95,30.59,104.04,-180.00
23.81,0.70,-33.15,11.03,-29.12,666.00,77.05,13.33,90.00,90.00,-3.86,146.85,25.30,-150.88,58.87,-102.95,30.70,104.04,-180.00
23.93,0.92,-33.15,10.98,-29.12,666.00,77.05,13.53,90.00,90.00,-3.91,146.85,25.12,-150.88,58.18,-102.95,30.68,104.04,-180.00
24.06,1.03,-33.15,10.98,-29.12,666.00,77.05,13.64,90.00,90.00,-3.95,146.85,24.97,-150.88,57.69,-102.95,30.56,104.04,-180.00
24.20,-0.08,-33.15,11.76,-29.12,666.00,77.05,14.11,90.00,90.00,-3.16,146.85,24.34,-150.88,666.00,-102.95,29.95,104.04,-180.00
24.32,0.96,-33.15,18.47,-29.12,666.00,77.05,20.89,90.00,90.00,-3.35,146.85,23.82,-150.88,666.00,-102.95,29.72,104.04,-180.00
24.44,9.07,-33.15,37.52,-29.12,666.00,77.05,24.78,90.00,90.00,-4.31,146.85,23.82,-150.88,57.68,-102.95,31.43,104.04,-180.00
24.57,31.18,-33.15,65.12,-29.12,666.00,77.05,25.55,90.00,90.00,-4.71,146.85,23.38,-150.88,56.52,-102.95,31.63,104.04,-180.00
24.70,74.54,-33.15,85.40,-29.12,666.00,77.05,28.19,90.00,90.00,-4.94,146.85,23.18,-150.88,55.72,-102.95,31.30,104.04,-180.00
24.83,98.99,-33.15,93.20,-29.12,-55.50,77.05,34.85,90.00,90.00,-4.98,146.85,23.18,-150.88,55.73,-102.95,30.95,104.04,-180.00
24.96,99.24,-33.15,93.67,-29.12,-51.41,77.05,35.86,90.00,90.00,-5.14,146.85,23.27,-150.88,56.20,-102.95,30.99,104.04,-180.00
25.10,77.27,-33.15,83.81,-29.12,-42.38,77.05,36.91,90.00,90.00,-4.38,146.85,23.03,-150.88,57.76,-102.95,30.11,104.04,-180.00
25.31,84.07,-33.15,85.76,-29.12,-38.63,77.05,41.95,90.00,90.00,-5.09,146.85,23.52,-150.88,56.41,-102.95,31.44,104.04,-180.00
25.44,67.77,-33.15,67.72,-29.12,-23.81,77.05,77.71,90.00,90.00,-5.17,146.85,23.77,-150.88,56.87,-102.95,31.99,104.04,-180.00
25.57,71.93,-33.15,64.05,-29.12,20.39,77.05,93.67,90.00,90.00,-5.77,146.85,23.10,-150.88,55.65,-102.95,31.81,104.04,-180.00
25.69,63.04,-33.15,50.37,-29.12,24.46,77.05,88.59,90.00,90.00,-6.71,146.85,22.50,-150.88,52.89,-102.95,31.84,104.04,-180.00
25.82,75.55,-33.15,58.95,-29.12,16.45,77.05,50.21,90.00,90.00,-6.86,146.85,21.89,-150.88,50.68,-102.95,31.24,104.04,-180.00
25.94,74.80,-33.15,65.93,-29.12,666.00,77.05,28.13,90.00,90.00,-7.99,146.85,21.25,-150.88,49.30,-102.95,30.18,104.04,-180.00
26.07,73.58,-33.15,64.77,-29.12,666.00,77.05,29.92,90.00,90.00,-6.26,146.85,21.51,-150.88,666.00,-102.95,28.49,104.04,-180.00
26.20,62.78,-33.15,52.12,-29.12,-55.75,77.05,37.73,90.00,90.00,-5.66,146.85,21.41,-150.88,666.00,-102.95,27.45,104.04,-180.00
26.33,34.68,-33.15,27.81,-29.12,-157.97,77.05,59.03,90.00,90.00,-4.98,146.85,21.73,-150.88,666.00,-102.95,27.16,104.04,-180.00
26.45,27.08,-33.15,16.24,-29.12,-127.34,77.05,37.92,90.00,90.00,-5.31,146.85,21.61,-150.88,666.00,-102.95,28.20,104.04,-180.00
26.58,18.23,-33.15,8.66,-29.12,666.00,77.05,17.24,90.00,90.00,-3.14,146.85,21.38,-150.88,666.00,-102.95,28.83,104.04,-180.00
26.70,9.33,-33.15,7.95,-29.12,666.00,77.05,4.20,90.00,90.00,-4.12,146.85,22.40,-150.88,56.28,-102.95,30.10,104.04,-180.00
26.83,0.35,-33.15,20.91,-29.12,666.00,77.05,14.84,90.00,90.00,-4.40,146.85,22.96,-150.88,666.00,-102.95,28.78,104.04,-180.00
26.96,-3.44,-33.15,31.26,-29.12,666.00,77.05,23.04,90.00,90.00,-3.14,146.85,21.87,-150.88,666.00,-102.95,26.84,104.04,-180.00
27.08,-3.66,-33.15,35.16,-29.12,-57.11,77.05,37.43,90.00,90.00,-3.17,146.85,21.51,-150.88,666.00,-102.95,26.08,104.04,-180.00
27.23,4.19,-33.15,39.03,-29.12,-45.21,77.05,55.36,90.00,90.00,-3.32,146.85,21.71,-150.88,666.00,-102.95,27.02,104.04,-180.00
27.38,20.62,-33.15,38.20,-29.12,-33.90,77.05,58.31,90.00,90.00,-2.37,146.85,22.30,-150.88,55.65,-102.95,31.03,104.04,-180.00
27.53,24.22,-33.15,30.66,-29.12,9.92,77.05,60.60,90.00,90.00,-1.01,146.85,22.37,-150.88,666.00,-102.95,22.99,104.04,-180.00
27.66,27.26,-33.15,26.80,-29.12,-124.26,77.05,63.69,90.00,90.00,-0.26,146.85,22.47,-150.88,59.12,-102.95,30.77,104.04,-180.00
27.78,27.13,-33.15,22.73,-29.12,-114.55,77.05,72.32,90.00,90.00,0.13,146.85,22.56,-150.88,666.00,-102.95,29.71,104.04,-180.00
27.93,34.12,-33.15,44.33,-29.12,27.78,77.05,81.18,90.00,90.00,-2.39,146.85,22.82,-150.88,666.00,-102.95,27.45,104.04,-180.00
28.15,29.71,-33.15,29.37,-29.12,177.22,77.05,63.73,90.00,90.00,-1.84,146.85,22.18,-150.88,666.00,-102.95,26.81,104.04,-180.00
28.27,47.94,-33.15,44.79,-29.12,167.69,77.05,59.23,90.00,90.00,-2.25,146.85,22.16,-150.88,666.00,-102.95,27.13,104.04,-180.00
28.41,95.96,-43.01,95.72,-25.37,-67.39,91.17,53.30,90.00,90.00,-2.09,136.99,22.75,-154.64,666.00,-88.83,29.14,104.04,-180.00
28.56,142.80,-43.01,138.42,-25.37,85.98,91.17,47.33,90.00,90.00,0.72,136.99,23.28,-154.64,666.00,-88.83,23.66,104.04,-180.00
28.68,155.60,-43.01,158.00,-25.37,66.64,91.17,39.52,90.00,90.00,-0.56,136.99,23.90,-154.64,666.00,-88.83,26.33,104.04,-180.00
28.82,166.39,-43.01,171.39,-25.37,63.88,91.17,35.20,90.00,90.00,1.27,136.99,25.26,-154.64,666.00,-88.83,20.46,104.04,-180.00
28.95,172.36,-43.01,178.51,-25.37,666.00,91.17,28.81,90.00,90.00,-1.63,136.99,25.78,-154.64,666.00,-88.83,19.68,104.04,-180.00
29.07,173.73,-43.01,178.70,-25.37,666.00,91.17,25.46,90.00,90.00,1.92,136.99,25.28,-154.64,666.00,-88.83,23.28,104.04,-180.00
29.20,163.45,-43.01,171.40,-25.37,666.00,91.17,27.81,90.00,90.00,2.78,136.99,23.84,-154.64,666.00,-88.83,17.93,104.04,-180.00
29.33,139.17,-43.01,153.71,-25.37,64.72,91.17,35.52,90.00,90.00,0.63,136.99,23.08,-154.64,666.00,-88.83,23.91,104.04,-180.00
29.46,103.04,-43.01,116.41,-25.37,-49.44,91.17,43.89,90.00,90.00,-0.42,136.99,22.27,-154.64,666.00,-88.83,27.10,104.04,-180.00
29.59,58.05,-43.01,42.27,-25.37,-132.75,91.17,33.01,90.00,90.00,-0.53,136.99,22.73,-154.64,60.15,-88.83,30.60,104.04,-180.00
29.73,26.95,-43.01,17.05,-25.37,666.00,91.17,21.40,90.00,90.00,-0.92,136.99,22.99,-154.64,666.00,-88.83,29.79,104.04,-180.00
29.86,12.34,-43.01,12.20,-25.37,666.00,91.17,5.99,90.00,90.00,-0.71,136.99,23.18,-154.64,666.00,-88.83,29.37,104.04,-180.00
29.98,4.34,-43.01,11.46,-25.37,666.00,91.17,0.96,90.00,90.00,-0.10,136.99,23.58,-154.64,666.00,-88.83,29.31,104.04,-180.00
30.11,-4.07,-43.01,12.93,-25.37,666.00,91.17,0.93,90.00,90.00,0.18,136.99,23.57,-154.64,666.00,-88.83,28.40,104.04,-180.00
30.23,-6.41,-43.01,13.20,-25.37,666.00,91.17,1.84,90.00,90.00,-0.00,136.99,23.51,-154.64,666.00,-88.83,28.06,104.04,-180.00
30.36,-0.05,-43.01,11.93,-25.37,666.00,91.17,8.33,90.00,90.00,-0.47,136.99,24.17,-154.64,666.00,-88.83,29.22,104.04,-180.00
30.48,13.00,-43.01,11.15,-25.37,666.00,91.17,10.88,90.00,90.00,-1.12,136.99,24.38,-154.64,61.70,-88.83,30.11,104.04,-180.00
30.61,34.88,-43.01,11.99,-25.37,666.00,91.17,20.24,90.00,90.00,-0.63,136.99,24.18,-154.64,63.56,-88.83,30.81,104.04,-180.00
30.73,69.80,-43.01,39.92,-25.37,666.00,91.17,26.69,90.00,90.00,1.04,136.99,23.91,-154.64,65.11,-88.83,31.03,104.04,-180.00
30.86,110.95,-43.01,138.06,-25.37,65.01,91.17,33.98,90.00,90.00,1.92,136.99,22.86,-154.64,666.00,-88.83,29.83,104.04,-180.00
30.99,134.64,-43.01,157.32,-25.37,75.95,91.17,40.30,90.00,90.00,1.81,136.99,22.87,-154.64,666.00,-88.83,28.11,104.04,-180.00
31.13,153.58,-43.01,170.84,-25.37,84.35,91.17,30.55,90.00,90.00,2.19,136.99,22.21,-154.64,666.00,-88.83,24.19,104.04,-180.00
31.34,155.68,-43.01,171.21,-25.37,76.62,91.17,31.89,90.00,90.00,1.79,136.99,22.43,-154.64,666.00,-88.83,24.14,104.04,-180.00
31.47,154.70,-43.01,170.51,-25.37,80.19,91.17,31.01,90.00,90.00,2.16,136.99,22.42,-154.64,666.00,-88.83,25.59,104.04,-180.00
31.60,146.78,-43.01,165.07,-25.37,666.00,91.17,29.64,90.00,90.00,2.55,136.99,22.67,-154.64,666.00,-88.83,26.60,104.04,-180.00
31.73,125.54,-43.01,143.96,-25.37,68.07,91.17,41.50,90.00,90.00,2.31,136.99,22.42,-154.64,666.00,-88.83,26.77,104.04,-180.00
31.87,96.88,-43.01,107.65,-25.37,-37.20,91.17,34.04,90.00,90.00,1.72,136.99,21.71,-154.64,666.00,-88.83,26.79,104.04,-180.00
32.00,39.62,-43.01,35.55,-25.37,-150.11,91.17,58.54,90.00,90.00,1.01,136.99,21.74,-154.64,666.00,-88.83,26.63,104.04,-180.00
32.13,23.01,-43.01,18.11,-25.37,666.00,91.17,15.19,90.00,90.00,0.65,136.99,22.21,-154.64,666.00,-88.83,27.37,104.04,-180.00
32.27,5.50,-43.01,12.54,-25.37,666.00,91.17,4.73,90.00,90.00,0.27,136.99,22.63,-154.64,666.00,-88.83,28.00,104.04,-180.00
32.40,-8.07,-43.01,13.10,-25.37,666.00,91.17,1.70,90.00,90.00,0.39,136.99,22.70,-154.64,666.00,-88.83,27.76,104.04,-180.00
32.52,-14.00,-43.01,15.35,-25.37,666.00,91.17,1.65,90.00,90.00,-1.37,136.99,22.88,-154.64,666.00,-88.83,28.10,104.04,-180.00
32.65,-13.40,-43.01,15.78,-25.37,666.00,91.17,4.28,90.00,90.00,-1.18,136.99,23.13,-154.64,666.00,-88.83,28.23,104.04,-180.00
32.77,-7.78,-43.01,14.76,-25.37,666.00,91.17,21.29,90.00,90.00,-0.50,136.99,23.71,-154.64,60.86,-88.83,30.17,104.04,-180.00
32.90,-2.24,-43.01,12.23,-25.37,666.00,91.17,25.99,90.00,90.00,0.28,136.99,24.24,-154.64,60.30,-88.83,32.04,104.04,-180.00
33.03,0.68,-43.01,11.65,-25.37,666.00,91.17,27.94,90.00,90.00,0.63,136.99,23.97,-154.64,60.29,-88.83,32.16,104.04,-180.00
33.15,1.46,-43.01,11.74,-25.37,666.00,91.17,25.86,90.00,90.00,1.18,136.99,23.65,-154.64,61.03,-88.83,31.57,104.04,-180.00
33.28,1.21,-43.01,11.44,-25.37,666.00,91.17,21.61,90.00,90.00,1.40,136.99,23.51,-154.64,62.84,-88.83,30.38,104.04,-180.00
33.40,0.74,-43.01,11.15,-25.37,666.00,91.17,19.81,90.00,90.00,0.38,136.99,23.10,-154.64,666.00,-88.83,28.31,104.04,-180.00
33.53,0.88,-43.01,11.05,-25.37,666.00,91.17,19.50,90.00,90.00,-0.36,136.99,23.13,-154.64,666.00,-88.83,27.77,104.04,-180.00
33.65,1.43,-43.01,11.08,-25.37,666.00,91.17,18.70,90.00,90.00,-0.57,136.99,23.30,-154.64,666.00,-88.83,28.11,104.04,-180.00
33.78,1.80,-43.01,11.36,-25.37,666.00,91.17,17.44,90.00,90.00,-0.44,136.99,23.48,-154.64,666.00,-88.83,28.89,104.04,-180.00
33.90,1.93,-43.01,11.38,-25.37,666.00,91.17,16.46,90.00,90.00,-0.08,136.99,23.72,-154.64,666.00,-88.83,29.57,104.04,-180.00
34.03,2.04,-43.01,11.40,-25.37,666.00,91.17,16.13,90.00,90.00,0.14,136.99,23.84,-154.64,666.00,-88.83,29.87,104.04,-180.00
34.16,2.77,-43.01,11.25,-25.37,666.00,91.17,16.99,90.00,90.00,0.29,136.99,23.81,-154.64,666.00,-88.83,29.81,104.04,-180.00
34.40,10.69,-43.01,10.96,-25.37,666.00,91.17,19.77,90.00,90.00,0.00,136.99,24.03,-154.64,666.00,-88.83,29.71,104.04,-180.00
34.57,20.15,-43.01,10.95,-25.37,666.00,91.17,26.67,90.00,90.00,-0.43,136.99,23.93,-154.64,666.00,-88.83,29.33,104.04,-180.00
34.71,26.57,-43.01,11.24,-25.37,666.00,91.17,25.88,90.00,90.00,-0.15,136.99,23.61,-154.64,666.00,-88.83,28.76,104.04,-180.00
34.85,29.83,-43.01,13.85,-25.37,-170.51,91.17,33.61,90.00,90.00,0.35,136.99,23.10,-154.64,666.00,-88.83,27.92,104.04,-180.00
35.00,34.25,-43.01,17.16,-25.37,-168.71,91.17,36.86,90.00,90.00,-0.04,136.99,22.77,-154.64,666.00,-88.83,27.10,104.04,-180.00
35.15,42.16,-43.01,24.21,-25.37,-158.93,91.17,38.82,90.00,90.00,-0.09,136.99,22.31,-154.64,666.00,-88.83,26.50,104.04,-180.00
35.28,49.47,-43.01,30.92,-25.37,-152.15,91.17,39.28,90.00,90.00,0.82,136.99,21.79,-154.64,666.00,-88.83,25.82,104.04,-180.00
35.41,60.52,-43.01,39.83,-25.37,-143.55,91.17,39.79,90.00,90.00,-0.78,136.99,21.50,-154.64,666.00,-88.83,25.92,104.04,-180.00
35.53,71.54,-43.01,49.60,-25.37,-44.96,91.17,31.01,90.00,90.00,-0.61,136.99,21.38,-154.64,666.00,-88.83,26.38,104.04,-180.00
35.66,78.64,-43.01,64.29,-25.37,-40.86,91.17,35.23,90.00,90.00,-1.31,136.99,21.55,-154.64,666.00,-88.83,26.52,104.04,-180.00
35.79,94.89,-43.01,102.45,-25.37,666.00,91.17,27.48,90.00,90.00,1.14,136.99,20.34,-154.64,666.00,-88.83,25.23,104.04,-180.00
35.93,110.99,-43.01,133.06,-25.37,666.00,91.17,23.82,90.00,90.00,0.41,136.99,20.40,-154.64,666.00,-88.83,25.77,104.04,-180.00
36.16,121.70,-43.01,143.43,-25.37,666.00,91.17,28.08,90.00,90.00,0.16,136.99,20.32,-154.64,666.00,-88.83,26.14,104.04,-180.00
36.40,132.50,-43.01,151.15,-25.37,666.00,91.17,26.62,90.00,90.00,1.73,136.99,17.49,-154.64,666.00,-88.83,22.30,104.04,-180.00
36.53,138.16,-43.01,154.56,-25.37,666.00,91.17,23.79,90.00,90.00,1.77,136.99,17.77,-154.64,666.00,-88.83,22.43,104.04,-180.00
36.66,141.79,-43.01,156.10,-25.37,666.00,91.17,24.50,90.00,90.00,1.92,136.99,17.95,-154.64,666.00,-88.83,22.46,104.04,-180.00
36.80,146.55,-43.01,155.75,-25.37,666.00,91.17,21.39,90.00,90.00,1.50,136.99,18.11,-154.64,666.00,-88.83,22.50,104.04,-180.00
36.93,148.36,-43.01,159.50,-25.37,666.00,91.17,19.55,90.00,90.00,1.40,136.99,18.27,-154.64,666.00,-88.83,22.64,104.04,-180.00
37.06,152.87,-43.01,161.92,-25.37,666.00,91.17,17.92,90.00,90.00,-0.21,136.99,19.19,-154.64,666.00,-88.83,23.43,104.04,-180.00
37.29,155.89,-43.01,163.46,-25.37,666.00,91.17,17.00,90.00,90.00,0.04,136.99,20.49,-154.64,666.00,-88.83,25.85,104.04,-180.00
37.43,159.74,-43.01,165.62,-25.37,666.00,91.17,15.64,90.00,90.00,-1.05,136.99,21.16,-154.64,666.00,-88.83,16.07,104.04,-180.00
37.67,163.35,-43.01,165.68,-25.37,666.00,91.17,15.62,90.00,90.00,1.06,136.99,22.56,-154.64,666.00,-88.83,14.84,104.04,-180.00
37.80,164.83,-43.01,165.51,-25.37,666.00,91.17,15.70,90.00,90.00,2.15,136.99,23.36,-154.64,666.00,-88.83,13.13,104.04,-180.00
37.93,166.45,-43.01,165.31,-25.37,666.00,91.17,15.82,90.00,90.00,3.33,136.99,23.88,-154.64,666.00,-88.83,11.07,104.04,-180.00
38.06,167.93,-43.01,165.19,-25.37,666.00,91.17,14.78,90.00,90.00,3.67,136.99,24.79,-154.64,666.00,-88.83,11.15,104.04,-180.00
38.20,170.31,-43.01,165.17,-25.37,666.00,91.17,13.74,90.00,90.00,3.69,136.99,25.37,-154.64,666.00,-88.83,11.13,104.04,-180.00
38.34,174.93,-43.01,163.35,-25.37,666.00,91.17,16.11,90.00,90.00,3.69,136.99,25.36,-154.64,666.00,-88.83,10.87,104.04,-180.00
38.47,177.03,-43.01,163.33,-25.37,666.00,91.17,11.23,90.00,90.00,3.40,136.99,25.47,-154.64,666.00,-88.83,10.80,104.04,-180.00
38.60,177.44,-43.01,161.03,-25.37,666.00,91.17,12.71,90.00,90.00,0.64,136.99,25.20,-154.64,666.00,-88.83,10.62,104.04,-180.00
38.73,179.47,-43.01,153.78,-25.37,666.00,91.17,19.76,90.00,90.00,-0.72,136.99,25.05,-154.64,666.00,-88.83,10.65,104.04,-180.00
38.86,178.02,-43.01,150.51,-25.37,666.00,91.17,14.45,90.00,90.00,-1.02,136.99,25.35,-154.64,666.00,-88.83,11.76,104.04,-180.00
39.01,176.22,-43.01,149.28,-25.37,666.00,91.17,15.02,90.00,90.00,-0.05,136.99,25.30,-154.64,666.00,-88.83,11.42,104.04,-180.00
39.15,175.10,-43.01,148.45,-25.37,666.00,91.17,15.43,90.00,90.00,0.47,136.99,25.14,-154.64,666.00,-88.83,11.15,104.04,-180.00
39.27,173.28,-43.01,146.35,-25.37,666.00,91.17,18.52,90.00,90.00,0.60,136.99,25.04,-154.64,666.00,-88.83,11.16,104.04,-180.00
39.40,171.75,-43.01,141.91,-25.37,666.00,91.17,20.06,90.00,90.00,0.60,136.99,24.96,-154.64,666.00,-88.83,11.19,104.04,-180.00
39.53,170.25,-43.01,138.17,-25.37,666.00,91.17,21.75,90.00,90.00,0.28,136.99,24.80,-154.64,666.00,-88.83,11.30,104.04,-180.00
39.67,-168.53,-43.01,132.75,-25.37,666.00,91.17,23.92,90.00,90.00,-0.45,136.99,24.52,-154.64,666.00,-88.83,11.96,104.04,-180.00
39.80,-169.20,-43.01,131.99,-25.37,666.00,91.17,21.74,90.00,90.00,-0.41,136.99,24.14,-154.64,666.00,-88.83,14.12,104.04,-180.00
40.13,179.09,-43.01,103.83,-25.37,666.00,91.17,13.36,90.00,90.00,-3.84,136.99,21.79,-154.64,666.00,-88.83,10.93,104.04,-180.00
40.26,-33.82,-43.01,89.20,-25.37,666.00,91.17,13.36,90.00,90.00,-4.72,136.99,21.28,-154.64,666.00,-88.83,11.91,104.04,-180.00
40.39,-2.21,-43.01,67.68,-25.37,666.00,91.17,9.42,90.00,90.00,-3.86,136.99,22.75,-154.64,666.00,-88.83,28.07,104.04,-180.00
40.54,-8.19,-43.01,56.34,-25.37,666.00,91.17,14.37,90.00,90.00,-4.01,136.99,22.82,-154.64,54.91,-88.83,30.68,104.04,-180.00
40.68,-4.68,-43.01,37.01,-25.37,666.00,91.17,16.74,90.00,90.00,-4.34,136.99,23.00,-154.64,53.66,-88.83,31.28,104.04,-180.00
40.83,-1.72,-43.01,20.47,-25.37,666.00,91.17,17.54,90.00,90.00,-4.14,136.99,20.39,-154.64,666.00,-88.83,27.04,104.04,-180.00
40.97,1.85,-43.01,10.38,-25.37,666.00,91.17,18.85,90.00,90.00,-3.48,136.99,21.86,-154.64,666.00,-88.83,26.90,104.04,-180.00
41.13,4.19,-43.01,7.77,-25.37,666.00,91.17,25.57,90.00,90.00,-3.29,136.99,22.80,-154.64,53.03,-88.83,32.99,104.04,-180.00
41.26,4.80,-43.01,9.01,-25.37,666.00,91.17,23.22,90.00,90.00,-2.39,136.99,22.56,-154.64,56.72,-88.83,35.87,104.04,-180.00
41.39,4.20,-43.01,7.90,-25.37,666.00,91.17,17.74,90.00,90.00,-1.75,136.99,22.59,-154.64,59.16,-88.83,33.50,104.04,-180.00
41.53,5.09,-43.01,8.12,-25.37,666.00,91.17,13.71,90.00,90.00,-3.26,136.99,23.21,-154.64,52.88,-88.83,31.55,104.04,-180.00
41.66,2.56,-43.01,11.46,-25.37,666.00,91.17,15.63,90.00,90.00,-6.13,136.99,23.62,-154.64,47.89,-88.83,30.29,104.04,-180.00
41.81,1.83,-43.01,13.53,-25.37,666.00,91.17,12.33,90.00,90.00,-5.26,136.99,22.82,-154.64,666.00,-88.83,24.53,104.04,-180.00
41.94,1.31,-43.01,14.08,-25.37,666.00,91.17,14.17,90.00,90.00,-4.12,136.99,22.50,-154.64,666.00,-88.83,24.24,104.04,-180.00
42.09,3.41,-43.01,11.90,-25.37,666.00,91.17,26.41,90.00,90.00,-3.89,136.99,23.78,-154.64,43.69,-88.83,37.14,104.04,-180.00
42.22,7.90,-43.01,6.52,-25.37,-154.10,91.17,38.05,90.00,90.00,-3.71,136.99,26.07,-154.64,40.81,-88.83,48.55,104.04,-180.00
42.36,10.92,-43.01,5.66,-25.37,-151.44,91.17,53.20,90.00,90.00,-3.60,136.99,27.26,-154.64,39.98,-88.83,79.51,104.04,-180.00
42.50,13.36,-43.01,8.32,-25.37,-146.09,91.17,64.54,90.00,90.00,-0.46,136.99,27.87,-154.64,41.84,-88.83,81.77,104.04,-180.00
42.63,13.35,-43.01,5.77,-25.37,-150.79,91.17,39.39,90.00,90.00,-2.11,136.99,28.22,-154.64,42.74,-88.83,77.42,104.04,-180.00
42.76,12.06,-43.01,3.96,-25.37,666.00,91.17,4.65,90.00,90.00,-0.80,136.99,26.33,-154.64,58.31,-88.83,43.64,104.04,-180.00
43.04,-18.29,-43.01,18.62,-25.37,666.00,91.17,5.65,90.00,90.00,-14.48,136.99,25.60,-154.64,666.00,-88.83,6.52,104.04,-180.00
43.28,-14.08,-43.01,17.25,-25.37,666.00,91.17,7.02,90.00,90.00,-15.11,136.99,25.26,-154.64,666.00,-88.83,15.06,104.04,-180.00
43.41,-2.03,-43.01,15.86,-25.37,666.00,91.17,25.72,90.00,90.00,-8.11,136.99,22.55,-154.64,666.00,-88.83,26.32,104.04,-180.00
43.53,17.12,-43.01,16.98,-25.37,-167.89,91.17,42.13,90.00,90.00,-5.45,136.99,24.01,-154.64,42.80,-88.83,36.74,104.04,-180.00
43.71,40.35,-43.01,23.12,-25.37,-164.31,91.17,66.06,90.00,90.00,-1.78,136.99,26.07,-154.64,45.92,-88.83,46.19,104.04,-180.00
43.90,72.48,-43.01,42.88,-25.37,-146.65,91.17,57.28,90.00,90.00,-2.59,136.99,27.84,-154.64,58.37,-88.83,49.31,104.04,-180.00
44.04,76.64,-43.01,54.69,-25.37,-45.61,91.17,54.44,90.00,90.00,-3.26,136.99,28.07,-154.64,666.00,-88.83,19.70,104.04,-180.00
44.17,86.61,-43.01,84.51,-25.37,-25.34,91.17,53.88,90.00,90.00,-3.85,136.99,23.82,-154.64,666.00,-88.83,28.57,104.04,-180.00
44.31,90.24,-43.01,90.31,-25.37,-14.92,91.17,43.96,90.00,90.00,-5.17,136.99,23.07,-154.64,666.00,-88.83,29.82,104.04,-180.00
44.45,93.21,-43.01,93.65,-25.37,-6.03,91.17,43.43,90.00,90.00,-5.29,136.99,22.63,-154.64,666.00,-88.83,29.63,104.04,-180.00
44.58,94.55,-43.01,95.27,-25.37,3.41,91.17,35.12,90.00,90.00,-4.98,136.99,22.54,-154.64,666.00,-88.83,29.72,104.04,-180.00
44.71,90.02,-43.01,90.02,-25.37,-4.71,91.17,32.49,90.00,90.00,-4.43,136.99,22.90,-154.64,55.63,-88.83,32.08,104.04,-180.00
44.86,77.42,-43.01,76.89,-25.37,-26.12,91.17,41.27,90.00,90.00,-4.15,136.99,24.14,-154.64,55.65,-88.83,34.39,104.04,-180.00
45.00,73.93,-43.01,73.80,-25.37,-29.14,91.17,45.28,90.00,90.00,-2.95,136.99,25.12,-154.64,59.01,-88.83,35.50,104.04,-180.00
45.16,79.14,-43.01,79.21,-25.37,-15.79,91.17,38.04,90.00,90.00,-2.27,136.99,23.20,-154.64,58.92,-88.83,31.52,104.04,-180.00
45.39,82.73,-43.01,83.05,-25.37,-3.15,91.17,33.35,90.00,90.00,-2.16,136.99,21.15,-154.64,666.00,-88.83,27.44,104.04,-180.00
45.56,78.81,-43.01,79.37,-25.37,-10.29,91.17,32.11,90.00,90.00,-2.39,136.99,19.77,-154.64,666.00,-88.83,26.20,104.04,-180.00
45.72,75.16,-43.01,75.39,-25.37,-14.29,91.17,34.04,90.00,90.00,-1.21,136.99,20.11,-154.64,666.00,-88.83,27.11,104.04,-180.00
45.97,78.73,-43.01,78.05,-25.37,-2.10,91.17,37.99,90.00,90.00,1.98,136.99,19.90,-154.64,666.00,-88.83,29.17,104.04,-180.00
46.09,80.18,-43.01,78.99,-25.37,2.46,91.17,36.25,90.00,90.00,2.08,136.99,19.86,-154.64,65.66,-88.83,30.19,104.04,-180.00
46.23,78.34,-43.01,76.39,-25.37,666.00,91.17,27.54,90.00,90.00,3.79,136.99,21.34,-154.64,68.69,-88.83,32.48,104.04,-180.00
46.36,74.06,-43.01,70.33,-25.37,666.00,91.17,18.12,90.00,90.00,3.82,136.99,21.42,-154.64,70.63,-88.83,31.66,104.04,-180.00
46.49,67.24,-43.01,59.74,-25.37,666.00,91.17,11.12,90.00,90.00,-0.78,136.99,23.52,-154.64,67.10,-88.83,33.55,104.04,-180.00
46.63,59.96,-43.01,50.60,-25.37,666.00,91.17,10.80,90.00,90.00,-5.39,136.99,25.59,-154.64,666.00,-88.83,18.71,104.04,-180.00
46.85,55.03,-43.01,44.81,-25.37,666.00,91.17,13.63,90.00,90.00,-4.53,136.99,21.52,-154.64,666.00,-88.83,5.94,104.04,-180.00
46.98,43.14,-43.01,35.31,-25.37,666.00,91.17,23.34,90.00,90.00,-1.42,136.99,15.42,-154.64,666.00,-88.83,23.53,104.04,-180.00
47.11,36.20,-43.01,26.47,-25.37,666.00,91.17,24.61,90.00,90.00,0.06,136.99,15.19,-154.64,666.00,-88.83,18.28,104.04,-180.00
47.25,31.98,-43.01,21.51,-25.37,666.00,91.17,18.35,90.00,90.00,1.57,136.99,14.73,-154.64,666.00,-88.83,17.82,104.04,-180.00
47.39,24.79,-43.01,17.23,-25.37,666.00,91.17,24.68,90.00,90.00,2.71,136.99,16.39,-154.64,666.00,-88.83,20.07,104.04,-180.00
47.54,22.97,-43.01,15.75,-25.37,666.00,91.17,27.16,90.00,90.00,3.38,136.99,16.60,-154.64,666.00,-88.83,19.52,104.04,-180.00
47.68,25.71,-43.01,13.42,-25.37,666.00,91.17,25.54,90.00,90.00,2.99,136.99,17.04,-154.64,666.00,-88.83,19.53,104.04,-180.00
47.82,24.79,-43.01,13.50,-25.37,666.00,91.17,27.50,90.00,90.00,2.67,136.99,17.06,-154.64,666.00,-88.83,19.47,104.04,-180.00
47.95,24.07,-43.01,13.43,-25.37,666.00,91.17,28.87,90.00,90.00,2.58,136.99,16.92,-154.64,666.00,-88.83,19.51,104.04,-180.00
48.07,24.00,-43.01,12.78,-25.37,666.00,91.17,29.44,90.00,90.00,2.18,136.99,16.42,-154.64,666.00,-88.83,18.99,104.04,-180.00
48.20,23.82,-43.01,14.08,-25.37,-162.60,91.17,30.90,90.00,90.00,1.37,136.99,15.28,-154.64,666.00,-88.83,18.52,104.04,-180.00
48.33,24.75,-43.01,14.01,-25.37,-161.82,91.17,32.11,90.00,90.00,-0.12,136.99,14.38,-154.64,666.00,-88.83,19.16,104.04,-180.00
48.46,20.39,-43.01,16.68,-25.37,-166.36,91.17,35.95,90.00,90.00,2.23,136.99,15.17,-154.64,666.00,-88.83,18.69,104.04,-180.00
48.59,19.07,-43.01,17.32,-25.37,-168.07,91.17,37.22,90.00,90.00,1.02,136.99,14.78,-154.64,666.00,-88.83,19.20,104.04,-180.00
48.72,18.35,-43.01,17.92,-25.37,-169.41,91.17,37.63,90.00,90.00,1.32,136.99,14.93,-154.64,666.00,-88.83,18.65,104.04,-180.00
48.86,16.61,-43.01,18.10,-25.37,4.91,91.17,41.31,90.00,90.00,1.53,136.99,14.74,-154.64,666.00,-88.83,18.08,104.04,-180.00
48.99,6.40,-43.01,12.64,-25.37,4.57,91.17,51.57,90.00,90.00,2.14,136.99,15.27,-154.64,666.00,-88.83,18.07,104.04,-180.00
49.13,-1.30,-43.01,15.24,-25.37,29.31,91.17,34.15,90.00,90.00,2.22,136.99,15.93,-154.64,666.00,-88.83,17.79,104.04,-180.00
49.36,-2.10,-43.01,14.16,-25.37,666.00,91.17,26.77,90.00,90.00,2.40,136.99,16.51,-154.64,666.00,-88.83,17.81,104.04,-180.00
49.48,-3.04,-43.01,13.93,-25.37,666.00,91.17,24.99,90.00,90.00,0.03,136.99,16.03,-154.64,666.00,-88.83,19.09,104.04,-180.00
49.61,3.94,-43.01,9.92,-25.37,666.00,91.17,24.57,90.00,90.00,1.84,136.99,16.01,-154.64,666.00,-88.83,18.05,104.04,-180.00
49.74,21.45,-43.01,2.70,-25.37,-145.14,91.17,31.91,90.00,90.00,-0.14,136.99,16.11,-154.64,666.00,-88.83,20.69,104.04,-180.00
49.87,70.48,-43.01,24.22,-25.37,666.00,91.17,28.11,90.00,90.00,4.42,136.99,13.55,-154.64,666.00,-88.83,17.17,104.04,-180.00
50.00,79.15,-43.01,54.66,-25.37,-39.60,91.17,42.50,90.00,90.00,5.35,136.99,14.62,-154.64,666.00,-88.83,19.00,104.04,-180.00
50.14,95.36,-43.01,116.58,-25.37,-27.18,91.17,33.14,90.00,90.00,4.21,136.99,14.46,-154.64,666.00,-88.83,18.84,104.04,-180.00
50.30,100.13,-43.01,133.18,-25.37,666.00,91.17,28.11,90.00,90.00,4.09,136.99,14.16,-154.64,666.00,-88.83,20.38,104.04,-180.00
50.67,104.74,-43.01,136.31,-25.37,666.00,91.17,24.37,90.00,90.00,4.67,136.99,14.30,-154.64,666.00,-88.83,20.02,104.04,-180.00
50.85,126.97,-43.01,154.77,-25.37,666.00,91.17,26.41,90.00,90.00,3.98,136.99,14.46,-154.64,666.00,-88.83,20.07,104.04,-180.00
51.05,145.86,-43.01,157.76,-25.37,89.04,91.17,35.19,90.00,90.00,2.11,136.99,14.68,-154.64,666.00,-88.83,19.82,104.04,-180.00
51.21,148.97,-43.01,167.59,-25.37,666.00,91.17,20.47,90.00,90.00,1.52,136.99,14.03,-154.64,666.00,-88.83,16.53,104.04,-180.00
51.35,148.76,-43.01,159.87,-25.37,78.49,91.17,30.01,90.00,90.00,1.77,136.99,14.61,-154.64,666.00,-88.83,17.31,104.04,-180.00
51.48,150.18,-43.01,164.99,-25.37,666.00,91.17,24.71,90.00,90.00,1.63,136.99,15.13,-154.64,666.00,-88.83,17.25,104.04,-180.00
51.62,150.41,-43.01,157.09,-25.37,666.00,91.17,24.92,90.00,90.00,2.72,136.99,15.36,-154.64,666.00,-88.83,16.70,104.04,-180.00
51.76,148.64,-43.01,149.30,-25.37,666.00,91.17,28.33,90.00,90.00,0.61,136.99,15.42,-154.64,666.00,-88.83,17.17,104.04,-180.00
51.89,150.60,-43.01,148.48,-25.37,666.00,91.17,29.20,90.00,90.00,0.30,136.99,15.25,-154.64,666.00,-88.83,16.72,104.04,-180.00
52.03,155.48,-43.01,147.51,-25.37,666.00,91.17,28.27,90.00,90.00,2.73,136.99,14.91,-154.64,666.00,-88.83,14.77,104.04,-180.00
52.16,164.81,-43.01,142.41,-25.37,666.00,91.17,26.38,90.00,90.00,2.63,136.99,14.74,-154.64,666.00,-88.83,14.54,104.04,-180.00
52.29,178.63,-43.01,133.32,-25.37,666.00,91.17,16.52,90.00,90.00,3.77,136.99,15.80,-154.64,666.00,-88.83,14.81,104.04,-180.00
52.42,173.14,-43.01,117.45,-25.37,666.00,91.17,13.34,90.00,90.00,1.67,136.99,15.67,-154.64,666.00,-88.83,14.41,104.04,-180.00
52.56,174.12,-43.01,113.59,-25.37,666.00,91.17,17.72,90.00,90.00,-0.27,136.99,14.49,-154.64,666.00,-88.83,13.93,104.04,-180.00
52.79,168.35,-43.01,140.19,-25.37,666.00,91.17,24.32,90.00,90.00,0.77,136.99,13.77,-154.64,666.00,-88.83,12.67,104.04,-180.00
52.93,166.25,-43.01,164.77,-25.37,666.00,91.17,24.91,90.00,90.00,0.53,136.99,14.97,-154.64,666.00,-88.83,14.46,104.04,-180.00
53.06,169.35,-43.01,170.89,-25.37,66.80,91.17,33.76,90.00,90.00,1.07,136.99,10.93,-154.64,666.00,-88.83,14.88,104.04,-180.00
53.20,153.91,-43.01,168.28,-25.37,51.92,91.17,38.86,90.00,90.00,0.41,136.99,10.99,-154.64,666.00,-88.83,14.32,104.04,-180.00
53.33,120.06,-43.01,147.94,-25.37,39.84,91.17,45.04,90.00,90.00,-1.20,136.99,9.82,-154.64,666.00,-88.83,15.24,104.04,-180.00
53.46,66.70,-43.01,57.92,-25.37,-53.78,91.17,65.10,90.00,90.00,2.24,136.99,12.32,-154.64,666.00,-88.83,13.90,104.04,-180.00
53.60,20.67,-43.01,26.52,-25.37,16.27,91.17,58.72,90.00,90.00,-2.18,136.99,11.11,-154.64,666.00,-88.83,14.57,104.04,-180.00
53.74,9.27,-43.01,13.99,-25.37,666.00,91.17,28.61,90.00,90.00,-3.58,136.99,11.14,-154.64,666.00,-88.83,14.17,104.04,-180.00
53.86,3.56,-43.01,12.24,-25.37,666.00,91.17,23.82,90.00,90.00,-3.17,136.99,11.43,-154.64,666.00,-88.83,14.08,104.04,-180.00
53.99,0.60,-43.01,11.64,-25.37,666.00,91.17,18.03,90.00,90.00,-2.11,136.99,12.48,-154.64,666.00,-88.83,15.46,104.04,-180.00
54.14,0.30,-43.01,12.03,-25.37,666.00,91.17,14.59,90.00,90.00,-1.46,136.99,12.83,-154.64,666.00,-88.83,16.62,104.04,-180.00
54.27,0.22,-43.01,12.57,-25.37,666.00,91.17,13.37,90.00,90.00,-1.24,136.99,12.86,-154.64,666.00,-88.83,16.97,104.04,-180.00
54.41,-0.27,-43.01,12.99,-25.37,666.00,91.17,14.33,90.00,90.00,-1.20,136.99,12.88,-154.64,666.00,-88.83,17.02,104.04,-180.00
54.57,-8.04,-43.01,23.80,-25.37,666.00,91.17,22.22,90.00,90.00,-1.38,136.99,12.33,-154.64,666.00,-88.83,16.92,104.04,-180.00
54.76,0.85,-43.01,61.20,-25.37,-34.42,91.17,38.38,90.00,90.00,-0.27,136.99,11.98,-154.64,666.00,-88.83,14.68,104.04,-180.00
54.90,87.28,-43.01,89.19,-25.37,-39.49,91.17,35.06,90.00,90.00,0.67,136.99,11.74,-154.64,666.00,-88.83,14.05,104.04,-180.00
55.06,114.75,-43.01,103.18,-25.37,-48.93,91.17,41.69,90.00,90.00,0.51,136.99,11.93,-154.64,666.00,-88.83,16.01,104.04,-180.00
55.19,109.06,-43.01,101.33,-25.37,-50.12,91.17,46.05,90.00,90.00,-0.48,136.99,11.36,-154.64,666.00,-88.83,17.18,104.04,-180.00
55.33,73.16,-43.01,78.66,-25.37,-52.55,91.17,50.28,90.00,90.00,-1.37,136.99,11.37,-154.64,666.00,-88.83,17.22,104.04,-180.00
55.48,22.68,-43.01,43.60,-25.37,-19.01,91.17,47.63,90.00,90.00,-1.74,136.99,11.67,-154.64,666.00,-88.83,16.90,104.04,-180.00
55.62,2.66,-43.01,26.21,-25.37,666.00,91.17,24.85,90.00,90.00,-1.45,136.99,11.56,-154.64,666.00,-88.83,15.64,104.04,-180.00
55.75,-7.24,-43.01,17.65,-25.37,666.00,91.17,13.22,90.00,90.00,0.04,136.99,13.55,-154.64,666.00,-88.83,14.91,104.04,-180.00
55.87,-6.61,-43.01,13.61,-25.37,666.00,91.17,10.09,90.00,90.00,-0.39,136.99,12.89,-154.64,666.00,-88.83,14.03,104.04,-180.00
56.01,-6.95,-43.01,15.92,-25.37,666.00,91.17,14.80,90.00,90.00,-0.26,136.99,13.06,-154.64,666.00,-88.83,13.80,104.04,-180.00
56.13,0.38,-43.01,25.70,-25.37,-13.80,91.17,32.65,90.00,90.00,0.91,136.99,13.54,-154.64,666.00,-88.83,14.69,104.04,-180.00
56.26,21.27,-43.01,47.82,-25.37,-27.60,91.17,40.71,90.00,90.00,8.92,136.99,19.21,-154.64,666.00,-88.83,27.55,104.04,-180.00
56.39,73.00,-43.01,79.02,-25.37,-53.25,91.17,47.47,90.00,90.00,25.89,136.99,32.97,-154.64,-14.50,-88.83,45.95,104.04,-180.00
56.53,128.55,-43.01,126.74,-25.37,-49.17,91.17,40.32,90.00,90.00,48.07,136.99,48.79,-154.64,-37.49,-88.83,45.21,104.04,-180.00
56.66,145.12,-43.01,154.15,-25.37,72.13,91.17,31.44,90.00,90.00,29.22,136.99,34.30,-154.64,-7.43,-88.83,55.28,104.04,-180.00
56.79,156.06,-43.01,171.46,-25.37,666.00,91.17,18.29,90.00,90.00,19.22,136.99,23.49,-154.64,7.70,-88.83,43.05,104.04,-180.00
56.93,157.70,-43.01,174.03,-25.37,666.00,91.17,22.31,90.00,90.00,9.56,136.99,19.63,-154.64,666.00,-88.83,23.37,104.04,-180.00
57.06,150.86,-43.01,172.86,-25.37,666.00,91.17,24.26,90.00,90.00,2.93,136.99,15.99,-154.64,666.00,-88.83,18.01,104.04,-180.00
57.24,122.85,-43.01,140.50,-25.37,57.51,91.17,38.70,90.00,90.00,2.74,136.99,14.14,-154.64,666.00,-88.83,12.49,104.04,-180.00
57.37,67.40,-43.01,59.36,-25.37,-42.81,91.17,59.82,90.00,90.00,2.38,136.99,13.20,-154.64,666.00,-88.83,11.51,104.04,-180.00
57.51,26.22,-43.01,22.22,-25.37,-154.69,91.17,36.00,90.00,90.00,2.18,136.99,11.63,-154.64,666.00,-88.83,8.42,104.04,-180.00
57.64,9.99,-43.01,10.02,-25.37,666.00,91.17,11.19,90.00,90.00,1.16,136.99,12.46,-154.64,666.00,-88.83,12.11,104.04,-180.00
57.76,3.35,-43.01,9.56,-25.37,666.00,91.17,14.97,90.00,90.00,0.65,136.99,10.83,-154.64,666.00,-88.83,11.13,104.04,-180.00
57.89,15.13,-43.01,10.49,-25.37,666.00,91.17,28.46,90.00,90.00,1.47,136.99,13.87,-154.64,666.00,-88.83,17.04,104.04,-180.00
58.03,49.64,-43.01,36.64,-25.37,-144.36,91.17,41.60,90.00,90.00,1.98,136.99,15.61,-154.64,666.00,-88.83,9.63,104.04,-180.00
58.16,96.03,-43.01,102.10,-25.37,-44.76,91.17,33.50,90.00,90.00,3.56,136.99,16.61,-154.64,666.00,-88.83,15.73,104.04,-180.00
58.41,87.05,-43.01,83.69,-25.37,-34.03,91.17,40.45,90.00,90.00,3.96,136.99,16.91,-154.64,666.00,-88.83,16.66,104.04,-180.00
58.54,35.29,-43.01,30.53,-25.37,-154.00,91.17,48.52,90.00,90.00,3.88,136.99,17.31,-154.64,666.00,-88.83,17.44,104.04,-180.00
58.67,27.07,-43.01,18.51,-25.37,666.00,91.17,19.47,90.00,90.00,3.50,136.99,18.49,-154.64,666.00,-88.83,18.66,104.04,-180.00
58.80,26.75,-43.01,18.83,-25.37,-174.89,91.17,33.09,90.00,90.00,3.18,136.99,19.14,-154.64,666.00,-88.83,19.06,104.04,-180.00
58.93,40.40,-43.01,31.13,-25.37,-160.45,91.17,41.59,90.00,90.00,3.23,136.99,19.11,-154.64,666.00,-88.83,18.42,104.04,-180.00
59.06,48.89,-43.01,36.03,-25.37,-157.26,91.17,42.88,90.00,90.00,3.43,136.99,19.20,-154.64,666.00,-88.83,18.88,104.04,-180.00
59.20,43.10,-43.01,34.21,-25.37,-149.03,91.17,36.11,90.00,90.00,3.30,136.99,19.17,-154.64,666.00,-88.83,19.83,104.04,-180.00
59.33,41.76,-43.01,33.38,-25.37,-158.13,91.17,45.74,90.00,90.00,2.74,136.99,19.64,-154.64,666.00,-88.83,21.19,104.04,-180.00
59.57,59.81,-43.01,44.65,-25.37,-148.44,91.17,42.84,90.00,90.00,3.57,136.99,20.03,-154.64,666.00,-88.83,21.97,104.04,-180.00
59.70,48.47,-43.01,35.56,-25.37,-157.10,91.17,47.92,90.00,90.00,3.40,136.99,20.32,-154.64,666.00,-88.83,23.01,104.04,-180.00
59.84,37.47,-43.01,25.32,-25.37,666.00,91.17,25.92,90.00,90.00,3.61,136.99,20.38,-154.64,666.00,-88.83,23.00,104.04,-180.00
59.97,26.80,-43.01,17.85,-25.37,666.00,91.17,19.16,90.00,90.00,3.17,136.99,20.53,-154.64,666.00,-88.83,22.76,104.04,-180.00
60.09,26.80,-43.01,19.72,-25.37,-170.91,91.17,34.74,90.00,90.00,2.58,136.99,20.82,-154.64,666.00,-88.83,22.59,104.04,-180.00
