Timestamp,Kinect left shoulder flex.-ext.,WISE left shoulder flex.-ext.,Kinect left shoulder abd.-add.,WISE left shoulder abd.-add.,Kinect left shoulder int.- ext.,WISE left shoulder int.- ext.,Kinect left elbow flex.-ext.,WISE left elbow flex.-ext.,WISE left forearm pro.- sup.,Kinect right shoulder flex.-ext.,WISE right shoulder flex.-ext.,Kinect right shoulder Abd.-Add.,WISE right shoulder abd.-add.,Kinect right shoulder int.-ext.,WISE right shoulder int.-ext.,Kinect right elbow flex.-ext.,WISE right elbow flex.-ext.,WISE right forearm pro.-sup.
0.00,-12.22,-85.50,15.09,-83.72,-6.01,98.30,136.70,90.00,180.00,-13.92,-85.50,18.96,83.72,34.83,81.70,44.51,0.00,-90.00
0.23,-11.86,-85.50,15.37,-83.72,-33.14,98.30,146.61,90.00,180.00,-14.30,-85.50,18.99,83.72,35.07,81.70,44.30,0.00,-90.00
0.46,-11.02,-85.50,15.41,-83.72,-30.57,98.30,144.93,90.00,180.00,-14.57,-85.50,18.95,83.72,34.95,81.70,44.41,0.00,-90.00
0.61,-10.68,-85.50,15.27,-83.72,-1.23,98.30,139.64,90.00,180.00,-14.56,-85.50,18.80,83.72,34.58,81.70,44.45,0.00,-90.00
0.75,-10.26,-85.50,15.12,-83.72,-29.00,98.30,143.42,90.00,180.00,-14.66,-85.50,18.79,83.72,34.19,81.70,44.45,0.00,-90.00
0.88,-9.76,-85.50,15.25,-83.72,-29.48,98.30,144.42,90.00,180.00,-14.56,-85.50,18.57,83.72,33.91,81.70,44.66,0.00,-90.00
1.01,-9.58,-85.50,15.20,-83.72,-26.14,98.30,142.43,90.00,180.00,-14.60,-85.50,18.38,83.72,33.76,81.70,44.51,0.00,-90.00
1.14,-9.19,-85.50,15.21,-83.72,0.16,98.30,137.94,90.00,180.00,-14.45,-85.50,18.25,83.72,33.69,81.70,44.50,0.00,-90.00
1.27,-9.22,-85.50,15.26,-83.72,-30.06,98.30,147.19,90.00,180.00,-14.41,-85.50,18.07,83.72,33.34,81.70,44.68,0.00,-90.00
1.40,-9.11,-85.50,15.19,-83.72,-29.53,98.30,145.86,90.00,180.00,-14.18,-85.50,18.10,83.72,33.04,81.70,44.78,0.00,-90.00
1.52,-8.92,-85.50,15.17,-83.72,-30.01,98.30,145.86,90.00,180.00,-14.02,-85.50,17.98,83.72,32.91,81.70,44.68,0.00,-90.00
1.68,-8.92,-85.50,15.16,-83.72,-31.92,98.30,149.56,90.00,180.00,-14.16,-85.50,18.05,83.72,32.03,81.70,45.23,0.00,-90.00
1.81,-9.01,-85.50,15.16,-83.72,-27.70,98.30,144.25,90.00,180.00,-14.22,-85.50,18.03,83.72,32.32,81.70,44.99,0.00,-90.00
1.93,-9.12,-85.50,15.10,-83.72,-29.84,98.30,145.94,90.00,180.00,-14.26,-85.50,18.07,83.72,32.59,81.70,44.54,0.00,-90.00
2.06,-9.12,-85.50,15.09,-83.72,-29.96,98.30,145.87,90.00,180.00,-14.18,-85.50,18.06,83.72,32.67,81.70,44.60,0.00,-90.00
2.20,-9.03,-85.50,15.12,-83.72,-28.78,98.30,144.98,90.00,180.00,-14.11,-85.50,18.03,83.72,32.83,81.70,44.40,0.00,-90.00
2.33,-9.07,-85.50,15.19,-83.72,-29.69,98.30,146.11,90.00,180.00,-14.18,-85.50,17.96,83.72,32.89,81.70,44.36,0.00,-90.00
2.54,-8.98,-85.50,15.32,-83.72,-32.76,98.30,146.88,90.00,180.00,-14.00,-85.50,17.85,83.72,33.14,81.70,44.34,0.00,-90.00
2.67,-9.15,-85.50,15.29,-83.72,-37.16,98.30,147.18,90.00,180.00,-14.21,-85.50,17.89,83.72,33.31,81.70,44.44,0.00,-90.00
2.80,-9.16,-85.50,15.28,-83.72,-33.56,98.30,147.48,90.00,180.00,-14.19,-85.50,17.90,83.72,33.44,81.70,44.34,0.00,-90.00
2.93,-9.19,-85.50,15.31,-83.72,-28.29,98.30,144.56,90.00,180.00,-14.28,-85.50,17.92,83.72,33.41,81.70,44.31,0.00,-90.00
3.05,-9.20,-85.50,15.31,-83.72,-23.88,98.30,149.33,90.00,180.00,-14.29,-85.50,17.91,83.72,33.40,81.70,44.18,0.00,-90.00
3.18,-9.18,-85.50,15.38,-83.72,-15.72,98.30,150.99,90.00,180.00,-14.30,-85.50,17.82,83.72,33.23,81.70,44.19,0.00,-90.00
3.31,-9.27,-85.50,15.38,-83.72,-14.86,98.30,150.25,90.00,180.00,-14.32,-85.50,17.80,83.72,33.14,81.70,44.19,0.00,-90.00
3.44,-9.32,-85.50,15.33,-83.72,-29.06,98.30,149.44,90.00,180.00,-14.30,-85.50,17.82,83.72,33.28,81.70,44.11,0.00,-90.00
3.57,-9.21,-85.50,15.43,-83.72,-24.91,98.30,149.32,90.00,180.00,-14.17,-85.50,18.15,83.72,33.77,81.70,44.32,0.00,-90.00
3.70,-9.14,-85.50,15.40,-83.72,-26.78,98.30,148.49,90.00,180.00,-14.03,-85.50,18.05,83.72,33.76,81.70,44.24,0.00,-90.00
3.83,-9.04,-85.50,15.48,-83.72,-25.49,98.30,148.69,90.00,180.00,-13.97,-85.50,17.91,83.72,33.67,81.70,44.28,0.00,-90.00
3.96,-9.04,-85.50,15.39,-83.72,-11.94,98.30,150.50,90.00,180.00,-14.04,-85.50,18.31,83.72,33.99,81.70,44.33,0.00,-90.00
4.10,-8.99,-85.50,15.34,-83.72,-12.37,98.30,150.85,90.00,180.00,-14.03,-85.50,18.27,83.72,33.93,81.70,44.15,0.00,-90.00
4.23,-8.90,-85.50,15.31,-83.72,-13.40,98.30,152.21,90.00,180.00,-14.03,-85.50,18.45,83.72,33.68,81.70,44.50,0.00,-90.00
4.36,-8.76,-85.50,15.36,-83.72,-12.65,98.30,154.58,90.00,180.00,-14.04,-85.50,18.39,83.72,34.48,81.70,44.94,0.00,-90.00
4.50,-10.22,-85.50,15.70,-83.72,-31.43,98.30,144.80,90.00,180.00,-12.38,-85.50,17.77,83.72,35.59,81.70,44.05,0.00,-90.00
4.63,-10.97,-85.50,15.99,-83.72,-24.54,98.30,142.06,90.00,180.00,-11.69,-85.50,17.46,83.72,36.49,81.70,42.88,0.00,-90.00
4.76,-11.51,-85.50,15.80,-83.72,-30.70,98.30,146.94,90.00,180.00,-11.82,-85.50,17.44,83.72,34.29,81.70,44.86,0.00,-90.00
4.90,-11.40,-85.50,15.64,-83.72,-10.35,98.30,148.36,90.00,180.00,-11.56,-85.50,17.30,83.72,33.94,81.70,44.05,0.00,-90.00
5.03,-11.35,-85.50,15.64,-83.72,6.10,98.30,135.77,90.00,180.00,-11.95,-85.50,17.36,83.72,32.71,81.70,43.61,0.00,-90.00
5.26,-11.45,-85.50,16.27,-83.72,-19.42,98.30,157.66,90.00,180.00,-12.79,-85.50,17.92,83.72,31.55,81.70,45.18,0.00,-90.00
5.40,-12.24,-85.50,16.87,-83.72,14.04,98.30,135.04,90.00,180.00,-12.92,-85.50,18.35,83.72,32.67,81.70,44.78,0.00,-90.00
5.54,-11.66,-85.50,16.28,-83.72,-13.05,98.30,160.69,90.00,180.00,-12.68,-85.50,17.18,83.72,30.21,81.70,44.27,0.00,-90.00
5.70,-7.33,-85.50,14.50,-83.72,3.88,98.30,153.87,90.00,180.00,-3.59,-85.50,22.94,83.72,34.22,81.70,40.77,0.00,-90.00
5.85,-4.76,-85.50,13.61,-83.72,-2.94,98.30,153.26,90.00,180.00,2.55,-85.50,35.44,83.72,48.15,81.70,45.32,0.00,-90.00
5.99,-10.36,-85.50,15.11,-83.72,1.08,98.30,149.90,90.00,180.00,-7.07,-85.50,25.71,83.72,25.51,81.70,50.14,0.00,-90.00
6.12,-5.00,-85.50,13.01,-83.72,6.66,98.30,144.94,90.00,180.00,-3.78,-85.50,28.50,83.72,27.07,81.70,49.60,0.00,-90.00
6.25,-4.21,-85.50,12.33,-83.72,-2.80,98.30,143.41,90.00,180.00,-1.93,-85.50,32.58,83.72,52.24,81.70,58.05,0.00,-90.00
6.38,-2.59,-85.50,16.36,-83.72,-26.75,98.30,149.10,90.00,180.00,0.77,-85.50,32.85,83.72,58.09,81.70,57.35,0.00,-90.00
6.51,-7.72,-85.50,19.28,-83.72,2.94,98.30,148.45,90.00,180.00,-3.38,-85.50,28.29,83.72,62.23,81.70,57.59,0.00,-90.00
6.63,-12.13,-85.50,16.94,-83.72,19.10,98.30,156.81,90.00,180.00,0.92,-85.50,28.98,83.72,68.27,81.70,56.38,0.00,-90.00
6.76,0.22,-85.50,26.28,-83.72,-15.82,98.30,160.22,90.00,180.00,9.98,-85.50,15.29,83.72,-31.88,81.70,150.76,0.00,-90.00
6.90,-8.00,-85.50,39.37,-83.72,-73.18,98.30,160.06,90.00,180.00,11.76,-85.50,28.29,83.72,-49.27,81.70,142.57,0.00,-90.00
7.03,26.90,-85.50,5.58,-83.72,-117.18,98.30,126.15,90.00,180.00,21.25,-85.50,37.17,83.72,-73.15,81.70,117.81,0.00,-90.00
7.26,53.57,-85.50,-14.07,-83.72,-143.35,98.30,144.01,90.00,180.00,44.69,-85.50,33.57,83.72,153.41,81.70,162.88,0.00,-90.00
11.89,4.40,-85.50,26.13,-83.72,-23.45,98.30,41.21,90.00,180.00,7.79,-85.50,19.33,83.72,-35.08,81.70,122.64,0.00,-90.00
12.03,8.07,-85.50,32.54,-83.72,-32.83,98.30,34.36,90.00,180.00,5.79,-85.50,14.92,83.72,666.00,81.70,29.53,0.00,-90.00
12.17,3.89,-85.50,30.37,-83.72,-30.18,98.30,42.64,90.00,180.00,3.70,-85.50,14.41,83.72,666.00,81.70,29.05,0.00,-90.00
12.30,-1.33,92.16,24.57,95.96,-32.96,80.13,64.01,90.00,-180.00,4.82,92.16,13.38,-95.96,666.00,99.88,25.39,0.00,-90.00
12.43,-1.23,-85.50,26.80,-83.72,-20.71,98.30,52.20,90.00,180.00,3.49,-85.50,14.86,83.72,666.00,81.70,24.33,0.00,-90.00
12.56,-4.45,-85.50,25.73,-83.72,-2.16,98.30,60.47,90.00,180.00,-1.33,-85.50,15.77,83.72,666.00,81.70,19.97,0.00,-90.00
12.70,-2.03,-85.50,21.67,-83.72,-21.41,98.30,102.99,90.00,180.00,-3.28,-85.50,15.21,83.72,666.00,81.70,17.13,0.00,-90.00
12.83,-3.55,-85.50,21.59,-83.72,-19.72,98.30,105.36,90.00,180.00,-4.06,-85.50,14.52,83.72,666.00,81.70,12.29,0.00,-90.00
12.96,-8.85,-85.50,21.82,-83.72,-24.54,98.30,105.93,90.00,180.00,-3.39,-85.50,11.71,83.72,666.00,81.70,12.35,0.00,-90.00
13.10,-6.35,-85.50,21.47,-83.72,-26.08,98.30,106.49,90.00,180.00,-3.03,-85.50,10.41,83.72,666.00,81.70,19.05,0.00,-90.00
13.23,-6.77,-85.50,20.20,-83.72,-23.47,98.30,108.94,90.00,180.00,-3.78,-85.50,14.40,83.72,666.00,81.70,23.88,0.00,-90.00
13.37,1.38,-85.50,19.58,-83.72,-14.64,98.30,106.83,90.00,180.00,-6.78,-85.50,16.85,83.72,-2.16,81.70,35.46,0.00,-90.00
13.50,12.94,92.16,27.86,95.96,-2.70,80.13,107.23,90.00,-180.00,-6.93,92.16,13.42,-95.96,666.00,99.88,26.55,0.00,-90.00
13.63,22.90,-85.50,33.43,-83.72,-2.14,98.30,95.68,90.00,180.00,-6.75,-85.50,11.99,83.72,666.00,81.70,25.97,0.00,-90.00
13.77,28.82,-85.50,35.36,-83.72,-2.06,98.30,92.80,90.00,180.00,-6.33,-85.50,11.35,83.72,666.00,81.70,25.73,0.00,-90.00
13.90,16.29,-85.50,31.12,-83.72,-3.48,98.30,104.80,90.00,180.00,-10.50,-85.50,11.10,83.72,666.00,81.70,25.77,0.00,-90.00
14.03,0.04,-85.50,18.38,-83.72,-11.33,98.30,109.73,90.00,180.00,-10.56,-85.50,11.04,83.72,666.00,81.70,27.76,0.00,-90.00
14.17,0.58,-85.50,13.46,-83.72,-10.55,98.30,107.51,90.00,180.00,-13.31,-85.50,12.24,83.72,666.00,81.70,29.00,0.00,-90.00
14.30,0.78,-85.50,10.44,-83.72,-9.21,98.30,117.45,90.00,180.00,-12.94,-85.50,11.92,83.72,666.00,81.70,27.75,0.00,-90.00
14.43,-10.05,-85.50,10.80,-83.72,-7.38,98.30,121.88,90.00,180.00,-13.47,-85.50,12.52,83.72,666.00,81.70,28.51,0.00,-90.00
14.56,-12.56,-85.50,16.41,-83.72,-4.74,98.30,120.62,90.00,180.00,-13.45,-85.50,12.32,83.72,666.00,81.70,29.62,0.00,-90.00
14.70,-11.06,-85.50,19.40,-83.72,-0.55,98.30,118.47,90.00,180.00,-13.23,-85.50,11.48,83.72,666.00,81.70,29.52,0.00,-90.00
14.83,-7.50,-85.50,17.86,-83.72,4.49,98.30,110.77,90.00,180.00,-13.10,-85.50,10.65,83.72,666.00,81.70,28.90,0.00,-90.00
14.96,-3.48,-85.50,11.91,-83.72,1.94,98.30,100.50,90.00,180.00,-12.77,-85.50,10.29,83.72,666.00,81.70,28.22,0.00,-90.00
15.10,-5.08,-85.50,8.03,-83.72,-3.11,98.30,114.88,90.00,180.00,-12.70,-85.50,9.93,83.72,666.00,81.70,27.08,0.00,-90.00
15.23,-9.28,-85.50,11.47,-83.72,-6.66,98.30,119.44,90.00,180.00,-12.64,-85.50,9.74,83.72,666.00,81.70,26.40,0.00,-90.00
15.37,-3.65,-85.50,18.71,-83.72,-5.31,98.30,114.49,90.00,180.00,-12.70,-85.50,9.44,83.72,666.00,81.70,26.00,0.00,-90.00
15.50,-0.64,-85.50,19.19,-83.72,-4.20,98.30,113.36,90.00,180.00,-12.68,-85.50,9.26,83.72,666.00,81.70,25.52,0.00,-90.00
15.64,-7.47,-85.50,17.24,-83.72,-5.26,98.30,114.09,90.00,180.00,-12.63,-85.50,9.24,83.72,666.00,81.70,25.53,0.00,-90.00
15.77,-6.81,-85.50,13.62,-83.72,-8.92,98.30,114.44,90.00,180.00,-12.42,-85.50,10.28,83.72,666.00,81.70,25.54,0.00,-90.00
15.90,-4.56,-85.50,15.54,-83.72,-6.67,98.30,108.31,90.00,180.00,-11.83,-85.50,11.84,83.72,666.00,81.70,26.01,0.00,-90.00
16.04,-8.51,-85.50,13.73,-83.72,-7.66,98.30,114.16,90.00,180.00,-12.27,-85.50,11.34,83.72,666.00,81.70,27.48,0.00,-90.00
16.17,-10.08,-85.50,14.22,-83.72,-5.47,98.30,118.48,90.00,180.00,-9.09,-85.50,12.89,83.72,666.00,81.70,23.83,0.00,-90.00
16.30,-2.37,-85.50,13.19,-83.72,-4.72,98.30,114.35,90.00,180.00,-1.07,-85.50,16.48,83.72,666.00,81.70,25.60,0.00,-90.00
16.43,-8.44,-85.50,9.29,-83.72,-2.82,98.30,108.50,90.00,180.00,7.82,-85.50,20.03,83.72,22.12,81.70,32.28,0.00,-90.00
16.56,2.19,-85.50,3.35,-83.72,-4.66,98.30,99.85,90.00,180.00,25.98,-85.50,30.73,83.72,29.99,81.70,37.99,0.00,-90.00
16.70,-4.28,-85.50,17.38,-83.72,5.26,98.30,98.36,90.00,180.00,46.64,-85.50,32.06,83.72,-127.67,81.70,38.18,0.00,-90.00
16.83,81.81,-85.50,-70.22,-83.72,666.00,98.30,1.68,90.00,180.00,66.08,-85.50,23.85,83.72,666.00,81.70,29.02,0.00,-90.00
16.96,13.69,-85.50,11.28,-83.72,-155.00,98.30,117.09,90.00,180.00,77.40,-85.50,0.72,83.72,-141.49,81.70,38.27,0.00,-90.00
17.10,17.35,-85.50,9.02,-83.72,-176.63,98.30,140.43,90.00,180.00,81.49,-85.50,-69.40,83.72,666.00,81.70,0.52,0.00,-90.00
17.23,20.88,-85.50,9.66,-83.72,-141.91,98.30,144.77,90.00,180.00,88.86,-85.50,-85.06,83.72,-30.88,81.70,63.86,0.00,-90.00
17.36,24.10,-85.50,-1.59,-83.72,-122.89,98.30,143.26,90.00,180.00,55.65,-85.50,46.67,83.72,-31.82,81.70,118.64,0.00,-90.00
17.50,22.64,-85.50,5.96,-83.72,-154.11,98.30,144.70,90.00,180.00,63.35,-85.50,33.27,83.72,-119.95,81.70,91.77,0.00,-90.00
17.63,18.56,-107.31,3.74,-125.02,-130.62,94.20,143.41,90.00,180.00,72.49,-107.31,26.64,125.02,-102.94,85.80,96.55,0.00,-90.00
17.76,16.87,-107.31,3.29,-125.02,97.16,94.20,120.53,90.00,180.00,66.30,-107.31,49.02,125.02,-10.37,85.80,63.21,0.00,-90.00
17.90,0.30,-107.31,10.38,-125.02,46.76,94.20,124.19,90.00,180.00,22.27,-107.31,42.50,125.02,20.65,85.80,108.29,0.00,-90.00
18.03,6.28,-107.31,1.89,-125.02,-132.54,94.20,105.12,90.00,180.00,0.55,-107.31,42.91,125.02,25.03,85.80,119.64,0.00,-90.00
18.16,-5.09,-107.31,3.72,-125.02,-179.36,94.20,107.58,90.00,180.00,-1.89,-107.31,31.25,125.02,32.38,85.80,119.14,0.00,-90.00
18.30,-1.87,-107.31,-0.39,-125.02,-174.52,94.20,107.60,90.00,180.00,-12.55,-107.31,31.14,125.02,34.83,85.80,123.09,0.00,-90.00
18.43,-1.91,-107.31,-3.75,-125.02,-3.66,94.20,111.23,90.00,180.00,-8.01,-107.31,28.32,125.02,46.77,85.80,123.89,0.00,-90.00
18.57,-3.64,-107.31,4.85,-125.02,-3.33,94.20,109.30,90.00,180.00,8.55,-107.31,26.29,125.02,36.40,85.80,111.44,0.00,-90.00
18.70,-11.44,-107.31,2.29,-125.02,173.42,94.20,111.50,90.00,180.00,4.71,-107.31,27.07,125.02,36.99,85.80,116.00,0.00,-90.00
18.83,-13.48,-107.31,7.12,-125.02,-178.12,94.20,107.08,90.00,180.00,8.53,-107.31,24.90,125.02,40.98,85.80,103.44,0.00,-90.00
18.96,-6.50,-107.31,4.39,-125.02,178.46,94.20,108.47,90.00,180.00,6.86,-107.31,25.73,125.02,40.53,85.80,103.15,0.00,-90.00
19.10,3.97,-107.31,-1.23,-125.02,172.73,94.20,117.48,90.00,180.00,5.43,-107.31,20.07,125.02,35.10,85.80,119.02,0.00,-90.00
19.23,-3.45,-107.31,12.34,-125.02,0.92,94.20,107.13,90.00,180.00,8.99,-107.31,30.71,125.02,36.19,85.80,118.07,0.00,-90.00
19.36,0.32,-107.31,12.04,-125.02,2.24,94.20,102.25,90.00,180.00,11.75,-107.31,34.41,125.02,32.77,85.80,113.17,0.00,-90.00
19.50,-8.35,-107.31,13.59,-125.02,4.22,94.20,118.92,90.00,180.00,13.19,-107.31,37.20,125.02,27.79,85.80,116.89,0.00,-90.00
19.63,-0.22,-107.31,10.48,-125.02,2.77,94.20,103.19,90.00,180.00,14.93,-107.31,40.42,125.02,25.92,85.80,123.51,0.00,-90.00
19.76,2.95,-107.31,2.08,-125.02,179.04,94.20,100.17,90.00,180.00,11.89,-107.31,36.93,125.02,34.95,85.80,120.13,0.00,-90.00
19.90,-4.32,-107.31,5.73,-125.02,4.24,94.20,107.13,90.00,180.00,10.14,-107.31,34.36,125.02,44.78,85.80,110.27,0.00,-90.00
20.03,2.14,-107.31,0.65,-125.02,179.65,94.20,106.53,90.00,180.00,9.70,-107.31,33.53,125.02,32.35,85.80,120.75,0.00,-90.00
20.16,16.86,-107.31,5.22,-125.02,-179.14,94.20,94.61,90.00,180.00,10.99,-107.31,34.53,125.02,29.41,85.80,118.46,0.00,-90.00
20.30,1.57,-107.31,5.93,-125.02,1.85,94.20,112.26,90.00,180.00,11.98,-107.31,35.62,125.02,32.32,85.80,117.29,0.00,-90.00
20.45,6.12,-107.31,2.99,-125.02,-177.66,94.20,102.24,90.00,180.00,12.17,-107.31,37.37,125.02,29.44,85.80,117.85,0.00,-90.00
20.60,4.52,-107.31,3.02,-125.02,-171.11,94.20,102.47,90.00,180.00,5.86,-107.31,36.99,125.02,30.91,85.80,121.48,0.00,-90.00
20.76,8.43,-107.31,-1.42,-125.02,-172.92,94.20,92.66,90.00,180.00,5.98,-107.31,36.59,125.02,57.82,85.80,115.19,0.00,-90.00
20.93,14.29,-107.31,0.37,-125.02,179.78,94.20,92.78,90.00,180.00,6.33,-107.31,33.73,125.02,45.38,85.80,109.62,0.00,-90.00
21.06,14.48,-107.31,6.35,-125.02,-177.08,94.20,98.79,90.00,180.00,6.41,-107.31,33.58,125.02,45.47,85.80,109.68,0.00,-90.00
21.19,31.56,-107.31,9.81,-125.02,-169.18,94.20,100.32,90.00,180.00,5.92,-107.31,33.50,125.02,45.16,85.80,108.61,0.00,-90.00
21.33,22.13,-107.31,7.07,-125.02,-173.59,94.20,101.59,90.00,180.00,5.83,-107.31,33.76,125.02,58.20,85.80,114.96,0.00,-90.00
21.48,-0.88,-107.31,6.64,-125.02,6.06,94.20,103.60,90.00,180.00,5.26,-107.31,33.51,125.02,42.24,85.80,107.18,0.00,-90.00
21.62,-8.38,-107.31,9.11,-125.02,6.82,94.20,101.35,90.00,180.00,4.92,-107.31,33.74,125.02,57.03,85.80,113.44,0.00,-90.00
21.76,-7.91,-107.31,8.57,-125.02,7.99,94.20,107.84,90.00,180.00,4.87,-107.31,33.57,125.02,56.27,85.80,113.22,0.00,-90.00
21.89,-7.56,-107.31,14.60,-125.02,9.63,94.20,94.81,90.00,180.00,4.67,-107.31,33.31,125.02,46.14,85.80,108.12,0.00,-90.00
22.03,-7.74,-107.31,13.43,-125.02,14.04,94.20,94.25,90.00,180.00,4.72,-107.31,32.69,125.02,44.72,85.80,107.68,0.00,-90.00
22.17,-10.13,-107.31,16.13,-125.02,29.85,94.20,90.62,90.00,180.00,4.29,-107.31,31.94,125.02,45.41,85.80,107.77,0.00,-90.00
22.35,-11.05,-107.31,18.33,-125.02,18.08,94.20,100.50,90.00,180.00,4.05,-107.31,31.99,125.02,56.09,85.80,113.42,0.00,-90.00
22.48,-12.39,-107.31,18.57,-125.02,23.72,94.20,89.81,90.00,180.00,3.96,-107.31,32.04,125.02,56.07,85.80,113.51,0.00,-90.00
22.61,-5.73,-107.31,7.27,-125.02,4.11,94.20,115.94,90.00,180.00,4.08,-107.31,32.49,125.02,56.12,85.80,113.63,0.00,-90.00
22.76,-11.83,-107.31,13.50,-125.02,-3.84,94.20,116.78,90.00,180.00,4.61,-107.31,32.59,125.02,43.23,85.80,106.30,0.00,-90.00
22.90,-11.81,-107.31,19.89,-125.02,-9.14,94.20,124.81,90.00,180.00,3.94,-107.31,30.89,125.02,46.30,85.80,106.56,0.00,-90.00
23.05,-11.95,-107.31,25.32,-125.02,-10.43,94.20,129.94,90.00,180.00,4.50,-107.31,29.81,125.02,44.94,85.80,106.01,0.00,-90.00
23.20,-12.24,-107.31,25.84,-125.02,-7.16,94.20,127.67,90.00,180.00,5.12,-107.31,29.60,125.02,46.44,85.80,105.70,0.00,-90.00
23.37,-11.19,-107.31,18.86,-125.02,2.02,94.20,114.59,90.00,180.00,5.57,-107.31,29.61,125.02,55.99,85.80,110.24,0.00,-90.00
23.55,-10.80,-107.31,17.27,-125.02,17.68,94.20,101.63,90.00,180.00,5.46,-107.31,30.75,125.02,56.59,85.80,111.09,0.00,-90.00
23.73,-10.36,-107.31,20.34,-125.02,21.74,94.20,103.07,90.00,180.00,4.85,-107.31,31.69,125.02,43.89,85.80,106.45,0.00,-90.00
23.90,-12.77,-107.31,13.08,-125.02,-2.56,94.20,112.68,90.00,180.00,4.83,-107.31,31.97,125.02,56.25,85.80,112.63,0.00,-90.00
24.08,-11.28,-107.31,25.28,-125.02,-18.32,94.20,119.92,90.00,180.00,4.65,-107.31,32.03,125.02,44.09,85.80,106.05,0.00,-90.00
24.27,-8.47,71.96,34.54,22.39,-22.23,166.30,124.31,90.00,-180.00,4.62,71.96,30.78,-22.39,43.91,-166.30,106.15,0.00,-90.00
24.43,-13.78,-107.31,27.68,-125.02,-16.66,94.20,127.62,90.00,180.00,4.91,-107.31,31.30,125.02,56.03,85.80,111.82,0.00,-90.00
24.58,-12.35,-107.31,19.72,-125.02,-4.36,94.20,116.94,90.00,180.00,3.68,-107.31,32.00,125.02,54.99,85.80,112.46,0.00,-90.00
24.71,-12.49,-107.31,14.95,-125.02,13.08,94.20,100.42,90.00,180.00,5.69,-107.31,33.94,125.02,44.45,85.80,101.37,0.00,-90.00
24.85,-13.18,-107.31,17.39,-125.02,27.12,94.20,97.41,90.00,180.00,7.69,-107.31,33.51,125.02,47.24,85.80,111.26,0.00,-90.00
25.00,-9.93,-107.31,16.81,-125.02,19.67,94.20,98.78,90.00,180.00,6.29,-107.31,33.82,125.02,55.09,85.80,111.36,0.00,-90.00
25.21,-1.40,-107.31,8.60,-125.02,3.38,94.20,97.95,90.00,180.00,7.90,-107.31,31.50,125.02,55.30,85.80,107.96,0.00,-90.00
25.37,3.06,-107.31,9.35,-125.02,3.39,94.20,97.82,90.00,180.00,7.23,-107.31,31.80,125.02,56.47,85.80,110.62,0.00,-90.00
25.53,8.49,-107.31,1.40,-125.02,-176.04,94.20,97.13,90.00,180.00,4.85,-107.31,33.08,125.02,54.91,85.80,112.94,0.00,-90.00
25.68,4.82,-107.31,4.10,-125.02,-168.08,94.20,83.77,90.00,180.00,4.41,-107.31,33.26,125.02,54.48,85.80,113.32,0.00,-90.00
25.85,-8.65,-107.31,14.47,-125.02,13.03,94.20,96.65,90.00,180.00,5.29,-107.31,32.32,125.02,53.91,85.80,112.07,0.00,-90.00
25.98,9.01,-107.31,9.73,-125.02,8.38,94.20,92.68,90.00,180.00,5.29,-107.31,32.11,125.02,53.36,85.80,111.28,0.00,-90.00
26.16,1.19,-107.31,7.10,-125.02,6.37,94.20,95.71,90.00,180.00,3.49,-107.31,33.48,125.02,40.59,85.80,105.09,0.00,-90.00
26.30,-8.79,-107.31,16.83,-125.02,22.79,94.20,99.87,90.00,180.00,3.52,-107.31,34.82,125.02,40.46,85.80,107.68,0.00,-90.00
26.45,-5.86,-107.31,10.08,-125.02,13.54,94.20,92.35,90.00,180.00,3.54,-107.31,34.50,125.02,51.63,85.80,114.55,0.00,-90.00
26.63,20.44,-107.31,-7.52,-125.02,-177.70,94.20,77.31,90.00,180.00,3.27,-107.31,34.30,125.02,41.65,85.80,106.44,0.00,-90.00
26.76,21.44,-107.31,-9.69,-125.02,177.83,94.20,73.13,90.00,180.00,3.62,-107.31,33.84,125.02,54.63,85.80,115.32,0.00,-90.00
26.91,-4.93,-107.31,7.92,-125.02,10.33,94.20,95.95,90.00,180.00,3.68,-107.31,33.62,125.02,39.74,85.80,105.49,0.00,-90.00
27.04,9.28,-107.31,1.18,-125.02,-177.45,94.20,96.97,90.00,180.00,5.79,-107.31,30.77,125.02,48.43,85.80,108.43,0.00,-90.00
27.18,23.64,-107.31,-6.24,-125.02,-177.41,94.20,75.99,90.00,180.00,3.40,-107.31,32.07,125.02,48.64,85.80,112.07,0.00,-90.00
27.37,28.18,-107.31,-14.76,-125.02,-156.44,94.20,44.39,90.00,180.00,5.44,-107.31,28.91,125.02,47.20,85.80,106.72,0.00,-90.00
27.51,31.29,-107.31,-10.41,-125.02,171.35,94.20,54.94,90.00,180.00,5.25,-107.31,28.84,125.02,47.89,85.80,107.05,0.00,-90.00
27.66,28.73,-107.31,-6.87,-125.02,-179.74,94.20,83.11,90.00,180.00,2.00,-107.31,31.18,125.02,52.50,85.80,111.65,0.00,-90.00
27.80,16.59,-107.31,-4.98,-125.02,-175.23,94.20,75.90,90.00,180.00,2.53,-107.31,30.88,125.02,49.13,85.80,112.92,0.00,-90.00
27.94,27.95,-107.31,-13.36,-125.02,-152.70,94.20,58.22,90.00,180.00,6.26,-107.31,28.52,125.02,43.33,85.80,99.02,0.00,-90.00
28.11,21.09,-107.31,-10.05,-125.02,178.11,94.20,70.75,90.00,180.00,4.87,-107.31,32.54,125.02,43.78,85.80,107.91,0.00,-90.00
28.25,28.88,-107.31,-6.96,-125.02,-127.04,94.20,87.81,90.00,180.00,6.55,-107.31,32.98,125.02,40.62,85.80,105.54,0.00,-90.00
28.39,34.53,-107.31,-6.32,-125.02,-110.09,94.20,76.63,90.00,180.00,4.44,-107.31,34.99,125.02,30.07,85.80,117.73,0.00,-90.00
28.53,35.54,-107.31,-7.64,-125.02,-108.53,94.20,74.20,90.00,180.00,3.95,-107.31,33.98,125.02,53.33,85.80,113.33,0.00,-90.00
28.68,26.27,-107.31,-13.01,-125.02,170.48,94.20,61.88,90.00,180.00,4.56,-107.31,32.41,125.02,44.61,85.80,112.92,0.00,-90.00
28.82,24.61,-107.31,-11.58,-125.02,178.31,94.20,61.68,90.00,180.00,4.75,-107.31,31.58,125.02,43.97,85.80,115.54,0.00,-90.00
28.96,21.03,-107.31,-0.50,-125.02,-173.42,94.20,95.51,90.00,180.00,3.22,-107.31,30.92,125.02,29.65,85.80,115.10,0.00,-90.00
29.13,1.62,-107.31,6.90,-125.02,4.92,94.20,100.17,90.00,180.00,5.23,-107.31,30.02,125.02,36.86,85.80,119.40,0.00,-90.00
29.27,27.15,-107.31,-4.63,-125.02,-152.07,94.20,92.84,90.00,180.00,7.10,-107.31,30.83,125.02,24.55,85.80,112.85,0.00,-90.00
29.40,3.56,-107.31,4.30,-125.02,-4.05,94.20,114.06,90.00,180.00,4.96,-107.31,32.44,125.02,42.29,85.80,110.81,0.00,-90.00
29.54,-0.62,-107.31,5.02,-125.02,10.59,94.20,98.19,90.00,180.00,5.96,-107.31,30.13,125.02,19.41,85.80,125.82,0.00,-90.00
29.68,5.18,-107.31,8.57,-125.02,11.52,94.20,110.31,90.00,180.00,5.90,-107.31,32.19,125.02,30.04,85.80,109.30,0.00,-90.00
29.82,-7.16,-107.31,8.95,-125.02,1.42,94.20,114.69,90.00,180.00,3.05,-107.31,32.89,125.02,42.10,85.80,115.86,0.00,-90.00
29.96,-17.46,-107.31,35.45,-125.02,24.24,94.20,125.27,90.00,180.00,8.45,-107.31,30.89,125.02,20.48,85.80,115.07,0.00,-90.00
30.10,-0.69,-107.31,11.29,-125.02,4.59,94.20,107.08,90.00,180.00,-0.50,-107.31,39.18,125.02,46.88,85.80,109.15,0.00,-90.00
30.27,-10.13,-107.31,31.37,-125.02,19.53,94.20,118.34,90.00,180.00,8.42,-107.31,32.11,125.02,20.63,85.80,126.49,0.00,-90.00
30.40,-8.85,-107.31,10.18,-125.02,1.65,94.20,126.24,90.00,180.00,4.99,-107.31,33.89,125.02,31.68,85.80,115.77,0.00,-90.00
30.53,-11.53,-107.31,32.02,-125.02,28.87,94.20,109.73,90.00,180.00,6.32,-107.31,31.33,125.02,23.81,85.80,129.73,0.00,-90.00
30.68,4.28,-107.31,23.86,-125.02,19.07,94.20,113.02,90.00,180.00,5.95,-107.31,34.73,125.02,26.54,85.80,108.26,0.00,-90.00
30.81,-4.99,-107.31,22.18,-125.02,11.84,94.20,103.03,90.00,180.00,1.09,-107.31,37.78,125.02,32.87,85.80,129.25,0.00,-90.00
30.94,-14.12,-107.31,35.88,-125.02,29.68,94.20,112.73,90.00,180.00,7.51,-107.31,30.72,125.02,22.11,85.80,120.90,0.00,-90.00
31.07,-10.80,-107.31,14.68,-125.02,-2.96,94.20,129.00,90.00,180.00,0.10,-107.31,36.98,125.02,31.81,85.80,109.57,0.00,-90.00
31.21,-11.96,-107.31,22.25,-125.02,8.94,94.20,103.10,90.00,180.00,3.76,-107.31,31.29,125.02,25.66,85.80,122.49,0.00,-90.00
31.35,-20.06,-107.31,40.71,-125.02,21.11,94.20,115.17,90.00,180.00,13.37,-107.31,31.41,125.02,22.27,85.80,108.08,0.00,-90.00
31.48,-8.73,-107.31,19.81,-125.02,3.19,94.20,110.02,90.00,180.00,-0.95,-107.31,38.98,125.02,29.71,85.80,115.54,0.00,-90.00
31.62,-14.21,-107.31,33.77,-125.02,23.40,94.20,107.11,90.00,180.00,8.58,-107.31,33.89,125.02,13.24,85.80,120.48,0.00,-90.00
31.74,-18.45,-107.31,22.60,-125.02,6.38,94.20,132.42,90.00,180.00,11.97,-107.31,35.31,125.02,22.62,85.80,100.12,0.00,-90.00
31.88,-10.70,-107.31,39.14,-125.02,15.44,94.20,111.68,90.00,180.00,-0.28,-107.31,41.82,125.02,20.94,85.80,125.74,0.00,-90.00
32.01,15.93,-107.31,24.57,-125.02,28.36,94.20,110.81,90.00,180.00,13.17,-107.31,44.44,125.02,18.59,85.80,112.10,0.00,-90.00
32.15,-4.29,-109.24,23.73,-127.96,7.02,96.90,109.26,90.00,180.00,11.89,-109.24,45.00,127.96,34.28,83.10,113.07,0.00,-90.00
32.30,0.06,-109.24,37.92,-127.96,32.32,96.90,112.23,90.00,180.00,9.29,-109.24,37.68,127.96,18.45,83.10,124.31,0.00,-90.00
32.45,2.26,-109.24,24.94,-127.96,-0.81,96.90,127.34,90.00,180.00,10.39,-109.24,33.88,127.96,37.49,83.10,107.66,0.00,-90.00
32.58,-3.02,-109.24,43.79,-127.96,21.31,96.90,106.92,90.00,180.00,8.68,-109.24,32.76,127.96,16.63,83.10,129.83,0.00,-90.00
32.70,37.62,-109.24,19.50,-127.96,-140.81,96.90,89.96,90.00,180.00,10.37,-109.24,38.86,127.96,25.11,83.10,110.43,0.00,-90.00
32.83,14.05,-109.24,27.02,-127.96,3.44,96.90,111.68,90.00,180.00,5.62,-109.24,36.75,127.96,46.49,83.10,109.69,0.00,-90.00
32.97,2.76,-109.24,35.50,-127.96,30.63,96.90,107.76,90.00,180.00,14.94,-109.24,32.69,127.96,17.44,83.10,129.90,0.00,-90.00
33.10,23.46,-109.24,17.66,-127.96,-150.26,96.90,111.33,90.00,180.00,21.30,-109.24,39.75,127.96,25.75,83.10,105.22,0.00,-90.00
33.23,20.99,-109.24,30.01,-127.96,13.11,96.90,98.73,90.00,180.00,5.58,-109.24,42.51,127.96,38.37,83.10,122.78,0.00,-90.00
33.36,3.19,-109.24,27.83,-127.96,32.83,96.90,100.45,90.00,180.00,16.39,-109.24,37.70,127.96,10.66,83.10,127.11,0.00,-90.00
33.51,3.87,-109.24,15.59,-127.96,9.71,96.90,119.11,90.00,180.00,15.03,-109.24,40.72,127.96,28.94,83.10,104.41,0.00,-90.00
33.68,16.46,-109.24,5.98,-127.96,-167.19,96.90,94.70,90.00,180.00,-1.37,-109.24,34.27,127.96,39.96,83.10,107.80,0.00,-90.00
33.84,-16.51,-109.24,25.79,-127.96,23.34,96.90,115.91,90.00,180.00,5.10,-109.24,29.15,127.96,19.06,83.10,115.86,0.00,-90.00
33.99,-12.51,-109.24,20.05,-127.96,21.63,96.90,110.29,90.00,180.00,5.85,-109.24,29.07,127.96,41.96,83.10,95.10,0.00,-90.00
34.13,-10.27,-109.24,20.27,-127.96,25.89,96.90,107.84,90.00,180.00,-8.92,-109.24,37.01,127.96,46.10,83.10,109.18,0.00,-90.00
34.27,-10.32,-109.24,22.16,-127.96,20.32,96.90,100.96,90.00,180.00,-3.28,-109.24,31.40,127.96,30.27,83.10,120.55,0.00,-90.00
34.40,-10.25,-109.24,22.47,-127.96,50.84,96.90,121.65,90.00,180.00,-4.34,-109.24,32.62,127.96,38.20,83.10,109.17,0.00,-90.00
34.53,-9.80,-109.24,21.91,-127.96,36.15,96.90,108.87,90.00,180.00,-5.19,-109.24,32.49,127.96,38.49,83.10,108.74,0.00,-90.00
34.67,-16.37,-109.24,26.39,-127.96,52.78,96.90,124.52,90.00,180.00,-21.81,-109.24,30.05,127.96,33.50,83.10,117.96,0.00,-90.00
34.80,-19.89,-109.24,29.28,-127.96,53.38,96.90,126.17,90.00,180.00,-6.13,-109.24,32.98,127.96,38.96,83.10,107.31,0.00,-90.00
34.95,-21.13,-109.24,31.00,-127.96,36.09,96.90,115.24,90.00,180.00,-5.39,-109.24,33.25,127.96,38.77,83.10,107.08,0.00,-90.00
35.08,-23.96,-109.24,33.51,-127.96,30.46,96.90,120.01,90.00,180.00,-6.68,-109.24,36.03,127.96,39.90,83.10,106.63,0.00,-90.00
35.24,-26.65,-109.24,35.78,-127.96,37.69,96.90,116.28,90.00,180.00,-5.76,-109.24,33.49,127.96,39.50,83.10,108.21,0.00,-90.00
35.38,-27.42,-109.24,36.38,-127.96,36.32,96.90,117.81,90.00,180.00,-8.35,-109.24,34.95,127.96,39.48,83.10,105.94,0.00,-90.00
35.51,-25.68,-109.24,34.91,-127.96,32.96,96.90,117.14,90.00,180.00,-12.13,-109.24,35.98,127.96,39.37,83.10,105.52,0.00,-90.00
35.65,-13.34,-109.24,19.49,-127.96,25.86,96.90,105.36,90.00,180.00,-4.32,-109.24,29.02,127.96,30.03,83.10,117.07,0.00,-90.00
35.78,-17.70,-109.24,23.77,-127.96,29.38,96.90,105.18,90.00,180.00,-2.16,-109.24,26.73,127.96,39.10,83.10,95.60,0.00,-90.00
35.93,-19.17,-109.24,24.28,-127.96,29.92,96.90,102.35,90.00,180.00,-2.81,-109.24,27.15,127.96,29.48,83.10,111.92,0.00,-90.00
36.06,-18.04,-109.24,20.79,-127.96,27.59,96.90,98.86,90.00,180.00,-5.15,-109.24,27.41,127.96,38.35,83.10,100.73,0.00,-90.00
36.20,-16.45,-109.24,16.41,-127.96,-158.39,96.90,90.05,90.00,180.00,-5.52,-109.24,27.15,127.96,39.02,83.10,101.82,0.00,-90.00
36.43,-15.32,-109.24,12.06,-127.96,-166.14,96.90,88.08,90.00,180.00,-4.96,-109.24,27.09,127.96,39.53,83.10,102.17,0.00,-90.00
36.56,-11.25,-109.24,11.56,-127.96,16.23,96.90,83.20,90.00,180.00,-5.22,-109.24,26.73,127.96,39.11,83.10,102.26,0.00,-90.00
36.70,-9.64,-109.24,11.72,-127.96,12.66,96.90,84.50,90.00,180.00,-6.75,-109.24,32.84,127.96,30.57,83.10,116.33,0.00,-90.00
36.84,-10.76,-109.24,11.53,-127.96,10.30,96.90,88.30,90.00,180.00,-9.60,-109.24,33.94,127.96,32.43,83.10,112.52,0.00,-90.00
36.99,-7.89,-109.24,10.79,-127.96,13.78,96.90,86.25,90.00,180.00,4.89,-109.24,28.97,127.96,36.29,83.10,101.19,0.00,-90.00
37.13,-5.84,-109.24,9.78,-127.96,13.87,96.90,84.15,90.00,180.00,7.18,-109.24,26.51,127.96,30.67,83.10,96.53,0.00,-90.00
37.26,-7.16,-109.24,10.70,-127.96,10.99,96.90,81.46,90.00,180.00,12.28,-109.24,21.93,127.96,25.43,83.10,100.00,0.00,-90.00
37.40,-8.32,-109.24,12.17,-127.96,12.85,96.90,86.18,90.00,180.00,16.62,-109.24,30.59,127.96,40.20,83.10,112.60,0.00,-90.00
37.54,-5.01,-109.24,13.52,-127.96,13.98,96.90,85.72,90.00,180.00,6.11,-109.24,24.08,127.96,28.22,83.10,104.09,0.00,-90.00
37.68,-6.53,-109.24,12.26,-127.96,13.30,96.90,87.64,90.00,180.00,7.41,-109.24,23.47,127.96,27.18,83.10,102.48,0.00,-90.00
37.82,-9.23,-109.24,14.11,-127.96,27.01,96.90,87.31,90.00,180.00,5.62,-109.24,18.11,127.96,19.59,83.10,116.46,0.00,-90.00
37.95,-10.60,-109.24,15.39,-127.96,21.18,96.90,94.16,90.00,180.00,6.27,-109.24,17.35,127.96,18.91,83.10,116.63,0.00,-90.00
38.09,-9.95,-109.24,10.70,-127.96,18.39,96.90,92.61,90.00,180.00,3.73,-109.24,23.96,127.96,27.39,83.10,105.99,0.00,-90.00
38.23,-7.25,-109.24,13.55,-127.96,19.44,96.90,91.21,90.00,180.00,4.44,-109.24,20.53,127.96,33.55,83.10,102.78,0.00,-90.00
38.36,-8.13,-109.24,6.92,-127.96,-164.10,96.90,94.31,90.00,180.00,7.71,-109.24,24.40,127.96,31.92,83.10,97.08,0.00,-90.00
38.50,-1.11,-109.24,9.39,-127.96,13.37,96.90,91.16,90.00,180.00,3.64,-109.24,25.16,127.96,31.99,83.10,99.42,0.00,-90.00
38.63,-3.84,-109.24,19.29,-127.96,14.75,96.90,89.63,90.00,180.00,2.59,-109.24,26.42,127.96,30.78,83.10,112.75,0.00,-90.00
38.76,-12.96,-109.24,23.96,-127.96,16.53,96.90,93.07,90.00,180.00,3.56,-109.24,24.46,127.96,30.88,83.10,113.02,0.00,-90.00
38.90,-3.57,-109.24,23.22,-127.96,14.74,96.90,87.42,90.00,180.00,11.76,-109.24,22.21,127.96,34.99,83.10,109.42,0.00,-90.00
39.03,-5.83,-109.24,23.94,-127.96,21.63,96.90,101.91,90.00,180.00,3.10,-109.24,20.90,127.96,33.23,83.10,99.28,0.00,-90.00
39.16,-4.05,-109.24,22.10,-127.96,23.32,96.90,97.96,90.00,180.00,21.08,-109.24,4.99,127.96,-145.83,83.10,97.91,0.00,-90.00
39.29,-0.42,-109.24,25.58,-127.96,21.59,96.90,98.44,90.00,180.00,2.39,-109.24,23.02,127.96,32.19,83.10,98.11,0.00,-90.00
39.42,-0.45,-109.24,21.90,-127.96,20.94,96.90,106.83,90.00,180.00,3.15,-109.24,24.63,127.96,35.65,83.10,96.18,0.00,-90.00
39.55,-6.86,-109.24,19.39,-127.96,56.76,96.90,105.40,90.00,180.00,-6.69,-109.24,33.31,127.96,38.18,83.10,108.11,0.00,-90.00
39.67,8.04,-109.24,28.31,-127.96,53.51,96.90,84.48,90.00,180.00,8.85,-109.24,19.97,127.96,29.42,83.10,94.94,0.00,-90.00
39.80,27.04,-109.24,41.64,-127.96,55.49,96.90,103.63,90.00,180.00,21.55,-109.24,10.31,127.96,-153.66,83.10,58.06,0.00,-90.00
39.93,18.81,-109.24,36.34,-127.96,4.42,96.90,72.54,90.00,180.00,16.66,-109.24,24.49,127.96,42.84,83.10,58.75,0.00,-90.00
40.06,22.98,-109.24,39.43,-127.96,11.74,96.90,68.66,90.00,180.00,16.52,-109.24,31.98,127.96,44.56,83.10,60.19,0.00,-90.00
40.19,22.30,-109.24,43.50,-127.96,26.63,96.90,53.56,90.00,180.00,18.26,-109.24,28.42,127.96,37.88,83.10,51.23,0.00,-90.00
40.32,8.38,-109.24,54.62,-127.96,5.43,96.90,100.66,90.00,180.00,20.59,-109.24,30.26,127.96,666.00,83.10,2.33,0.00,-90.00
40.45,-76.39,-109.24,82.52,-127.96,31.27,96.90,105.06,90.00,180.00,14.97,-109.24,18.78,127.96,666.00,83.10,2.54,0.00,-90.00
40.58,-98.02,123.98,92.04,-97.93,-0.68,78.26,46.29,90.00,180.00,14.48,123.98,3.79,97.93,666.00,101.74,2.49,0.00,-90.00
40.71,-130.72,-110.00,133.65,-128.88,100.16,98.07,148.78,90.00,180.00,-17.39,-110.00,-19.38,128.88,666.00,81.93,2.43,0.00,-90.00
40.84,-165.17,-63.28,134.60,-10.08,86.39,31.90,89.10,90.00,180.00,-41.00,-63.28,6.97,10.08,-105.00,-31.90,115.37,0.00,-90.00
40.97,-166.18,-63.28,128.14,-10.08,70.83,31.90,96.11,90.00,180.00,-43.64,-63.28,10.23,10.08,-120.20,-31.90,115.20,0.00,-90.00
41.10,-141.12,-63.28,115.82,-10.08,69.63,31.90,92.73,90.00,180.00,-36.05,-63.28,8.22,10.08,-115.16,-31.90,106.13,0.00,-90.00
41.23,-123.74,-63.28,108.72,-10.08,78.16,31.90,88.75,90.00,180.00,-43.81,-63.28,8.65,10.08,-112.52,-31.90,100.11,0.00,-90.00
41.36,-99.07,-63.28,97.19,-10.08,82.08,31.90,95.80,90.00,180.00,-49.87,-63.28,36.64,10.08,-87.03,-31.90,132.69,0.00,-90.00
41.49,-98.06,-63.28,96.72,-10.08,78.73,31.90,95.97,90.00,180.00,-50.36,-63.28,33.49,10.08,-88.86,-31.90,131.00,0.00,-90.00
41.74,-103.42,-63.28,101.81,-10.08,85.06,31.90,98.21,90.00,180.00,-53.67,-63.28,32.76,10.08,-89.25,-31.90,129.51,0.00,-90.00
41.96,-97.62,-63.28,96.69,-10.08,82.37,31.90,101.84,90.00,180.00,-53.90,-63.28,33.18,10.08,-88.66,-31.90,129.79,0.00,-90.00
42.10,-96.97,121.63,96.12,-160.71,83.21,-34.52,77.12,90.00,-180.00,-54.00,121.63,33.35,160.71,-89.92,34.52,129.76,0.00,-90.00
42.23,-98.15,-63.28,97.07,-10.08,80.13,31.90,88.09,90.00,180.00,-52.58,-63.28,22.85,10.08,-87.51,-31.90,126.82,0.00,-90.00
42.36,-95.98,-63.28,95.03,-10.08,83.86,31.90,93.43,90.00,180.00,-52.48,-63.28,23.53,10.08,-86.19,-31.90,125.05,0.00,-90.00
42.49,-97.94,-63.28,96.43,-10.08,107.83,31.90,97.36,90.00,180.00,-52.37,-63.28,30.14,10.08,-84.96,-31.90,135.07,0.00,-90.00
42.71,-99.52,-63.28,97.16,-10.08,87.07,31.90,103.78,90.00,180.00,-52.14,-63.28,23.90,10.08,-85.92,-31.90,129.88,0.00,-90.00
42.84,-103.12,-63.28,99.58,-10.08,88.78,31.90,78.67,90.00,180.00,-51.31,-63.28,23.21,10.08,-86.52,-31.90,128.13,0.00,-90.00
42.97,-115.40,-63.28,106.78,-10.08,89.47,31.90,80.61,90.00,180.00,-51.02,-63.28,22.44,10.08,-116.34,-31.90,50.96,0.00,-90.00
43.10,-126.86,-63.28,112.86,-10.08,83.72,31.90,116.09,90.00,180.00,-50.10,-63.28,23.76,10.08,-108.40,-31.90,60.75,0.00,-90.00
43.23,-136.13,-63.28,116.05,-10.08,-89.07,31.90,112.72,90.00,180.00,-49.65,-63.28,16.10,10.08,666.00,-31.90,2.11,0.00,-90.00
43.36,-146.32,-63.28,123.05,-10.08,-86.55,31.90,119.02,90.00,180.00,-50.99,-63.28,28.11,10.08,-107.38,-31.90,78.38,0.00,-90.00
43.50,-141.03,-63.28,118.25,-10.08,-86.85,31.90,113.01,90.00,180.00,-49.02,-63.28,33.42,10.08,-97.08,-31.90,83.90,0.00,-90.00
43.63,-34.47,-63.28,17.51,-10.08,117.64,31.90,69.79,90.00,180.00,-48.16,-63.28,20.00,10.08,666.00,-31.90,2.11,0.00,-90.00
43.76,-24.53,-63.28,-0.03,-10.08,97.02,31.90,118.11,90.00,180.00,-50.30,-63.28,20.00,10.08,666.00,-31.90,1.54,0.00,-90.00
43.88,-28.44,-63.28,8.30,-10.08,102.72,31.90,115.64,90.00,180.00,-48.22,-63.28,15.52,10.08,666.00,-31.90,2.09,0.00,-90.00
44.01,-26.25,-63.28,4.39,-10.08,102.58,31.90,113.97,90.00,180.00,-47.41,-63.28,18.12,10.08,666.00,-31.90,2.09,0.00,-90.00
44.14,-25.38,-63.28,3.61,-10.08,76.71,31.90,120.41,90.00,180.00,-47.64,-63.28,14.99,10.08,666.00,-31.90,2.08,0.00,-90.00
44.28,-24.93,-63.28,3.30,-10.08,74.65,31.90,129.54,90.00,180.00,-46.75,-63.28,27.14,10.08,666.00,-31.90,2.13,0.00,-90.00
44.41,-21.32,-63.28,-3.89,-10.08,77.91,31.90,129.10,90.00,180.00,-47.34,-63.28,7.29,10.08,666.00,-31.90,1.98,0.00,-90.00
44.53,-22.56,-63.28,0.02,-10.08,69.94,31.90,135.32,90.00,180.00,-47.70,-63.28,7.88,10.08,666.00,-31.90,2.05,0.00,-90.00
44.66,-33.79,-63.28,16.36,-10.08,63.24,31.90,123.84,90.00,180.00,-48.02,-63.28,15.32,10.08,666.00,-31.90,2.09,0.00,-90.00
44.80,-34.86,-63.28,22.37,-10.08,59.56,31.90,126.05,90.00,180.00,-47.69,-63.28,8.43,10.08,666.00,-31.90,2.05,0.00,-90.00
44.92,-33.66,-63.28,25.90,-10.08,56.74,31.90,133.56,90.00,180.00,-46.68,-63.28,37.31,10.08,-84.85,-31.90,90.00,0.00,-90.00
45.05,-29.95,-63.28,6.55,-10.08,57.94,31.90,136.47,90.00,180.00,-47.95,-63.28,29.33,10.08,666.00,-31.90,2.15,0.00,-90.00
45.18,-30.13,-63.28,4.72,-10.08,64.12,31.90,127.14,90.00,180.00,-47.30,-63.28,39.66,10.08,-90.63,-31.90,95.16,0.00,-90.00
45.31,-30.38,-63.28,8.28,-10.08,64.63,31.90,123.44,90.00,180.00,-47.24,-63.28,37.03,10.08,666.00,-31.90,2.18,0.00,-90.00
45.43,-34.94,-63.28,24.34,-10.08,55.71,31.90,132.72,90.00,180.00,-49.88,-63.28,11.86,10.08,666.00,-31.90,1.81,0.00,-90.00
45.56,-25.33,-63.28,-0.65,-10.08,58.30,31.90,145.13,90.00,180.00,-49.28,-63.28,13.46,10.08,666.00,-31.90,1.97,0.00,-90.00
45.70,-11.00,-63.28,-4.08,-10.08,60.37,31.90,142.33,90.00,180.00,-49.99,-63.28,13.67,10.08,666.00,-31.90,1.89,0.00,-90.00
45.83,-8.39,-63.28,-7.56,-10.08,61.67,31.90,142.13,90.00,180.00,-47.31,-63.28,43.34,10.08,-91.29,-31.90,98.90,0.00,-90.00
45.96,-8.33,-63.28,-8.64,-10.08,60.16,31.90,141.81,90.00,180.00,-48.27,-63.28,32.17,10.08,666.00,-31.90,2.17,0.00,-90.00
46.10,-24.06,-63.28,1.93,-10.08,62.59,31.90,136.03,90.00,180.00,-50.59,-63.28,-20.23,10.08,666.00,-31.90,0.63,0.00,-90.00
46.31,-27.99,-63.28,4.48,-10.08,79.79,31.90,131.96,90.00,180.00,-49.03,-63.28,13.05,10.08,666.00,-31.90,1.97,0.00,-90.00
46.44,-16.23,-63.28,1.41,-10.08,67.46,31.90,137.40,90.00,180.00,-46.94,-63.28,36.17,10.08,666.00,-31.90,2.18,0.00,-90.00
46.56,-23.30,-63.28,2.27,-10.08,60.85,31.90,140.80,90.00,180.00,-47.89,-63.28,11.39,10.08,666.00,-31.90,2.07,0.00,-90.00
46.70,-24.39,-63.28,2.08,-10.08,61.57,31.90,141.73,90.00,180.00,-46.96,-63.28,15.11,10.08,666.00,-31.90,2.07,0.00,-90.00
46.82,-26.24,-63.28,4.63,-10.08,66.30,31.90,133.39,90.00,180.00,-47.24,-63.28,23.06,10.08,666.00,-31.90,2.11,0.00,-90.00
47.06,-19.21,-63.28,-5.78,-10.08,81.41,31.90,108.69,90.00,180.00,-47.52,-63.28,26.66,10.08,666.00,-31.90,2.13,0.00,-90.00
47.19,-13.34,-63.28,-5.15,-10.08,74.21,31.90,109.64,90.00,180.00,-49.93,-63.28,11.79,10.08,666.00,-31.90,1.88,0.00,-90.00
47.33,-11.01,-63.28,-3.96,-10.08,70.88,31.90,104.59,90.00,180.00,-44.50,-63.28,40.68,10.08,-84.80,-31.90,98.27,0.00,-90.00
47.46,-12.16,-63.28,-2.39,-10.08,71.67,31.90,99.58,90.00,180.00,-47.59,-63.28,20.24,10.08,666.00,-31.90,2.10,0.00,-90.00
47.60,-10.89,-63.28,-2.96,-10.08,71.66,31.90,100.80,90.00,180.00,-45.47,-63.28,28.18,10.08,-82.23,-31.90,92.69,0.00,-90.00
47.73,-14.39,-63.28,-0.71,-10.08,74.19,31.90,103.27,90.00,180.00,-48.52,-63.28,8.11,10.08,666.00,-31.90,1.84,0.00,-90.00
47.86,-12.46,-63.28,-3.37,-10.08,62.82,31.90,138.64,90.00,180.00,-49.56,-63.28,10.24,10.08,666.00,-31.90,1.92,0.00,-90.00
47.99,-24.13,-63.28,2.07,-10.08,107.26,31.90,128.15,90.00,180.00,-45.57,-63.28,27.90,10.08,-83.20,-31.90,89.06,0.00,-90.00
48.12,-33.71,-63.28,15.20,-10.08,117.16,31.90,107.56,90.00,180.00,-47.33,-63.28,14.21,10.08,666.00,-31.90,2.07,0.00,-90.00
48.26,-33.85,-63.28,15.71,-10.08,120.17,31.90,108.66,90.00,180.00,-47.66,-63.28,12.81,10.08,666.00,-31.90,2.07,0.00,-90.00
48.39,-23.43,-63.28,1.49,-10.08,103.63,31.90,128.46,90.00,180.00,-47.08,-63.28,27.89,10.08,666.00,-31.90,2.14,0.00,-90.00
48.52,-23.08,-63.28,1.28,-10.08,98.15,31.90,126.09,90.00,180.00,-46.03,-63.28,21.94,10.08,-84.68,-31.90,83.45,0.00,-90.00
48.65,-33.52,-63.28,17.00,-10.08,66.31,31.90,122.71,90.00,180.00,-49.71,-63.28,0.11,10.08,666.00,-31.90,1.22,0.00,-90.00
48.78,-33.83,-63.28,17.08,-10.08,69.41,31.90,116.44,90.00,180.00,-38.85,-63.28,-26.86,10.08,75.10,-31.90,121.30,0.00,-90.00
48.91,-34.06,-63.28,17.93,-10.08,69.60,31.90,115.00,90.00,180.00,-50.04,-63.28,34.16,10.08,178.27,-31.90,160.39,0.00,-90.00
49.03,-34.35,-63.28,17.38,-10.08,66.11,31.90,120.33,90.00,180.00,-47.31,-63.28,28.06,10.08,-89.07,-31.90,79.13,0.00,-90.00
49.16,-23.10,-63.28,1.20,-10.08,105.33,31.90,125.13,90.00,180.00,-47.62,-63.28,11.88,10.08,666.00,-31.90,2.06,0.00,-90.00
49.29,-35.58,-63.28,18.37,-10.08,120.54,31.90,99.97,90.00,180.00,-48.07,-63.28,4.58,10.08,666.00,-31.90,1.67,0.00,-90.00
49.42,-35.34,-63.28,17.91,-10.08,113.77,31.90,99.35,90.00,180.00,-53.34,-63.28,31.40,10.08,-110.46,-31.90,80.20,0.00,-90.00
49.55,-35.79,-63.28,16.49,-10.08,64.02,31.90,122.72,90.00,180.00,-49.18,-63.28,11.65,10.08,666.00,-31.90,1.77,0.00,-90.00
49.67,-35.59,-63.28,17.36,-10.08,74.59,31.90,114.02,90.00,180.00,-47.80,-63.28,26.44,10.08,-89.83,-31.90,80.15,0.00,-90.00
49.80,-23.82,-63.28,-0.41,-10.08,77.68,31.90,129.27,90.00,180.00,-47.14,-63.28,21.43,10.08,666.00,-31.90,2.10,0.00,-90.00
49.93,-24.35,-63.28,1.33,-10.08,81.02,31.90,126.37,90.00,180.00,-61.56,-63.28,47.83,10.08,129.62,-31.90,89.59,0.00,-90.00
50.06,-34.67,-63.28,15.90,-10.08,65.40,31.90,121.98,90.00,180.00,-45.32,-63.28,7.14,10.08,666.00,-31.90,1.80,0.00,-90.00
50.19,-34.28,-63.28,16.14,-10.08,65.10,31.90,122.68,90.00,180.00,-44.61,-63.28,8.10,10.08,666.00,-31.90,1.84,0.00,-90.00
50.32,-34.33,-63.28,16.22,-10.08,65.50,31.90,123.03,90.00,180.00,-46.70,-63.28,27.02,10.08,666.00,-31.90,2.12,0.00,-90.00
50.45,-24.55,-63.28,0.32,-10.08,66.42,31.90,140.80,90.00,180.00,-47.70,-63.28,25.02,10.08,666.00,-31.90,2.12,0.00,-90.00
50.58,-24.97,-63.28,1.94,-10.08,71.85,31.90,132.49,90.00,180.00,-46.97,-63.28,26.25,10.08,666.00,-31.90,2.12,0.00,-90.00
50.71,-35.57,-63.28,16.65,-10.08,74.55,31.90,113.91,90.00,180.00,-47.78,-63.28,24.78,10.08,666.00,-31.90,2.12,0.00,-90.00
50.84,-23.54,-63.28,-0.13,-10.08,68.34,31.90,137.63,90.00,180.00,-48.50,-63.28,21.55,10.08,666.00,-31.90,2.11,0.00,-90.00
50.97,-23.84,-63.28,-1.73,-10.08,72.44,31.90,134.30,90.00,180.00,-48.77,-63.28,21.16,10.08,666.00,-31.90,2.12,0.00,-90.00
51.10,-28.01,-63.28,1.12,-10.08,77.60,31.90,129.41,90.00,180.00,-49.20,-63.28,24.32,10.08,666.00,-31.90,2.13,0.00,-90.00
51.23,-22.88,-63.28,-7.29,-10.08,98.06,31.90,103.98,90.00,180.00,-49.42,-63.28,25.46,10.08,666.00,-31.90,2.14,0.00,-90.00
51.36,-20.59,-63.28,-17.27,-10.08,87.71,31.90,95.38,90.00,180.00,-49.25,-63.28,26.53,10.08,666.00,-31.90,2.14,0.00,-90.00
51.50,-20.36,-63.28,-17.32,-10.08,97.39,31.90,92.83,90.00,180.00,-49.30,-63.28,26.71,10.08,666.00,-31.90,2.14,0.00,-90.00
51.63,-17.70,-63.28,-22.67,-10.08,85.08,31.90,112.98,90.00,180.00,-48.65,-63.28,34.53,10.08,666.00,-31.90,2.17,0.00,-90.00
51.84,-17.52,-63.28,-21.26,-10.08,82.49,31.90,111.32,90.00,180.00,-47.55,-63.28,14.39,10.08,666.00,-31.90,1.67,0.00,-90.00
51.97,-17.41,-63.28,-20.62,-10.08,85.00,31.90,103.43,90.00,180.00,-47.65,-63.28,13.28,10.08,666.00,-31.90,1.65,0.00,-90.00
52.10,-25.08,-63.28,-6.95,-10.08,66.49,31.90,130.20,90.00,180.00,-28.89,-63.28,-39.22,10.08,666.00,-31.90,1.40,0.00,-90.00
52.23,-18.93,-63.28,-1.14,-10.08,65.14,31.90,129.31,90.00,180.00,-30.23,-63.28,-39.86,10.08,666.00,-31.90,1.39,0.00,-90.00
52.36,-18.75,-63.28,-1.78,-10.08,65.20,31.90,129.30,90.00,180.00,-36.83,-63.28,-35.33,10.08,666.00,-31.90,0.16,0.00,-90.00
52.50,-2.38,-63.28,-30.38,-10.08,60.40,31.90,145.60,90.00,180.00,-18.35,-63.28,-56.22,10.08,666.00,-31.90,0.16,0.00,-90.00
52.63,-1.69,-63.28,-31.00,-10.08,60.38,31.90,146.33,90.00,180.00,-19.11,-63.28,-55.95,10.08,666.00,-31.90,0.20,0.00,-90.00
52.76,-18.28,-63.28,-1.76,-10.08,65.42,31.90,129.68,90.00,180.00,-20.34,-63.28,-59.20,10.08,666.00,-31.90,0.05,0.00,-90.00
52.90,-18.36,-63.28,-2.32,-10.08,65.43,31.90,129.42,90.00,180.00,-20.32,-63.28,-57.66,10.08,666.00,-31.90,0.15,0.00,-90.00
53.10,-18.27,-63.28,-2.76,-10.08,65.53,31.90,129.50,90.00,180.00,-19.67,-63.28,-55.41,10.08,666.00,-31.90,0.19,0.00,-90.00
53.23,-18.71,-63.28,-3.17,-10.08,64.70,31.90,132.05,90.00,180.00,-19.70,-63.28,-54.89,10.08,666.00,-31.90,0.16,0.00,-90.00
53.36,-6.60,-63.28,-29.04,-10.08,59.07,31.90,144.16,90.00,180.00,-19.73,-63.28,-54.88,10.08,666.00,-31.90,0.16,0.00,-90.00
53.49,-19.54,-63.28,-19.64,-10.08,59.38,31.90,136.55,90.00,180.00,-19.68,-63.28,-54.68,10.08,666.00,-31.90,0.15,0.00,-90.00
53.63,-18.14,-63.28,-19.79,-10.08,70.42,31.90,115.54,90.00,180.00,-19.75,-63.28,-53.90,10.08,666.00,-31.90,0.09,0.00,-90.00
53.84,-17.74,-63.28,-20.08,-10.08,59.16,31.90,138.12,90.00,180.00,-19.64,-63.28,-53.43,10.08,666.00,-31.90,0.06,0.00,-90.00
53.97,-18.35,-63.28,-19.75,-10.08,57.95,31.90,140.30,90.00,180.00,-20.54,-63.28,-53.91,10.08,666.00,-31.90,0.05,0.00,-90.00
54.10,-18.03,-63.28,-20.15,-10.08,59.11,31.90,138.28,90.00,180.00,-21.38,-63.28,-53.57,10.08,666.00,-31.90,0.05,0.00,-90.00
54.22,-18.56,-63.28,-19.92,-10.08,58.96,31.90,137.92,90.00,180.00,-21.13,-63.28,-53.40,10.08,666.00,-31.90,0.04,0.00,-90.00
54.35,-17.30,-63.28,-21.53,-10.08,59.61,31.90,137.43,90.00,180.00,-21.01,-63.28,-53.28,10.08,666.00,-31.90,0.03,0.00,-90.00
54.48,-17.35,-63.28,-21.49,-10.08,58.07,31.90,138.56,90.00,180.00,-21.30,-63.28,-53.21,10.08,666.00,-31.90,0.03,0.00,-90.00
54.60,-17.21,-63.28,-21.24,-10.08,58.50,31.90,138.19,90.00,180.00,-21.11,-63.28,-53.01,10.08,666.00,-31.90,0.02,0.00,-90.00
54.73,-16.77,-63.28,-21.10,-10.08,61.95,31.90,132.08,90.00,180.00,-30.27,-63.28,-36.09,10.08,666.00,-31.90,1.27,0.00,-90.00
54.86,-16.14,-63.28,-7.81,-10.08,65.64,31.90,128.78,90.00,180.00,-20.39,-63.28,-52.06,10.08,666.00,-31.90,0.02,0.00,-90.00
54.99,-15.79,-63.28,-21.22,-10.08,58.56,31.90,139.54,90.00,180.00,-21.72,-63.28,-52.11,10.08,666.00,-31.90,0.06,0.00,-90.00
55.13,-17.20,-63.28,-21.56,-10.08,54.06,31.90,146.78,90.00,180.00,-30.66,-63.28,-37.72,10.08,666.00,-31.90,0.96,0.00,-90.00
55.25,-15.75,-63.28,-8.71,-10.08,60.96,31.90,141.16,90.00,180.00,-24.09,-63.28,-54.00,10.08,666.00,-31.90,0.11,0.00,-90.00
55.38,-18.10,-63.28,-20.85,-10.08,54.72,31.90,144.90,90.00,180.00,-32.95,-63.28,-36.25,10.08,666.00,-31.90,1.29,0.00,-90.00
55.51,-29.35,-63.28,14.44,-10.08,65.18,31.90,130.87,90.00,180.00,-35.59,-63.28,-36.49,10.08,666.00,-31.90,1.04,0.00,-90.00
55.63,-30.26,-63.28,13.62,-10.08,59.82,31.90,141.13,90.00,180.00,-34.25,-63.28,-36.43,10.08,666.00,-31.90,1.25,0.00,-90.00
55.76,-24.80,-63.28,19.01,-10.08,59.33,31.90,142.53,90.00,180.00,-23.01,-63.28,-52.11,10.08,666.00,-31.90,0.25,0.00,-90.00
55.91,-30.22,-63.28,27.00,-10.08,58.22,31.90,140.82,90.00,180.00,-31.78,-63.28,-39.25,10.08,666.00,-31.90,0.86,0.00,-90.00
56.04,-47.44,-63.28,68.18,-10.08,53.02,31.90,107.96,90.00,180.00,-20.93,-63.28,-51.53,10.08,666.00,-31.90,0.26,0.00,-90.00
56.17,-42.35,-63.28,70.88,-10.08,25.72,31.90,127.83,90.00,180.00,-33.57,-63.28,-35.66,10.08,58.87,-31.90,115.59,0.00,-90.00
56.30,6.72,-63.28,69.31,-10.08,17.63,31.90,128.30,90.00,180.00,-32.01,-63.28,-32.94,10.08,58.84,-31.90,111.64,0.00,-90.00
56.42,9.45,-63.28,74.73,-10.08,24.76,31.90,99.45,90.00,180.00,-30.82,-63.28,-32.73,10.08,58.24,-31.90,112.76,0.00,-90.00
56.56,-63.85,-63.28,74.08,-10.08,19.86,31.90,98.18,90.00,180.00,-31.64,-63.28,-31.06,10.08,74.70,-31.90,108.19,0.00,-90.00
56.69,-48.27,-63.28,66.89,-10.08,20.25,31.90,105.33,90.00,180.00,-31.57,-63.28,-31.99,10.08,58.83,-31.90,108.74,0.00,-90.00
56.82,-46.11,-63.28,67.46,-10.08,28.07,31.90,124.44,90.00,180.00,-30.84,-63.28,-33.43,10.08,68.74,-31.90,136.57,0.00,-90.00
56.94,-38.69,-63.28,61.94,-10.08,20.77,31.90,133.84,90.00,180.00,-29.93,-63.28,-24.97,10.08,98.45,-31.90,133.99,0.00,-90.00
57.07,-10.34,-63.28,63.18,-10.08,17.67,31.90,128.89,90.00,180.00,-28.61,-63.28,-21.35,10.08,86.73,-31.90,126.95,0.00,-90.00
57.20,-28.42,121.63,60.76,-160.71,16.87,-34.52,134.66,90.00,-180.00,-28.35,121.63,-19.36,160.71,100.03,34.52,128.21,0.00,-90.00
57.35,-34.28,-63.28,60.26,-10.08,9.95,31.90,133.06,90.00,180.00,-28.06,-63.28,-18.11,10.08,95.40,-31.90,126.36,0.00,-90.00
57.49,-7.95,-63.28,61.20,-10.08,14.11,31.90,129.93,90.00,180.00,-25.38,-63.28,-18.35,10.08,84.60,-31.90,125.29,0.00,-90.00
57.63,-34.37,-63.28,59.33,-10.08,12.37,31.90,138.18,90.00,180.00,-28.36,-63.28,-17.96,10.08,84.94,-31.90,124.41,0.00,-90.00
57.77,-33.72,-63.28,59.71,-10.08,13.29,31.90,140.16,90.00,180.00,-29.92,-63.28,-16.98,10.08,97.74,-31.90,128.81,0.00,-90.00
57.90,-32.92,-63.28,60.05,-10.08,10.27,31.90,139.20,90.00,180.00,-25.27,-63.28,-19.81,10.08,80.84,-31.90,123.98,0.00,-90.00
58.04,-32.28,-63.28,59.88,-10.08,12.78,31.90,138.42,90.00,180.00,-28.94,-63.28,-16.55,10.08,83.82,-31.90,124.04,0.00,-90.00
58.18,-0.10,-63.28,58.50,-10.08,26.62,31.90,122.09,90.00,180.00,-36.47,-63.28,-11.20,10.08,87.28,-31.90,120.81,0.00,-90.00
58.32,2.09,-63.28,63.95,-10.08,34.29,31.90,123.50,90.00,180.00,-30.56,-63.28,-20.37,10.08,81.62,-31.90,125.80,0.00,-90.00
58.45,0.71,-63.28,65.23,-10.08,42.23,31.90,130.07,90.00,180.00,-29.50,-63.28,-21.75,10.08,79.75,-31.90,124.73,0.00,-90.00
58.59,-27.28,-63.28,75.31,-10.08,38.42,31.90,141.68,90.00,180.00,-29.93,-63.28,-20.90,10.08,81.33,-31.90,125.44,0.00,-90.00
58.73,-31.18,-63.28,75.80,-10.08,39.10,31.90,143.54,90.00,180.00,-28.13,-63.28,-23.00,10.08,97.42,-31.90,134.97,0.00,-90.00
58.86,-41.68,-63.28,76.20,-10.08,34.11,31.90,144.84,90.00,180.00,-28.87,-63.28,-22.91,10.08,98.46,-31.90,135.28,0.00,-90.00
59.00,-73.12,-63.28,80.43,-10.08,41.27,31.90,151.56,90.00,180.00,-31.17,-63.28,-19.75,10.08,105.38,-31.90,135.43,0.00,-90.00
59.13,-74.70,-63.28,80.68,-10.08,40.48,31.90,152.21,90.00,180.00,-31.19,-63.28,-19.76,10.08,106.76,-31.90,135.73,0.00,-90.00
59.27,-75.28,-63.28,80.60,-10.08,41.10,31.90,152.58,90.00,180.00,-31.76,-63.28,-19.45,10.08,107.03,-31.90,135.71,0.00,-90.00
59.41,-75.54,-63.28,80.64,-10.08,40.65,31.90,153.02,90.00,180.00,-30.85,-63.28,-21.12,10.08,108.30,-31.90,137.01,0.00,-90.00
59.56,-76.59,-132.68,81.68,-111.32,38.79,130.17,153.09,90.00,180.00,-31.01,-132.68,-21.67,111.32,107.55,49.83,137.27,0.00,-90.00
59.83,-76.85,-63.28,82.00,-10.08,41.48,31.90,153.34,90.00,180.00,-30.85,-63.28,-21.93,10.08,107.31,-31.90,137.43,0.00,-90.00
59.96,-81.11,-63.28,84.97,-10.08,41.49,31.90,152.68,90.00,180.00,-30.85,-63.28,-23.10,10.08,107.79,-31.90,138.39,0.00,-90.00
60.09,-81.16,-132.68,84.84,-111.32,46.64,130.17,152.91,90.00,180.00,-30.45,-132.68,-25.74,111.32,106.20,49.83,140.03,0.00,-90.00
