Timestamp,Kinect left shoulder flex.-ext.,WISE left shoulder flex.-ext.,Kinect left shoulder abd.-add.,WISE left shoulder abd.-add.,Kinect left shoulder int.- ext.,WISE left shoulder int.- ext.,Kinect left elbow flex.-ext.,WISE left elbow flex.-ext.,WISE left forearm pro.- sup.,Kinect right shoulder flex.-ext.,WISE right shoulder flex.-ext.,Kinect right shoulder Abd.-Add.,WISE right shoulder abd.-add.,Kinect right shoulder int.-ext.,WISE right shoulder int.-ext.,Kinect right elbow flex.-ext.,WISE right elbow flex.-ext.,WISE right forearm pro.-sup.
0.00,-33.18,1.05,23.28,37.18,-103.80,-77.38,126.70,95.20,-62.42,136.86,108.11,148.09,109.17,666.00,-71.81,25.92,27.15,11.32
0.23,-31.08,2.29,20.61,37.64,-105.57,-76.08,124.51,95.35,-62.98,143.98,164.56,153.71,145.81,57.06,77.82,30.02,21.43,16.94
0.37,-28.14,3.61,23.94,37.60,-107.59,-75.40,127.03,95.59,-63.44,143.17,168.22,152.19,146.19,59.42,78.34,30.35,33.71,19.85
0.51,-30.34,2.93,23.65,37.17,-107.95,-76.37,127.54,95.17,-62.91,132.26,164.69,138.13,143.89,68.26,79.33,35.30,33.93,19.64
0.64,-31.54,2.74,23.94,37.37,-110.74,-76.23,129.14,95.19,-63.01,109.95,143.88,109.86,124.08,-36.97,-86.54,59.49,46.94,20.46
0.78,-33.45,2.43,19.72,37.91,-108.03,-75.50,126.18,95.45,-62.93,56.35,120.42,61.47,107.45,-34.00,-64.98,65.39,37.25,13.57
0.91,-34.34,2.15,18.73,37.81,-105.26,-75.23,125.17,95.53,-62.36,12.11,59.97,38.20,71.31,29.99,-56.43,62.40,60.22,17.58
1.04,-34.74,-1.60,19.65,38.50,-104.85,-78.51,125.50,95.69,-61.07,-5.17,16.39,14.93,20.86,13.73,-25.83,30.57,81.34,-131.44
1.17,-34.45,0.41,19.29,38.22,-105.74,-78.34,125.83,95.65,-62.04,-8.17,13.14,10.15,10.99,666.00,-26.00,20.80,19.40,-13.61
1.29,-34.24,2.36,19.69,38.73,-107.49,-78.00,127.00,94.83,-62.56,-9.68,11.67,9.10,2.84,666.00,-31.76,21.37,12.82,-15.89
1.42,-33.10,5.38,22.03,39.38,-110.97,-75.50,129.68,95.33,-64.25,-9.31,10.11,8.59,2.33,666.00,-30.50,23.02,14.78,-14.44
1.56,-32.64,4.73,23.67,39.17,-114.19,-75.38,131.61,95.23,-64.65,-7.52,13.08,8.44,5.15,666.00,-25.47,28.74,16.37,-15.37
1.69,-32.30,2.43,24.23,40.34,-114.80,-74.87,131.82,53.54,34.25,-6.02,14.01,8.27,5.52,8.96,-21.44,31.43,23.27,-14.47
1.82,-32.50,0.16,21.61,40.25,-113.41,-74.39,129.50,95.80,-63.11,-4.91,14.71,8.45,6.64,9.85,-18.44,31.12,22.79,-15.65
1.95,-34.12,-1.07,17.06,40.49,-110.92,-74.81,125.88,96.10,-62.47,-4.20,14.55,8.49,6.88,666.00,-15.07,28.65,19.18,-16.95
2.08,-34.58,-0.21,15.96,40.72,-109.65,-74.55,124.53,96.41,-62.80,-4.15,13.48,8.43,6.67,666.00,-17.10,26.00,13.05,-12.81
2.20,-35.02,0.08,16.43,40.41,-109.24,-75.54,124.78,96.28,-62.84,-5.12,11.86,8.67,6.16,666.00,-20.16,24.65,12.62,-15.27
2.34,-32.74,2.66,18.82,40.08,-110.37,-75.63,127.15,95.75,-64.23,-8.46,7.15,20.59,12.48,666.00,-47.88,25.64,5.47,-19.26
2.57,-30.30,3.74,23.08,40.04,-115.19,-75.16,131.27,95.62,-64.64,-11.09,4.14,40.88,22.12,666.00,-60.55,21.55,2.63,-15.04
2.71,-28.67,4.59,27.94,39.80,-119.57,-73.56,134.58,95.66,-65.39,-13.50,2.57,56.51,30.07,666.00,-67.68,23.25,3.94,-14.34
2.87,-30.75,4.68,27.13,39.62,-121.87,-73.07,134.52,95.93,-65.06,-14.23,-15.52,73.91,57.24,666.00,-83.80,26.34,6.69,6.22
3.01,-33.22,3.72,25.22,39.96,-121.74,-72.28,133.55,96.77,-64.26,151.77,-28.33,92.10,68.28,666.00,-86.87,24.27,19.48,23.95
3.14,-34.64,2.61,24.06,38.78,-121.96,-72.21,132.46,96.07,-63.52,154.90,-89.49,105.18,89.87,666.00,-87.60,25.68,16.73,36.39
3.28,-33.35,2.26,27.92,38.46,-123.97,-72.39,133.91,96.10,-63.53,155.21,-125.80,118.24,100.04,666.00,-89.27,24.82,30.40,51.64
3.41,-33.12,1.14,29.73,36.87,-125.03,-73.44,134.58,95.22,-62.07,154.40,-149.84,128.36,109.23,666.00,-86.18,26.83,31.74,56.80
3.54,-34.35,2.09,27.65,36.47,-124.24,-74.25,133.37,94.81,-62.97,151.89,-169.49,132.99,122.61,666.00,-85.96,29.56,26.12,61.60
3.67,-35.09,3.45,27.88,36.76,-123.94,-75.07,134.02,95.15,-63.43,150.24,-174.32,139.73,128.09,666.00,-87.65,28.51,30.09,61.55
3.81,-35.38,3.65,29.49,37.56,135.14,-76.24,161.42,93.66,-64.04,148.36,-178.25,143.38,130.65,666.00,89.58,26.92,29.92,62.32
3.94,-34.65,2.73,31.00,38.38,132.37,-77.50,160.02,95.04,-63.87,148.41,173.54,144.56,135.36,666.00,87.15,26.63,26.94,65.21
4.08,-34.31,3.07,30.66,37.50,137.71,-77.58,160.36,94.80,-63.99,148.83,173.67,140.43,135.64,-83.76,87.54,31.21,27.57,64.50
4.21,-36.19,6.64,29.93,37.28,128.09,-75.77,163.22,95.10,-67.10,147.84,178.54,139.51,135.20,-85.46,87.95,32.11,27.90,63.58
4.34,-37.42,7.53,28.78,38.37,140.98,-73.79,165.56,96.31,-66.00,148.06,-173.22,134.51,131.23,-84.88,-88.72,31.97,30.68,62.79
4.48,-35.36,8.48,31.09,38.57,137.12,-75.31,151.26,95.99,-65.94,148.43,-168.99,128.29,126.23,666.00,89.12,26.80,30.34,64.27
4.61,-36.49,7.01,30.41,38.23,125.78,-75.51,149.59,95.53,-64.77,147.69,-164.57,119.63,118.97,666.00,87.71,21.18,32.07,64.48
4.74,-37.30,7.97,31.15,37.06,128.02,-75.74,151.82,94.31,-66.10,138.27,-143.93,106.97,102.28,666.00,84.59,18.59,40.88,63.74
4.87,-37.12,6.94,30.43,37.50,129.96,-76.24,151.03,94.57,-65.46,94.92,-112.50,90.93,93.09,666.00,-97.46,16.76,25.40,58.21
5.01,-36.24,5.98,30.04,37.61,127.23,-75.57,162.31,94.80,-65.25,18.69,-48.81,73.28,84.26,666.00,-96.22,16.92,20.82,51.33
5.14,-36.45,5.49,28.75,37.77,135.96,-75.46,161.31,94.73,-64.78,0.71,-2.20,56.90,59.41,666.00,86.55,18.34,25.76,35.88
5.27,-35.95,5.96,28.07,38.18,134.31,-74.88,155.49,95.15,-64.84,-3.38,3.10,40.41,48.08,666.00,87.37,16.17,6.27,-6.63
5.41,-35.16,5.58,27.39,38.18,138.21,-74.59,155.43,95.31,-65.22,-4.56,8.60,24.85,34.34,666.00,-89.10,11.93,7.37,-21.87
5.54,-35.07,5.20,26.91,38.69,137.25,-75.60,156.25,95.55,-64.77,-5.22,15.46,15.12,13.51,666.00,-73.96,8.25,6.72,-43.10
5.68,-34.77,5.90,27.36,38.00,134.31,-76.34,154.31,95.28,-65.64,-4.93,18.47,11.04,7.33,666.00,-67.76,8.14,10.52,-51.96
5.80,-34.64,6.88,28.16,37.93,133.02,-76.82,153.66,94.66,-65.49,-4.75,20.23,10.35,5.46,666.00,-64.22,9.72,9.28,-54.32
5.94,-35.75,7.22,28.77,39.24,131.01,-77.07,153.18,95.65,-65.81,-3.85,19.68,11.03,7.43,666.00,-63.16,15.35,4.34,-54.17
6.18,-38.61,5.56,29.28,40.21,137.17,-79.65,157.44,96.25,-65.36,-3.59,19.20,11.98,7.99,666.00,-62.77,15.74,4.86,-53.54
6.33,-39.31,4.02,30.02,42.12,127.76,-84.78,154.54,97.31,-64.94,-3.62,19.51,11.97,7.77,666.00,-61.54,15.19,5.52,-53.28
6.45,-39.33,4.05,29.91,41.95,130.14,-84.51,156.82,97.16,-64.67,-3.59,19.72,12.30,7.30,666.00,-60.56,14.68,6.68,-54.38
6.59,-39.33,3.79,29.53,41.45,136.28,-84.54,158.12,96.68,-63.97,-3.13,19.83,13.57,8.62,666.00,-61.43,14.18,7.91,-54.09
6.72,-39.42,4.15,29.79,41.17,127.94,-84.32,155.19,96.46,-62.98,-2.46,19.07,23.92,12.34,666.00,-65.43,19.26,10.38,-52.14
6.85,-39.45,3.85,29.86,40.56,125.73,-83.62,154.20,96.31,-63.05,-1.53,12.67,42.27,33.93,666.00,-85.85,20.87,9.45,-33.83
6.98,-39.34,3.97,29.81,40.99,126.84,-82.50,155.56,96.44,-62.96,1.72,6.20,60.57,45.71,666.00,-89.21,23.71,4.32,-20.17
7.11,-39.39,2.84,30.16,40.57,140.00,-82.21,158.39,96.34,-62.75,8.22,-2.03,74.25,56.65,666.00,89.69,24.28,2.74,-4.47
7.25,-39.08,3.10,29.79,40.53,132.77,-81.67,156.57,96.46,-62.85,130.07,-25.24,94.02,73.27,666.00,87.62,21.38,7.15,13.75
7.38,-38.92,2.85,30.46,40.09,130.74,-81.35,155.58,96.28,-63.17,158.26,-89.37,108.02,89.87,666.00,-93.58,17.38,23.73,40.83
7.51,-38.88,3.64,30.96,39.01,157.26,-81.16,172.58,95.79,-63.27,158.21,-125.57,116.21,99.40,666.00,-96.40,20.17,28.21,53.10
7.65,-37.97,4.31,31.86,38.91,127.99,-81.15,154.72,95.87,-63.50,163.08,-152.22,130.56,116.09,666.00,85.60,18.09,24.25,63.59
7.78,-36.89,3.76,33.09,38.37,129.70,-81.10,155.15,95.48,-63.82,163.94,-160.33,138.13,123.75,666.00,85.44,22.80,33.34,70.03
7.91,-36.82,4.06,33.26,38.42,129.76,-81.00,157.89,95.32,-63.57,159.84,-163.65,140.69,128.96,89.82,85.77,30.13,35.41,73.61
8.04,-36.92,4.32,35.32,38.62,127.40,-81.08,154.66,95.45,-63.78,158.85,-166.55,144.16,134.43,666.00,86.88,27.60,34.80,79.09
8.18,-36.32,-16.23,35.35,-0.69,127.96,30.70,159.48,95.47,-63.65,159.68,159.35,144.83,171.94,666.00,-161.56,24.28,35.04,82.31
8.31,-35.63,3.21,35.75,38.77,-28.94,-81.48,155.50,95.48,-63.64,159.69,-167.77,142.80,131.00,666.00,85.18,15.20,33.18,82.68
8.44,-35.23,2.98,36.25,38.71,-28.51,-81.53,157.59,95.12,-63.52,159.14,-165.60,137.61,125.26,666.00,82.86,12.59,37.39,82.88
8.58,-35.21,-16.28,36.87,-0.59,-27.15,29.32,159.29,95.16,-63.70,156.94,147.90,130.21,165.93,666.00,-166.34,10.97,29.23,77.34
8.72,-36.33,3.09,36.16,38.45,132.14,-80.63,159.78,95.22,-63.79,150.38,-160.51,117.95,117.62,666.00,82.16,14.29,26.70,72.27
8.84,-36.37,2.39,36.11,38.42,135.38,-80.52,159.45,95.14,-63.29,141.76,-145.78,106.04,103.67,666.00,80.85,17.57,35.34,68.05
8.98,-36.38,-17.65,35.70,-1.93,127.82,30.32,155.72,95.39,-63.39,94.54,121.62,90.79,145.59,666.00,-171.77,15.31,25.30,58.87
9.11,-35.92,2.11,34.98,38.51,127.52,-79.76,155.30,95.40,-63.36,25.62,-62.66,76.07,86.46,666.00,-99.74,10.55,21.16,50.83
9.25,-36.06,2.07,33.31,38.77,137.49,-79.81,162.13,95.54,-63.31,4.79,-2.89,58.33,63.64,666.00,82.18,14.61,18.95,31.31
9.38,-35.58,2.44,32.93,38.45,132.41,-79.44,162.81,95.17,-63.53,-0.81,2.91,44.92,54.44,666.00,82.87,11.26,10.94,3.47
9.51,-36.33,2.93,31.91,38.70,130.50,-79.74,153.31,95.32,-63.55,-2.63,6.63,34.51,44.68,666.00,85.95,10.24,16.37,-8.46
9.64,-36.86,3.37,32.07,38.85,130.65,-80.18,154.32,95.20,-63.68,-3.70,13.65,24.60,25.57,666.00,-86.65,11.17,11.49,-24.02
9.78,-37.49,-18.48,32.80,-0.95,126.62,32.48,151.82,94.93,-64.05,-2.29,39.98,16.52,8.05,666.00,0.81,9.70,14.87,-41.93
9.91,-37.33,4.14,33.14,39.28,126.59,-80.36,157.75,95.12,-64.06,-1.43,19.67,11.55,13.12,666.00,-67.25,8.80,13.48,-48.59
10.04,-37.25,4.31,33.65,39.30,129.31,-80.99,159.32,95.31,-63.92,-1.20,24.30,10.09,6.88,666.00,-59.43,9.09,12.90,-54.74
10.18,-37.69,-18.25,33.41,-1.27,120.07,31.18,153.73,95.02,-63.49,-1.10,31.60,11.07,-3.82,666.00,14.96,11.20,11.82,-52.46
10.30,-36.67,3.10,33.65,39.23,123.78,-80.69,153.29,95.26,-63.21,-1.49,20.51,14.28,11.28,666.00,-62.35,15.20,11.90,-49.39
10.44,-36.53,2.46,33.43,39.19,125.29,-80.88,152.68,95.07,-62.79,-1.70,18.52,22.63,15.61,666.00,-65.69,15.57,13.30,-44.68
10.57,-36.33,-19.14,32.93,-2.25,128.41,30.62,152.29,94.95,-62.35,0.13,47.79,34.98,10.05,666.00,7.61,17.96,14.91,-41.51
10.70,-36.68,1.78,31.71,39.12,122.90,-81.06,153.31,95.09,-62.14,3.62,14.60,48.78,36.92,666.00,-81.97,21.51,14.08,-32.17
10.84,-36.89,1.05,31.58,38.90,125.94,-80.76,156.13,95.10,-61.98,13.39,11.94,64.02,59.58,666.00,-88.08,21.78,18.92,-14.39
10.97,-37.36,-19.45,31.21,-3.54,128.09,30.16,154.94,95.13,-62.04,26.94,89.41,75.12,87.89,666.00,-78.80,22.74,4.05,12.75
11.12,-37.19,0.53,30.08,39.05,128.46,-80.11,155.67,95.89,-61.99,101.74,1.94,92.21,76.67,666.00,-89.45,18.31,11.89,26.91
11.25,-37.52,0.23,29.92,38.61,130.02,-80.29,158.19,95.26,-61.91,140.91,-142.89,105.75,94.94,666.00,89.87,17.91,4.36,35.68
11.37,-37.47,0.16,29.78,38.37,132.48,-80.21,156.23,95.48,-61.86,152.08,-156.51,116.20,103.65,666.00,-89.91,13.26,21.28,54.13
11.51,-37.44,0.20,30.40,38.00,132.52,-80.34,156.34,95.09,-61.84,155.77,-162.22,124.89,110.51,666.00,-89.36,13.95,22.34,59.40
11.64,-36.96,1.56,30.57,37.92,132.98,-79.74,157.38,95.07,-62.90,159.48,-166.23,133.67,122.63,666.00,89.26,13.40,17.62,63.64
11.78,-36.31,-18.89,31.48,-1.25,130.43,31.23,154.53,94.96,-63.02,159.84,150.22,140.58,169.31,666.00,-160.56,12.08,23.79,66.34
11.91,-35.87,2.39,31.87,37.94,128.83,-80.28,160.86,94.80,-63.23,157.29,-171.40,142.44,132.38,666.00,85.59,18.82,25.28,67.56
12.05,-35.47,1.91,32.69,38.21,127.21,-80.74,156.34,94.75,-62.98,157.60,-173.54,144.64,136.57,666.00,84.76,21.82,25.44,68.71
12.17,-35.36,1.55,32.81,38.16,134.33,-81.10,157.16,94.67,-62.74,157.30,-174.19,145.19,137.00,666.00,84.70,20.96,27.85,68.88
12.31,-35.16,1.17,33.08,38.14,129.97,-80.93,159.42,94.93,-62.79,157.60,-174.60,145.78,136.57,666.00,84.19,17.21,26.52,69.49
12.44,-34.92,1.31,33.45,38.18,133.26,-81.02,159.70,94.75,-62.85,157.57,-174.38,145.84,134.77,666.00,83.36,12.41,26.25,70.13
12.58,-34.58,-17.04,33.68,-1.06,131.16,29.65,159.26,94.78,-62.84,157.41,155.64,143.59,174.71,666.00,-166.35,9.88,24.53,69.89
12.71,-34.58,1.72,34.37,38.28,131.22,-81.05,160.05,94.75,-62.98,157.52,-173.37,139.85,131.23,666.00,83.20,9.77,23.79,69.25
12.84,-34.67,2.00,35.04,37.97,-26.77,-80.99,157.66,94.75,-62.98,157.26,-170.85,135.14,126.08,666.00,82.29,8.72,27.12,68.85
12.98,-35.02,-16.99,35.29,-1.19,-25.67,29.29,158.64,94.59,-63.22,156.59,147.12,129.01,168.83,666.00,-167.36,8.28,24.32,68.03
13.11,-35.75,2.15,34.97,37.72,148.35,-80.46,171.92,94.55,-63.20,154.82,-166.41,120.09,120.36,666.00,81.84,11.80,24.29,66.85
13.25,-36.53,2.53,34.70,37.66,134.39,-80.22,161.31,94.39,-63.38,150.28,-158.38,110.66,111.04,666.00,80.68,13.44,29.09,64.16
13.39,-36.71,2.66,34.37,37.58,134.42,-80.13,161.53,94.31,-63.48,123.22,-148.66,95.49,102.30,666.00,80.90,14.40,22.50,56.32
13.54,-36.82,2.32,33.83,37.58,134.83,-79.69,160.11,94.19,-63.39,14.39,-4.22,72.22,74.03,666.00,79.52,13.37,7.47,26.87
13.80,-36.63,2.44,33.49,37.52,130.35,-79.59,156.12,94.16,-63.40,-0.79,2.49,51.35,66.24,666.00,82.21,14.27,3.05,11.04
13.94,-36.88,3.10,32.01,37.63,131.68,-79.78,162.80,94.21,-63.81,-0.53,44.05,43.48,-12.05,666.00,-96.63,13.98,108.95,58.12
14.07,-37.18,3.51,31.74,37.91,128.36,-80.03,156.12,94.36,-63.80,-0.27,14.53,32.60,41.21,666.00,-89.49,10.38,17.76,-24.87
14.21,-37.43,2.75,30.74,37.95,129.01,-79.96,153.73,94.45,-63.58,-0.17,16.55,21.03,32.96,666.00,-84.46,8.89,19.01,-33.64
14.34,-37.89,2.13,30.11,38.28,127.04,-80.40,152.95,94.29,-63.19,0.06,21.70,13.70,13.84,666.00,-61.59,8.28,15.48,-50.87
14.47,-38.03,2.34,30.01,38.62,133.77,-80.92,157.96,94.62,-63.19,0.03,23.42,11.86,10.49,666.00,-58.57,7.77,13.88,-49.99
14.60,-37.98,2.56,29.99,38.53,118.97,-81.21,153.86,94.47,-63.14,0.26,24.01,12.21,9.67,666.00,-56.74,10.48,12.36,-50.09
14.74,-38.04,2.61,29.71,38.88,126.85,-81.20,152.67,94.64,-63.38,0.80,99.13,14.20,-104.27,666.00,-169.08,14.70,175.01,134.41
14.87,-38.19,2.61,30.00,38.88,123.38,-81.20,153.50,94.64,-63.38,1.14,21.05,19.54,17.67,666.00,-61.35,14.04,13.14,-41.72
15.01,-38.01,2.61,29.56,38.88,137.26,-81.20,156.75,94.64,-63.38,1.18,19.00,27.54,23.66,666.00,-72.18,17.62,13.74,-36.50
15.14,-38.04,2.61,29.45,38.88,129.89,-81.20,154.37,94.64,-63.38,2.45,17.08,38.65,37.02,666.00,-80.12,16.70,17.98,-27.93
15.28,-38.08,2.61,29.24,38.88,125.30,-81.20,153.97,94.64,-63.38,7.36,16.40,50.73,45.23,666.00,-83.85,19.36,10.05,-17.37
15.42,-38.09,2.61,29.26,38.88,129.02,-81.20,154.56,94.64,-63.38,16.91,16.44,63.57,54.46,666.00,-87.52,22.67,4.96,-6.45
15.54,-38.22,2.61,29.31,38.88,131.13,-81.20,156.28,94.64,-63.38,34.13,17.74,74.82,72.75,666.00,88.15,22.29,5.57,6.38
15.68,-38.08,2.61,29.33,38.88,125.84,-81.20,155.84,94.64,-63.38,95.42,24.96,91.32,83.58,666.00,87.04,19.19,15.89,28.03
15.81,-38.11,2.61,29.75,38.88,127.90,-81.20,155.66,94.64,-63.38,135.12,145.23,105.66,91.67,666.00,86.37,18.58,23.10,38.15
15.95,-37.82,2.61,30.05,38.88,129.83,-81.20,156.09,94.64,-63.38,145.83,-172.21,114.99,108.13,666.00,85.56,14.60,15.60,44.59
16.07,-37.85,2.61,30.19,38.88,128.67,-81.20,157.19,94.64,-63.38,152.66,-171.32,126.56,116.03,666.00,84.97,13.90,24.90,54.06
16.21,-37.42,2.61,30.68,38.88,128.64,-81.20,155.69,94.64,-63.38,154.85,-171.65,134.93,121.48,666.00,84.84,15.31,26.39,56.96
16.34,-36.75,2.61,31.46,38.88,129.92,-81.20,154.19,94.64,-63.38,155.04,-172.52,142.13,133.95,666.00,82.59,17.64,21.20,60.01
16.47,-36.33,2.61,31.79,38.88,129.40,-81.20,156.06,94.64,-63.38,154.24,-172.52,144.20,133.95,666.00,82.59,21.95,31.57,61.78
16.61,-35.91,2.61,31.93,38.88,130.64,-81.20,154.05,94.64,-63.38,154.22,-172.52,145.02,133.95,666.00,82.59,20.37,32.97,61.64
16.74,-36.14,2.61,31.95,38.88,126.76,-81.20,158.31,94.64,-63.38,154.31,-172.52,146.14,133.95,666.00,82.59,17.53,32.87,61.46
16.88,-36.33,2.61,32.31,38.88,131.81,-81.20,154.25,94.64,-63.38,154.36,-172.52,146.13,133.95,666.00,82.59,15.47,32.87,61.46
17.00,-36.61,2.61,32.51,38.88,128.53,-81.20,158.34,94.64,-63.38,153.88,-172.52,143.75,133.95,666.00,82.59,13.00,32.87,61.46
17.14,-36.74,2.61,33.73,38.88,127.43,-81.20,157.78,94.64,-63.38,153.01,-23.35,137.82,-6.49,666.00,-82.52,11.50,173.72,60.66
17.27,-36.69,2.61,34.88,38.88,128.65,-81.20,156.55,94.64,-63.38,149.52,-172.52,128.02,133.95,666.00,82.59,8.87,32.87,61.46
17.41,-37.11,2.61,36.27,38.88,145.51,-81.20,171.17,94.64,-63.38,140.62,-172.52,115.53,133.95,666.00,82.59,12.73,32.87,61.46
17.54,-37.61,2.61,35.21,38.88,128.01,-81.20,156.66,94.64,-63.38,119.60,-172.52,100.36,133.95,666.00,82.59,16.08,32.87,61.46
17.68,-39.27,2.61,36.07,38.88,166.58,-81.20,167.30,94.64,-63.38,67.85,-172.52,83.77,133.95,666.00,82.59,21.20,32.87,61.46
17.80,-39.13,2.61,34.28,38.88,121.18,-81.20,154.64,94.64,-63.38,32.59,-172.52,70.46,133.95,666.00,82.59,17.87,32.87,61.46
17.94,-39.05,2.61,33.19,38.88,127.91,-81.20,161.68,94.64,-63.38,14.48,-23.35,58.41,-6.49,666.00,-82.52,14.93,173.72,60.66
18.07,-38.68,2.61,31.17,38.88,127.17,-81.20,156.08,94.64,-63.38,5.95,-172.52,46.71,133.95,666.00,82.59,13.52,32.87,61.46
18.20,-38.31,2.61,29.30,38.88,128.04,-81.20,156.18,94.64,-63.38,2.23,-172.52,35.45,133.95,666.00,82.59,12.87,32.87,61.46
18.34,-38.49,2.61,28.80,38.88,129.69,-81.20,155.30,94.64,-63.38,0.90,-172.52,26.52,133.95,666.00,82.59,9.57,32.87,61.46
18.48,-38.57,2.61,28.99,38.88,124.35,-81.20,154.27,94.64,-63.38,0.52,-172.52,18.24,133.95,666.00,82.59,9.02,32.87,61.46
18.61,-38.62,2.61,29.56,38.88,124.47,-81.20,153.45,94.64,-63.38,0.75,-172.52,13.85,133.95,666.00,82.59,8.44,32.87,61.46
18.72,-38.67,2.61,30.02,38.88,124.36,-81.20,152.74,94.64,-63.38,0.86,-172.52,12.88,133.95,666.00,82.59,8.64,32.87,61.46
18.85,-38.70,2.61,31.52,38.88,122.93,-81.20,151.59,94.64,-63.38,1.10,-172.52,12.55,133.95,666.00,82.59,10.90,32.87,61.46
18.98,-39.05,2.61,31.26,38.88,123.82,-81.20,153.47,94.64,-63.38,1.15,-172.52,13.94,133.95,666.00,82.59,14.24,32.87,61.46
19.12,-39.57,2.61,31.28,38.88,122.18,-81.20,154.94,94.64,-63.38,2.02,-172.52,18.64,133.95,666.00,82.59,13.84,32.87,61.46
19.26,-39.78,2.61,31.11,38.88,123.50,-81.20,152.99,94.64,-63.38,3.74,-172.52,25.15,133.95,666.00,82.59,16.98,32.87,61.46
19.40,-39.91,2.61,30.44,38.88,122.34,-81.20,154.95,94.64,-63.38,8.19,-172.52,40.29,133.95,666.00,82.59,19.22,32.87,61.46
19.54,-39.93,2.61,30.18,38.88,123.50,-81.20,154.95,94.64,-63.38,18.82,-23.35,55.69,-6.49,666.00,-82.52,22.19,173.72,60.66
19.68,-39.91,2.61,29.75,38.88,127.61,-81.20,155.34,94.64,-63.38,30.37,-172.52,68.31,133.95,666.00,82.59,23.94,32.87,61.46
19.80,-39.38,2.61,29.27,38.88,131.81,-81.20,156.23,94.64,-63.38,51.71,-172.52,79.21,133.95,666.00,82.59,23.43,32.87,61.46
19.92,-39.47,2.61,29.22,38.88,128.50,-81.20,157.60,94.64,-63.38,92.26,-23.35,90.63,-6.49,666.00,-82.52,20.21,173.72,60.66
20.06,-39.39,2.61,29.81,38.88,130.32,-81.20,157.12,94.64,-63.38,126.72,-172.52,103.29,133.95,666.00,82.59,17.43,32.87,61.46
20.20,-38.84,2.61,30.68,38.88,131.49,-81.20,157.49,94.64,-63.38,143.42,-172.52,114.77,133.95,666.00,82.59,16.60,32.87,61.46
20.32,-38.44,2.61,30.72,38.88,132.56,-81.20,156.00,94.64,-63.38,148.50,-23.35,122.69,-6.49,666.00,-82.52,17.69,173.72,60.66
20.45,-37.79,2.61,31.27,38.88,128.27,-81.20,154.82,94.64,-63.38,153.92,-172.52,132.88,133.95,666.00,82.59,19.40,32.87,61.46
20.57,-36.73,2.61,31.94,38.88,130.57,-81.20,156.18,94.64,-63.38,155.78,-172.52,138.92,133.95,666.00,82.59,21.44,32.87,61.46
20.71,-36.41,2.61,32.55,38.88,129.78,-81.20,156.34,94.64,-63.38,155.67,-172.52,140.62,133.95,666.00,82.59,21.86,32.87,61.46
20.84,-35.93,2.61,32.58,38.88,127.44,-81.20,153.68,94.64,-63.38,153.70,-172.52,138.69,133.95,666.00,82.59,19.83,32.87,61.46
20.98,-36.14,-19.64,32.54,-1.93,130.16,30.39,154.05,94.64,-63.38,148.93,154.89,132.26,175.82,666.00,-165.45,18.12,32.87,61.46
21.12,-36.71,2.61,32.27,38.88,125.16,-81.20,157.26,94.64,-63.38,140.39,-172.52,120.00,133.95,666.00,82.59,21.30,32.87,61.46
21.25,-37.15,2.61,31.14,38.88,131.29,-81.20,157.19,94.64,-63.38,114.72,-172.52,98.50,133.95,-59.51,82.59,30.58,32.87,61.46
21.39,-36.09,2.61,27.87,38.88,138.31,-81.20,158.51,94.64,-63.38,3.98,-172.52,63.77,133.95,-37.14,82.59,48.05,32.87,61.46
21.51,-35.94,2.61,24.75,38.88,143.33,-81.20,159.20,94.64,-63.38,-10.84,-172.52,32.66,133.95,-14.32,82.59,37.02,32.87,61.46
21.64,-38.47,2.61,22.48,38.88,142.50,-81.20,162.22,94.64,-63.38,-9.49,-172.52,9.09,133.95,666.00,82.59,23.66,32.87,61.46
21.77,-39.32,-19.64,22.29,-1.93,141.01,30.39,163.51,94.64,-63.38,-11.47,154.89,7.58,175.82,666.00,-165.45,29.67,32.87,61.46
21.90,-40.41,2.61,24.13,38.88,133.35,-81.20,163.12,94.64,-63.38,-5.84,-172.52,13.55,133.95,666.00,82.59,24.81,32.87,61.46
22.04,-38.10,2.61,21.97,38.88,148.88,-81.20,160.62,94.64,-63.38,0.07,-172.52,15.64,133.95,666.00,82.59,23.47,32.87,61.46
22.17,-39.21,-19.64,18.57,-1.93,159.83,30.39,162.30,94.64,-63.38,-0.67,154.89,19.06,175.82,24.61,-165.45,45.74,95.46,54.41
22.30,-38.19,-11.38,17.53,38.52,-163.11,87.30,158.03,93.90,-53.31,2.44,-172.52,18.57,133.95,31.42,82.59,52.00,95.46,54.41
22.43,-40.84,-11.57,22.78,36.88,-162.58,85.66,159.48,92.27,-52.93,2.46,-172.52,19.71,133.95,46.38,82.59,75.72,95.46,54.41
22.57,-41.16,-22.37,23.97,-14.76,-159.08,16.97,158.60,92.34,-52.28,-1.03,154.89,23.62,175.82,47.35,-165.45,75.82,95.46,54.41
22.70,-42.44,-5.21,25.56,45.12,-159.07,-75.39,159.23,100.48,-61.65,-2.60,-159.80,24.85,131.33,47.97,-78.36,60.96,140.42,168.30
22.84,-43.65,-6.87,27.28,43.49,-161.78,-78.81,159.69,98.74,-61.35,-3.92,14.83,18.52,12.29,33.48,13.02,42.59,46.02,-34.91
22.97,-40.46,-32.11,28.02,-2.31,-166.33,26.44,157.24,99.07,-61.18,-3.69,22.87,10.83,-2.23,666.00,69.89,27.12,20.27,-41.38
23.09,-38.03,-2.98,26.58,44.50,-167.56,-78.64,154.94,98.25,-63.19,-3.41,16.18,10.10,8.11,666.00,-11.72,17.73,5.37,-40.38
23.22,-38.03,-3.84,23.03,45.01,-165.53,-77.02,154.41,98.21,-63.23,-6.06,9.00,11.61,7.44,666.00,-17.38,18.38,3.12,-25.83
23.35,-35.37,-4.66,26.02,46.30,-171.16,-76.97,153.66,98.59,-63.10,-8.14,6.36,9.46,4.81,666.00,-21.31,19.96,3.18,-24.29
23.47,-32.57,-9.00,27.37,47.26,-172.58,-77.01,152.27,98.53,-62.62,-8.52,5.14,6.18,2.42,666.00,-19.23,21.25,4.13,-22.35
23.61,-32.80,141.55,24.27,-135.10,-169.87,67.13,152.66,87.61,-40.02,-8.33,5.78,9.04,2.02,666.00,-17.05,25.15,5.93,-19.03
23.72,-31.77,-7.26,22.28,48.33,-167.65,-77.33,151.82,98.30,-62.78,-7.54,6.92,13.29,6.55,666.00,-23.12,27.21,8.31,-11.38
23.84,-33.55,-6.31,19.79,47.41,170.75,-78.28,163.80,97.56,-63.04,-5.40,8.07,26.83,13.75,666.00,-33.77,25.37,87.32,135.72
23.97,-34.99,-4.42,20.62,46.70,162.26,-78.04,161.04,97.30,-63.76,-5.55,7.56,46.47,27.00,666.00,-49.47,23.17,4.01,-9.26
24.11,-35.53,-4.52,21.57,46.29,160.13,-77.95,163.46,97.62,-63.65,-1.45,6.80,65.62,41.07,666.00,-62.02,20.79,4.14,1.63
24.22,-36.05,-2.85,21.94,44.39,158.29,-77.67,163.55,96.30,-64.63,7.69,1.21,77.52,70.48,666.00,-78.18,22.08,2.84,23.66
24.35,-35.42,-3.30,24.05,44.30,154.64,-78.31,162.32,96.60,-64.15,142.62,-6.06,98.80,84.18,666.00,-81.85,19.47,1.91,33.53
24.49,-33.59,-0.56,26.10,43.48,-158.44,-79.15,167.27,55.56,43.10,156.59,-177.65,117.00,98.54,666.00,-86.94,12.29,25.07,54.85
24.62,-35.96,2.71,29.24,44.03,143.17,-78.15,160.59,95.84,-66.01,155.75,-176.51,132.41,111.60,666.00,88.12,20.27,22.54,61.43
24.76,-36.43,3.14,31.15,43.28,138.25,-78.55,159.14,95.56,-66.23,155.01,-178.39,141.61,130.99,666.00,86.17,25.51,24.17,67.67
24.89,-36.16,2.82,31.81,43.17,137.83,-78.83,159.13,53.96,44.99,155.75,179.93,148.43,136.41,666.00,84.57,20.61,32.76,65.30
25.02,-36.28,1.55,32.29,42.58,133.87,-78.68,156.83,95.02,-65.24,155.48,177.54,150.18,138.38,666.00,83.02,18.97,30.57,66.38
25.16,-36.30,1.36,33.09,42.45,141.73,-78.78,151.09,94.96,-65.26,155.13,176.14,149.59,136.74,666.00,83.99,18.53,29.46,66.68
25.31,-35.92,1.26,33.49,42.40,136.18,-79.00,161.09,54.82,45.62,155.95,176.18,147.14,135.55,666.00,83.79,16.31,29.31,66.27
25.42,-35.80,2.07,33.68,42.47,142.43,-78.29,159.55,94.78,-65.56,156.73,178.85,143.76,131.54,666.00,84.19,15.57,30.68,64.59
25.56,-35.63,1.87,33.75,42.53,140.66,-78.30,160.10,94.93,-65.58,156.90,-179.76,137.31,127.54,666.00,84.65,14.52,29.49,64.40
25.70,-35.88,2.84,33.75,42.74,139.41,-77.78,160.86,55.24,45.34,152.43,-177.51,120.16,123.56,666.00,85.79,20.34,27.85,63.36
25.84,-36.01,3.74,33.75,43.90,132.16,-75.36,161.73,94.53,-65.94,135.03,-169.04,104.00,103.16,666.00,-89.00,18.87,39.02,58.65
25.97,-36.15,3.89,33.08,44.38,131.98,-74.76,156.63,94.78,-66.00,60.74,-138.73,83.46,91.56,666.00,-89.06,24.82,24.71,49.71
26.09,-36.05,2.66,32.39,44.20,130.17,-74.54,159.75,94.66,-66.05,25.54,9.83,69.71,80.42,666.00,-87.71,19.42,23.57,44.00
26.22,-35.81,2.08,31.70,44.01,143.61,-74.87,161.56,94.53,-65.80,10.80,12.64,55.37,69.45,666.00,-86.83,16.72,11.27,29.68
26.35,-35.75,1.83,29.96,44.24,132.10,-74.99,157.88,94.55,-65.82,3.50,13.27,40.70,44.69,666.00,-82.05,12.71,3.46,5.17
26.49,-36.52,2.81,29.26,44.24,129.00,-75.04,156.83,59.01,41.53,0.57,13.49,30.05,40.53,666.00,-80.14,12.20,9.91,-2.09
26.62,-37.12,3.76,29.70,44.84,126.07,-75.78,155.08,94.46,-66.21,-1.20,14.11,20.57,21.92,666.00,-69.72,12.08,5.29,-10.28
26.77,-37.48,4.67,30.60,45.08,126.87,-76.14,155.61,94.55,-66.35,-1.00,17.40,14.19,7.18,666.00,-56.68,10.46,2.63,-20.75
26.94,-37.54,5.47,31.02,45.04,130.14,-77.04,153.19,93.90,-66.72,-0.74,19.48,11.81,4.07,666.00,-52.50,11.57,2.66,-24.20
27.05,-37.34,5.93,30.87,46.10,127.45,-77.42,153.61,94.43,-66.84,-0.69,19.66,11.80,3.76,666.00,-50.65,12.60,2.24,-25.48
27.19,-37.20,5.84,30.65,46.29,125.35,-77.30,151.67,94.61,-66.89,0.00,18.73,13.36,5.30,666.00,-52.28,15.09,2.04,-25.31
27.34,-37.08,4.56,30.82,46.07,129.68,-77.32,153.26,94.41,-66.45,1.18,17.82,17.71,7.68,666.00,-53.89,16.34,2.61,-23.92
27.47,-37.20,3.95,30.71,45.74,127.98,-76.96,152.44,94.59,-66.00,2.92,16.14,25.88,16.22,666.00,-61.38,16.81,5.22,-19.25
27.61,-36.96,141.26,30.31,-129.83,126.83,58.70,155.18,84.75,-34.51,6.03,16.48,36.98,22.39,666.00,-65.31,18.93,4.13,-13.69
27.74,-36.97,2.94,30.13,45.22,122.40,-76.22,154.47,94.55,-65.69,14.08,18.48,50.61,43.74,666.00,-75.37,21.44,12.25,-3.33
27.87,-36.12,2.96,29.07,44.97,136.42,-75.92,156.84,94.63,-65.96,29.26,19.51,65.87,49.49,666.00,-77.80,22.46,8.86,13.28
28.01,-36.12,138.32,28.46,-127.02,129.91,56.53,154.92,81.57,-32.27,76.57,24.28,85.34,65.85,666.00,-82.28,18.03,12.61,27.15
28.15,-36.24,1.47,29.14,44.75,133.81,-75.45,157.61,95.15,-65.21,120.84,65.46,103.56,87.17,666.00,-84.08,14.94,22.98,47.26
28.29,-35.72,1.43,29.52,44.76,134.14,-75.45,157.83,95.22,-64.72,133.41,157.62,112.60,98.58,666.00,-84.59,17.59,21.78,53.14
28.42,-35.07,1.23,29.53,44.44,135.74,-75.82,159.15,95.79,-63.96,141.62,168.31,124.48,107.69,666.00,-85.00,17.95,20.09,56.24
28.56,-34.45,1.03,29.85,43.99,137.31,-75.86,156.77,95.78,-64.28,145.71,170.54,134.04,119.42,666.00,-88.72,21.05,26.28,56.73
28.81,-35.92,-0.37,33.27,42.45,134.00,-77.22,156.60,96.39,-62.85,147.26,170.24,146.69,133.21,666.00,-89.26,23.29,27.93,59.75
29.04,-36.05,-0.40,33.14,42.36,131.07,-77.41,158.23,96.31,-62.77,146.86,170.77,144.72,132.01,666.00,-89.89,22.29,28.34,60.51
29.17,-34.91,0.04,32.08,42.15,144.26,-77.36,157.28,96.16,-63.16,147.75,171.39,142.88,128.08,666.00,89.48,18.12,28.21,60.28
29.30,-34.24,1.08,32.38,42.22,145.23,-77.03,159.18,95.90,-63.67,148.23,172.82,136.00,125.53,666.00,88.87,17.89,27.88,60.24
29.44,-33.80,0.58,32.58,42.26,146.85,-76.83,159.89,96.19,-63.09,145.43,175.39,126.30,115.72,666.00,-89.31,18.69,32.74,58.54
29.57,-33.60,0.22,33.09,42.72,135.37,-77.32,155.74,96.35,-62.85,137.18,174.65,112.48,109.97,666.00,-89.75,20.67,28.47,58.00
29.71,-34.16,0.08,32.57,42.73,135.31,-76.64,158.09,96.41,-63.29,110.80,171.59,96.36,100.70,666.00,-88.31,22.18,27.43,54.08
29.84,-33.96,-0.49,31.84,42.92,144.47,-75.66,160.12,96.31,-62.88,35.27,9.17,73.70,78.01,666.00,-87.26,24.88,40.58,49.13
29.98,-34.15,-0.40,30.04,43.40,138.80,-75.69,157.10,96.68,-62.83,6.54,7.41,54.69,65.74,666.00,-86.31,19.43,15.06,21.00
30.11,-34.16,-0.83,28.55,43.82,143.24,-75.95,159.52,96.17,-64.05,-2.93,8.10,41.05,51.23,666.00,-83.25,12.79,2.63,-1.93
30.23,-34.27,0.46,28.20,44.76,149.92,-76.10,152.16,96.48,-64.26,-4.39,10.77,27.14,25.45,666.00,-73.95,10.22,13.48,155.92
30.37,-34.48,1.21,28.59,44.61,137.47,-76.33,158.07,96.51,-64.78,-4.47,12.56,17.51,12.96,666.00,-67.79,8.77,7.28,-28.43
30.49,-34.57,2.09,29.82,44.10,136.39,-76.61,158.92,95.46,-65.06,-4.24,14.39,13.91,6.43,666.00,-59.78,8.71,6.11,-34.18
30.62,-34.65,4.09,30.52,45.10,131.78,-76.87,156.20,96.31,-66.24,-3.75,16.12,12.60,2.39,666.00,-55.35,9.67,4.87,-36.07
30.74,-34.74,4.35,30.79,44.95,129.18,-76.72,155.70,96.07,-66.31,-2.67,16.48,13.49,4.20,666.00,-54.50,12.50,2.28,-36.27
30.87,-35.31,4.45,30.53,45.38,129.02,-76.39,155.95,96.28,-66.31,-1.60,16.41,15.42,6.17,666.00,-55.75,14.99,2.06,-34.74
31.02,-34.43,3.33,27.47,45.22,135.40,-75.97,158.34,96.80,-66.48,-0.73,15.55,21.18,9.85,666.00,-56.29,13.73,4.05,-33.18
31.17,-34.10,1.21,24.11,44.53,141.46,-76.95,159.63,96.31,-65.71,-0.79,13.56,31.53,19.38,666.00,-64.75,14.65,8.68,-28.17
31.31,-33.75,0.77,23.04,44.84,142.36,-76.84,159.06,96.69,-65.56,0.19,12.55,44.09,24.36,666.00,-68.50,15.17,6.05,-23.60
31.49,-33.88,0.66,23.32,44.37,143.26,-76.80,158.73,96.48,-65.44,6.75,11.78,58.87,45.39,666.00,-77.27,20.10,2.06,149.35
31.62,-33.72,1.13,23.63,43.82,143.03,-76.67,158.78,96.33,-65.92,18.43,11.87,73.16,55.14,666.00,-78.67,20.04,3.72,4.33
31.76,-33.57,1.59,24.54,43.65,140.00,-76.17,159.96,96.33,-66.28,108.52,21.07,93.75,77.07,666.00,-83.13,14.91,12.80,32.25
31.92,-33.75,1.33,25.65,43.53,142.61,-76.26,159.72,97.15,-66.25,142.16,81.52,114.07,89.34,666.00,-83.08,11.05,13.56,40.42
32.06,-33.80,-0.26,26.27,42.64,142.30,-76.65,158.36,96.43,-65.75,147.49,170.28,127.41,110.90,666.00,-86.72,15.65,17.02,53.07
32.20,-33.51,-0.06,28.19,42.38,140.29,-77.05,157.73,96.32,-66.02,149.63,172.57,142.27,119.25,666.00,-87.38,12.72,20.71,58.28
32.34,-33.50,0.53,29.69,42.00,137.87,-77.45,157.68,95.86,-66.13,149.20,-22.40,150.92,-22.27,666.00,-73.73,17.16,172.00,63.77
32.49,-33.32,0.24,30.53,41.74,140.08,-77.92,158.23,95.88,-65.93,148.93,169.77,156.00,138.73,666.00,88.14,18.46,22.94,59.72
32.67,-33.12,-1.24,29.43,41.04,142.99,-78.64,156.99,95.83,-65.63,148.16,169.24,153.93,138.76,666.00,85.77,14.82,21.61,61.51
32.91,-32.11,-0.91,29.63,40.75,141.81,-78.98,154.09,95.75,-65.60,147.87,168.78,149.09,135.78,666.00,85.53,10.70,21.22,62.29
33.05,-31.69,0.01,30.26,41.25,147.49,-78.32,156.48,95.87,-65.98,147.68,169.37,143.00,128.72,666.00,85.61,7.74,25.02,62.55
33.17,-31.39,0.13,31.81,41.23,-20.49,-78.64,158.07,95.46,-66.25,146.55,169.35,133.05,124.81,666.00,85.49,10.73,21.19,62.14
33.32,-31.56,0.64,32.09,41.19,-16.32,-78.18,153.25,95.63,-66.40,143.05,170.10,122.28,119.74,666.00,86.07,11.07,21.31,60.64
33.49,-31.74,0.78,32.36,41.51,-23.13,-77.79,153.55,95.69,-66.69,131.50,166.54,106.77,107.49,666.00,87.04,12.36,166.17,-151.64
33.63,-31.75,1.39,31.58,41.80,147.03,-76.71,158.82,95.68,-66.89,86.85,158.95,89.28,98.80,666.00,87.48,16.85,16.94,50.60
33.76,-32.85,1.54,30.85,41.78,149.33,-76.41,159.82,95.44,-66.76,31.69,24.57,73.32,79.61,666.00,89.05,15.77,7.93,34.48
33.90,-34.68,3.11,30.20,42.48,134.00,-76.62,157.00,95.28,-67.69,5.73,15.90,48.13,57.10,666.00,-86.70,12.64,5.74,9.73
34.12,-35.39,3.77,29.83,42.70,132.68,-76.60,155.44,95.07,-67.98,2.46,15.57,35.47,45.08,666.00,-83.17,11.85,9.45,-4.91
34.25,-36.37,4.21,30.96,42.86,129.49,-77.38,154.20,94.79,-68.28,2.42,18.77,24.41,21.73,666.00,-71.53,7.89,10.11,149.70
34.44,-37.50,5.46,31.72,43.03,122.80,-78.08,154.98,94.75,-68.50,1.91,19.78,14.37,13.67,666.00,-61.53,7.96,7.64,-28.99
34.57,-37.35,5.73,31.95,44.10,120.76,-78.68,154.66,94.96,-68.83,1.83,22.42,11.87,4.40,666.00,-56.41,8.77,4.93,-33.74
34.70,-37.19,5.83,31.22,44.20,123.05,-78.50,152.85,94.61,-68.90,2.09,22.53,11.88,4.11,666.00,-54.78,11.65,4.06,-34.26
34.83,-36.97,5.37,30.52,44.37,123.61,-79.00,154.73,94.79,-68.34,2.76,22.38,12.95,6.46,666.00,-53.80,13.23,4.29,-34.75
34.97,-36.92,-21.08,29.68,6.65,129.69,29.41,161.84,95.09,-68.41,3.04,32.35,13.62,-10.66,666.00,19.87,13.13,3.95,-35.84
35.11,-36.91,5.46,28.76,45.25,128.58,-78.27,156.38,95.09,-68.41,3.06,21.85,14.17,6.13,666.00,-54.65,12.03,6.23,-37.57
35.36,-37.00,5.25,28.54,45.12,125.12,-78.30,155.01,95.09,-68.41,2.73,21.54,13.98,5.61,666.00,-54.43,11.23,7.02,-39.02
35.50,-37.03,5.71,28.47,45.17,124.24,-78.27,153.74,95.09,-68.41,2.44,21.01,13.67,5.04,666.00,-55.47,11.46,6.74,-39.50
35.64,-37.00,5.30,28.89,45.13,123.35,-78.62,153.58,95.09,-68.41,2.15,21.04,13.37,4.95,666.00,-55.46,11.00,6.39,-39.65
35.78,-37.26,-21.41,29.46,7.50,123.44,29.46,153.45,95.09,-68.41,2.13,30.43,13.43,-10.02,666.00,18.27,10.89,6.50,-40.05
35.92,-37.29,5.31,29.57,45.26,123.01,-78.80,153.91,95.09,-68.41,1.77,20.61,13.09,4.65,666.00,-55.87,10.87,6.73,-40.06
36.05,-37.31,5.32,29.66,45.40,123.04,-78.98,154.47,95.09,-68.41,1.67,19.86,13.08,4.70,666.00,-55.75,10.93,6.73,-40.11
36.17,-37.45,5.23,29.61,45.58,124.71,-78.63,155.55,95.09,-68.41,1.63,19.41,13.18,4.86,666.00,-55.71,11.29,6.83,-40.03
36.29,-37.69,5.23,29.43,45.58,123.60,-78.63,159.89,95.09,-68.41,1.61,19.33,13.43,5.38,666.00,-55.49,11.99,6.98,-39.99
36.42,-37.89,5.23,29.23,45.58,123.56,-78.63,155.12,95.09,-68.41,1.63,19.23,13.66,5.93,666.00,-55.41,12.21,7.37,-40.04
36.54,-37.91,5.23,28.89,45.58,124.21,-78.63,155.74,95.09,-68.41,1.59,19.23,13.91,5.93,666.00,-55.41,12.41,7.37,-40.04
36.67,-37.91,2.08,28.73,45.25,127.31,-79.18,155.92,95.56,-67.22,1.58,19.23,14.22,5.93,666.00,-55.41,12.35,7.37,-40.04
36.81,-38.00,141.44,28.72,-132.59,126.52,60.56,156.36,84.44,-35.91,1.63,19.23,14.66,5.93,666.00,-55.41,12.73,7.37,-40.04
36.94,-38.21,1.76,28.91,45.42,124.38,-78.99,156.63,95.80,-67.41,1.45,19.23,14.86,5.93,666.00,-55.41,13.08,7.37,-40.04
37.05,-38.22,1.29,28.88,45.64,126.05,-79.03,156.32,95.99,-67.04,1.30,19.23,14.96,5.93,666.00,-55.41,12.82,7.37,-40.04
37.17,-37.62,0.47,27.96,45.98,126.45,-79.02,155.65,95.77,-67.22,1.24,19.23,15.36,5.93,666.00,-55.41,12.75,7.31,-39.89
37.30,-37.68,-1.20,27.25,46.55,126.09,-79.56,156.42,96.06,-66.45,1.13,19.23,15.45,5.93,666.00,-55.41,12.70,7.31,-39.89
37.44,-38.02,-2.09,26.87,46.45,126.52,-80.19,156.93,95.93,-65.85,1.13,19.23,15.32,5.93,666.00,-55.41,12.66,7.31,-39.89
37.57,-38.27,-0.08,27.04,46.37,125.95,-78.25,156.81,55.13,37.45,1.11,16.86,15.02,6.41,666.00,-53.48,12.64,7.26,-39.47
37.83,-37.03,0.09,25.74,46.17,130.15,-78.30,157.63,95.85,-65.81,0.85,16.86,14.87,6.26,666.00,-53.87,11.82,7.20,-39.39
38.18,-36.99,0.15,24.77,47.25,131.02,-78.02,158.46,96.06,-65.29,0.30,14.83,16.81,7.38,666.00,-54.97,13.30,7.34,-38.66
38.37,-37.93,-0.06,24.44,47.01,127.62,-78.19,158.77,96.20,-65.23,0.48,15.54,16.52,7.03,666.00,-54.23,13.25,7.58,-39.03
38.49,-38.56,0.17,24.35,46.72,127.30,-77.83,159.08,96.22,-65.35,0.58,15.28,16.97,8.01,666.00,-54.50,13.98,8.46,-38.97
38.62,-38.21,-0.34,24.41,46.51,130.10,-78.19,159.41,96.06,-65.25,1.34,14.65,24.26,10.54,666.00,-55.87,14.69,10.26,-38.78
38.75,-36.97,-0.34,23.00,46.23,139.10,-77.80,159.23,96.33,-65.23,1.06,12.03,37.16,24.93,666.00,-69.04,14.65,16.73,-30.55
38.88,-36.68,-0.48,23.58,45.89,142.11,-77.66,156.89,54.72,39.26,4.22,10.85,51.11,35.66,666.00,-74.58,18.78,11.50,-22.61
39.02,-36.18,1.18,24.11,44.62,144.53,-75.62,158.26,96.10,-66.06,18.65,10.10,67.62,49.66,666.00,-78.71,22.85,9.72,-11.91
39.14,-37.14,1.19,26.38,44.34,146.69,-74.96,160.79,96.09,-66.12,91.39,16.45,90.37,74.49,666.00,-82.02,18.35,15.17,3.22
39.25,-37.30,0.73,28.26,44.41,136.45,-75.25,158.40,95.82,-66.70,130.41,59.93,108.46,87.55,666.00,-81.47,16.69,10.77,33.28
39.40,-36.76,0.93,29.55,44.24,135.52,-74.93,157.01,96.10,-66.70,138.61,147.90,119.68,96.74,666.00,-82.04,18.69,18.55,45.62
39.53,-36.93,0.74,30.55,44.08,134.67,-74.91,157.17,96.16,-66.77,144.44,1.88,131.16,-29.04,666.00,-81.06,17.76,160.57,66.99
39.67,-37.07,-0.26,31.40,43.94,136.40,-76.45,157.36,96.26,-66.50,148.27,169.11,140.48,119.63,666.00,-84.76,18.90,20.53,66.99
39.80,-37.15,-0.93,31.69,43.24,134.71,-76.57,159.20,96.75,-66.05,148.37,168.81,146.58,125.77,666.00,-87.08,22.47,23.87,64.50
39.94,-37.18,-0.98,31.53,43.49,142.17,-76.37,152.80,96.81,-66.21,148.64,-28.72,151.73,-22.17,666.00,-70.09,21.84,175.06,73.16
40.07,-37.03,-1.26,31.28,44.00,132.69,-76.94,159.11,96.72,-66.02,148.21,166.42,151.86,133.92,666.00,-89.28,22.46,25.42,65.59
40.20,-36.62,-1.56,31.16,43.79,143.35,-77.13,156.55,96.91,-66.06,147.70,165.75,148.81,132.23,666.00,-89.79,21.31,25.83,60.73
40.32,-36.28,-1.35,30.90,43.83,136.98,-77.35,158.78,96.77,-66.26,147.46,-35.26,144.78,-19.46,666.00,-64.46,20.17,174.48,71.96
40.44,-35.58,-0.97,31.00,43.91,135.69,-77.37,158.06,96.64,-66.46,147.13,166.37,134.13,122.74,666.00,-89.95,22.55,25.97,56.25
40.57,-35.14,-20.30,31.33,5.88,127.99,29.47,154.94,96.49,-66.70,142.29,138.68,121.15,173.21,666.00,-165.87,24.35,28.11,54.50
40.71,-34.82,0.70,31.36,43.72,137.37,-76.39,156.02,96.26,-67.36,132.06,165.93,106.53,108.60,666.00,-87.44,21.20,28.17,51.61
40.85,-34.59,0.69,30.97,44.02,140.08,-75.51,156.22,96.52,-67.52,93.13,83.38,90.87,89.49,666.00,-84.87,12.77,35.30,48.68
40.98,-34.40,0.56,30.24,44.00,138.90,-74.49,156.17,96.35,-67.79,17.55,22.89,64.99,78.71,666.00,-82.31,19.44,5.24,25.26
41.12,-34.54,0.29,27.81,44.18,140.53,-74.58,157.24,96.49,-68.24,1.74,13.42,47.38,63.35,666.00,-80.37,17.17,6.72,2.01
41.25,-34.61,0.22,26.33,44.43,140.29,-74.79,158.03,96.47,-68.34,-1.76,12.88,30.46,32.59,666.00,-71.60,12.75,13.13,-28.38
41.37,-34.83,2.48,25.71,44.19,162.62,-73.76,145.97,96.13,-69.45,-2.86,13.80,14.45,13.05,666.00,-60.61,9.12,11.26,-39.33
41.48,-35.84,2.78,28.10,43.81,132.27,-74.24,155.00,94.68,-69.98,-3.05,17.15,11.04,2.93,666.00,-56.55,10.17,9.70,-42.50
41.61,-36.99,140.18,30.66,-129.27,124.30,56.95,152.87,83.98,-37.12,-2.56,18.23,9.20,-0.73,666.00,-54.60,11.32,6.82,-40.46
41.74,-37.88,7.97,31.69,45.74,121.50,-74.61,152.15,95.60,-72.38,-1.79,17.61,10.81,3.01,666.00,-55.20,15.18,5.54,-37.78
41.87,-37.81,7.12,32.22,46.15,119.67,-74.45,150.41,95.58,-72.41,-0.55,16.94,13.53,4.98,666.00,-55.68,18.09,2.03,-37.88
42.00,-35.78,3.46,31.32,45.91,125.37,-74.93,152.00,95.90,-70.89,0.91,16.02,21.64,10.50,666.00,-58.19,13.74,8.38,-36.46
42.22,-35.59,3.76,30.70,46.27,132.16,-74.09,152.92,96.67,-70.89,1.84,14.83,32.03,14.49,666.00,-60.31,17.67,10.89,-34.52
42.35,-35.76,3.43,29.74,46.33,131.83,-73.45,154.63,97.34,-70.77,6.53,15.02,46.39,34.50,666.00,-71.98,19.36,25.88,-28.22
42.49,-35.51,1.66,29.56,44.35,131.66,-74.19,155.05,59.69,41.09,23.54,19.15,62.47,49.61,666.00,-77.06,20.50,7.81,-2.80
42.62,-35.93,1.78,29.71,44.01,131.48,-73.57,155.69,95.64,-70.77,65.56,28.29,81.27,63.20,666.00,-82.05,21.22,2.02,11.05
42.75,-36.03,2.13,29.96,43.61,129.84,-73.55,156.57,95.44,-70.72,122.11,101.27,107.32,92.85,666.00,-90.45,13.47,7.05,26.68
42.87,-36.40,1.91,29.45,44.38,131.26,-75.11,156.48,59.57,43.31,134.95,135.65,121.46,103.12,666.00,86.63,17.70,18.06,50.87
43.01,-36.73,2.16,28.89,44.33,130.75,-75.96,157.60,96.35,-68.23,143.55,155.41,136.82,113.54,666.00,86.31,12.84,15.93,55.88
43.14,-36.84,1.78,28.79,43.40,164.67,-77.12,154.06,96.09,-68.29,145.38,163.61,146.31,128.26,666.00,85.69,18.21,9.41,59.30
43.27,-38.24,0.16,34.32,43.37,132.29,-78.44,158.71,96.48,-69.40,143.40,160.91,154.48,132.65,666.00,85.16,18.27,17.05,66.32
43.41,-37.27,0.57,32.04,42.70,136.39,-78.74,157.97,96.56,-69.61,143.36,159.53,158.41,137.47,666.00,83.50,18.52,16.70,68.77
43.55,-36.62,-0.57,30.69,42.25,131.42,-79.03,159.14,96.28,-68.90,142.99,159.22,157.81,138.33,666.00,85.65,19.18,16.56,68.39
43.68,-36.58,-1.00,31.40,42.38,131.82,-79.41,156.72,96.02,-68.82,142.74,157.64,156.78,137.39,666.00,84.28,18.60,15.72,69.29
43.81,-36.82,-0.68,32.88,41.17,129.99,-79.73,157.88,95.24,-69.16,143.04,157.60,154.47,137.91,666.00,83.37,18.03,15.78,69.03
43.94,-36.80,-1.07,33.50,40.89,140.15,-80.07,158.05,94.75,-69.22,144.01,157.72,148.50,136.38,666.00,83.79,20.94,16.91,68.74
44.07,-37.54,-0.49,34.48,41.42,128.71,-79.49,156.53,95.12,-69.18,143.84,159.04,142.88,134.44,666.00,85.20,18.23,17.03,69.19
44.21,-38.13,-0.32,34.90,41.42,128.37,-79.55,155.53,94.99,-71.09,142.39,159.43,132.24,127.33,666.00,86.86,19.67,20.81,68.20
44.34,-38.42,-0.36,34.68,41.57,129.02,-79.42,156.18,95.04,-71.02,137.54,155.84,119.99,115.01,666.00,88.78,21.63,27.93,67.92
44.47,-38.53,0.11,33.54,41.46,128.79,-78.50,156.03,95.05,-70.98,128.85,155.31,106.55,108.37,666.00,-88.69,20.98,22.14,62.24
44.60,-37.40,-0.28,29.55,41.78,158.55,-78.40,148.06,94.76,-70.83,106.95,144.32,95.40,100.05,666.00,-87.86,21.47,23.74,58.34
44.72,-36.89,-0.42,28.18,42.38,142.15,-77.98,161.87,95.21,-70.64,52.77,-2.46,80.49,-21.80,666.00,-79.43,23.02,137.89,57.42
44.85,-36.34,-0.50,27.14,42.89,147.32,-77.42,160.69,95.32,-70.82,11.81,18.22,61.07,67.21,666.00,-81.94,20.12,2.85,11.08
44.99,-37.06,-0.59,27.71,43.46,134.98,-76.93,157.86,95.33,-70.64,1.92,13.13,42.57,52.12,666.00,-79.00,15.05,10.89,-7.34
45.12,-37.35,0.25,27.45,44.88,132.60,-78.87,156.21,95.00,-71.91,-2.34,10.81,29.34,35.85,666.00,-75.63,11.56,11.34,-21.78
45.26,-38.05,1.61,27.89,45.49,129.34,-80.30,155.07,94.91,-73.30,-2.74,12.33,18.10,11.66,666.00,-65.84,9.52,11.05,-36.80
45.39,-39.15,3.00,29.01,47.96,124.96,-82.26,155.91,94.38,-73.88,-2.44,15.02,13.54,2.88,666.00,-62.65,8.30,8.32,-38.88
45.50,-38.95,0.03,28.82,50.73,129.04,-81.92,154.25,93.63,-73.38,-2.23,14.96,12.43,-0.92,666.00,-61.76,10.23,7.01,-39.25
45.63,-37.99,-2.68,28.44,50.99,129.10,-80.19,156.02,93.90,-72.97,-1.39,11.93,14.52,2.31,666.00,-59.58,15.10,8.00,-39.20
45.77,-39.63,-31.03,27.11,6.19,131.59,23.29,156.35,94.28,-71.01,0.72,27.59,17.81,-3.59,666.00,14.59,14.64,5.05,-35.02
45.88,-39.85,-9.18,26.54,50.63,131.86,-77.42,157.28,95.45,-69.34,0.67,6.77,19.29,10.11,666.00,-61.73,14.94,4.40,-33.63
46.02,-40.55,-11.43,24.59,49.39,134.35,-78.80,160.52,95.93,-67.35,0.97,7.49,19.95,12.57,666.00,-59.98,15.59,6.11,-34.56
46.15,-41.67,-10.17,22.23,48.82,137.40,-80.38,162.52,95.62,-66.73,1.16,10.05,18.69,11.32,666.00,-59.10,15.08,4.20,-32.11
46.28,-41.78,-5.09,21.58,50.75,142.34,-83.44,161.51,95.78,-66.58,0.70,13.89,19.35,8.79,666.00,-60.08,12.55,6.52,-37.13
46.41,-40.84,146.86,20.23,-141.24,147.00,67.95,160.64,95.11,-45.13,1.52,13.54,25.13,10.83,666.00,-62.50,12.94,8.22,-36.09
46.54,-39.15,-4.85,18.04,47.74,145.50,-84.32,162.33,95.43,-66.10,6.54,12.71,36.82,20.36,666.00,-68.47,14.35,11.82,-33.45
46.67,-37.98,-4.47,19.25,46.80,140.73,-83.81,158.38,95.58,-66.62,8.03,12.49,51.93,35.19,666.00,-75.75,14.17,9.07,-23.70
46.79,-38.05,140.56,19.57,-140.39,141.33,65.27,158.75,92.15,-39.49,22.77,12.05,62.65,45.83,666.00,-77.71,16.79,5.09,-13.02
46.94,-37.17,-6.78,23.40,44.68,140.92,-82.51,157.54,95.07,-66.46,68.57,14.78,84.42,57.73,666.00,-78.00,17.54,2.31,2.10
47.07,-37.17,-7.43,23.38,43.84,141.75,-82.12,158.62,94.67,-67.07,121.51,46.20,103.50,82.60,666.00,-85.82,16.23,18.58,29.50
47.21,-36.48,133.75,25.09,-135.61,142.78,92.35,158.37,87.51,-35.76,136.88,115.75,113.50,93.21,666.00,-85.81,26.27,23.13,39.36
47.34,-36.06,-6.88,26.75,43.02,140.93,-82.20,157.21,94.14,-68.12,147.52,161.99,131.57,112.95,666.00,-88.62,19.17,20.54,49.89
47.48,-35.79,-7.79,28.35,43.02,136.02,-83.48,154.16,94.21,-67.73,151.16,163.88,143.96,121.17,666.00,89.62,17.40,28.73,60.53
47.61,-34.49,130.21,27.70,-135.31,141.26,95.14,150.78,86.51,-31.45,153.18,166.68,154.03,128.81,666.00,88.51,17.70,26.22,59.51
47.74,-33.67,-6.44,28.87,42.86,142.46,-83.55,158.67,94.03,-67.83,152.99,167.92,158.10,139.24,666.00,85.40,19.68,21.13,61.38
47.87,-33.06,-6.91,30.32,42.81,142.94,-83.62,156.63,93.99,-68.15,152.21,166.52,158.92,139.55,666.00,85.30,20.10,24.41,62.20
48.01,-34.91,128.48,30.33,-133.41,143.03,-150.68,155.63,84.66,-30.33,150.48,165.88,154.46,138.79,666.00,85.20,21.45,24.45,63.24
48.14,-35.04,-6.82,30.00,42.28,143.64,-83.67,156.36,93.96,-67.99,149.80,165.51,152.80,136.48,666.00,85.36,20.51,24.85,63.29
48.27,-35.38,-6.58,30.16,42.27,143.07,-84.07,157.12,94.01,-68.09,149.59,166.08,148.61,134.55,666.00,85.19,19.41,24.36,63.44
48.40,-35.59,127.96,30.15,-132.91,141.40,-150.16,157.33,84.48,-29.39,148.96,165.49,143.78,132.23,666.00,85.24,15.88,23.62,63.96
48.54,-36.03,-6.16,30.60,42.55,167.54,-83.88,145.78,93.98,-67.92,145.95,164.05,133.79,123.19,666.00,85.47,16.47,28.89,63.79
48.67,-36.35,-6.18,30.66,42.22,138.73,-83.44,158.24,93.77,-68.06,137.83,161.46,118.14,117.40,666.00,86.49,18.86,24.31,56.52
48.81,-36.37,127.53,29.50,-131.79,168.00,-150.18,151.30,83.97,-29.51,111.99,151.15,98.37,107.71,666.00,88.75,18.37,21.72,50.22
48.94,-36.10,-6.00,28.83,42.14,168.29,-81.57,147.90,93.99,-68.59,31.19,45.59,69.55,78.40,666.00,-83.87,21.77,35.22,41.22
49.08,-35.03,-4.70,28.33,41.56,139.31,-80.17,160.11,93.93,-69.67,7.20,24.38,48.90,59.90,666.00,-76.78,20.99,3.24,8.32
49.21,-32.68,129.09,31.82,-130.23,164.89,-151.50,150.21,85.69,-31.97,-0.81,16.40,32.75,43.71,666.00,-69.09,13.43,4.10,-6.03
49.34,-32.85,-3.37,31.85,43.23,167.03,-78.40,142.85,93.42,-70.86,-3.51,10.99,20.48,15.35,666.00,-61.16,8.54,2.10,-21.33
49.47,-33.76,-0.52,32.58,44.00,131.50,-78.38,152.95,93.74,-71.67,-4.26,12.79,14.35,3.37,666.00,-58.71,8.87,6.64,-34.22
49.61,-34.41,135.27,32.84,-132.27,132.95,56.61,153.35,88.97,-37.75,-4.29,13.91,12.11,-0.57,666.00,-55.76,10.69,5.26,-35.38
49.72,-34.70,1.57,33.04,45.22,129.96,-79.30,153.01,93.45,-72.41,-4.53,14.07,12.60,-0.49,666.00,-51.46,12.38,4.15,-35.18
49.84,-34.92,1.24,32.79,45.43,130.55,-79.48,153.24,93.49,-72.37,-3.41,14.52,13.28,0.96,666.00,-50.67,14.90,62.13,160.58
49.97,-35.14,0.32,32.42,45.50,126.18,-79.93,152.68,93.58,-72.00,-1.65,15.17,14.48,2.18,666.00,-49.62,15.71,1.81,-33.16
50.10,-35.42,-1.29,30.41,45.52,131.90,-79.17,154.20,94.43,-72.03,-0.71,14.93,14.98,2.51,666.00,-48.50,15.22,2.14,-33.20
50.23,-35.18,-4.00,29.40,44.78,131.79,-80.00,154.35,93.85,-70.80,1.51,15.24,17.46,6.33,666.00,-48.30,14.86,5.82,-33.13
50.37,-34.94,-5.44,29.47,45.10,132.90,-79.90,153.96,58.16,42.29,7.36,15.08,37.25,24.74,666.00,-62.26,17.19,11.89,-22.55
50.60,-34.71,-5.30,30.25,44.70,162.84,-79.85,145.33,94.07,-71.14,29.75,17.65,59.06,37.19,666.00,-66.46,20.31,11.27,-14.26
50.74,-34.56,-5.68,30.98,44.27,162.54,-79.18,143.48,94.09,-70.69,72.03,57.91,83.99,-52.80,666.00,160.50,16.56,141.34,94.81
50.88,-34.77,-6.11,31.44,45.18,130.33,-78.67,155.46,94.43,-70.54,123.71,52.30,106.59,80.20,666.00,-81.90,17.09,7.33,31.91
51.04,-34.66,-7.26,32.83,44.57,137.29,-79.02,155.77,94.22,-70.33,141.66,103.20,127.39,92.58,666.00,-79.92,22.12,15.34,44.11
51.18,-34.50,-6.63,33.00,44.44,138.49,-79.40,155.25,94.45,-70.48,149.97,161.51,145.36,117.11,666.00,-87.94,18.40,24.75,61.28
51.31,-34.48,-5.28,33.97,44.11,163.34,-80.28,145.90,94.11,-71.10,151.13,166.46,154.20,129.74,666.00,88.31,20.66,22.16,64.46
51.44,-34.81,-4.80,42.04,43.81,-24.51,-79.96,154.94,94.06,-71.25,149.28,164.68,154.78,137.61,666.00,85.92,24.06,122.94,-150.65
51.58,-33.14,-6.23,37.74,44.02,-28.10,-81.24,151.04,94.01,-70.61,148.39,162.25,154.95,137.28,666.00,84.86,23.05,23.07,65.90
51.71,-33.10,-6.49,36.84,43.64,-26.85,-81.81,153.03,94.03,-70.45,146.99,160.80,153.75,135.50,666.00,83.88,18.88,22.87,67.02
51.84,-33.04,-5.44,36.58,43.43,-31.35,-81.69,157.30,93.92,-71.05,146.11,159.78,149.27,131.46,666.00,84.08,17.57,117.48,-146.23
51.97,-33.24,-4.98,37.45,43.46,-27.35,-81.63,157.01,94.00,-71.29,145.78,159.71,143.10,128.34,666.00,84.27,16.43,25.51,67.36
52.11,-33.16,-4.59,37.03,43.39,-32.08,-81.08,159.17,93.73,-71.84,139.03,159.78,121.55,123.46,666.00,85.85,27.71,28.46,66.41
52.24,-34.93,-6.69,31.74,44.07,137.44,-79.86,154.50,94.22,-70.88,70.58,130.76,83.82,96.31,-59.24,-79.04,43.55,42.49,53.38
52.38,-32.13,-7.08,26.74,45.14,147.20,-78.53,158.38,95.29,-70.53,-4.33,11.19,41.90,61.74,-33.91,-63.98,35.00,18.07,11.25
52.51,-31.78,-8.41,25.70,47.19,149.20,-79.00,157.12,95.22,-69.97,-5.78,2.40,15.07,33.96,666.00,-51.68,14.10,2.63,-32.23
52.64,-34.95,-9.08,22.84,47.20,147.04,-79.78,158.26,96.19,-70.76,-2.47,7.42,26.50,0.73,666.00,-38.20,18.31,35.00,141.24
52.77,-34.24,-12.29,32.23,48.76,135.94,-80.63,156.84,96.44,-70.68,51.31,8.30,80.28,33.76,666.00,-64.31,24.66,11.03,-30.21
52.90,-37.51,-2.90,37.73,46.66,-35.10,-76.95,150.55,95.99,-72.10,155.72,23.85,140.12,75.49,666.00,-74.33,25.27,14.76,20.60
53.04,-41.57,0.11,43.44,46.11,-37.74,-77.73,146.66,95.03,-72.78,158.09,-178.41,178.20,142.47,60.67,-86.94,35.07,10.50,58.28
53.17,-37.64,1.17,35.12,43.71,124.90,-77.88,155.73,94.49,-72.99,149.34,174.67,150.68,151.40,666.00,84.14,27.99,30.44,56.06
53.29,-36.08,-2.38,29.97,45.98,138.69,-81.87,157.48,96.95,-72.79,123.48,168.62,104.28,131.08,-58.64,88.24,36.86,21.97,63.57
53.42,-33.47,-6.61,24.11,46.45,152.41,-83.31,158.85,96.65,-70.02,-0.73,154.53,47.25,103.63,-49.12,-80.75,30.63,8.11,39.88
53.53,-35.08,-6.14,15.33,46.31,172.67,-82.97,165.78,96.08,-71.37,-8.32,4.55,14.73,10.50,666.00,-53.97,12.72,31.21,-18.12
53.65,-35.44,-6.86,14.49,44.81,167.50,-84.37,159.28,96.24,-71.00,-7.08,11.46,14.66,-2.93,666.00,-45.22,18.13,11.48,-63.79
53.77,-32.75,-9.03,20.80,46.44,157.73,-84.09,158.58,96.52,-71.90,14.31,7.44,68.92,15.29,666.00,-55.64,17.10,14.98,-54.79
53.90,-34.22,-4.32,22.91,45.61,155.03,-80.37,159.18,96.72,-71.39,157.27,12.96,128.99,60.99,666.00,-78.63,19.92,5.49,0.78
54.04,-41.68,-4.29,40.13,45.13,137.18,-81.80,157.60,96.37,-70.80,159.14,-178.21,155.86,131.07,82.04,-85.49,53.23,4.17,46.21
