Timestamp,Kinect left shoulder flex.-ext.,WISE left shoulder flex.-ext.,Kinect left shoulder abd.-add.,WISE left shoulder abd.-add.,Kinect left shoulder int.- ext.,WISE left shoulder int.- ext.,Kinect left elbow flex.-ext.,WISE left elbow flex.-ext.,WISE left forearm pro.- sup.,Kinect right shoulder flex.-ext.,WISE right shoulder flex.-ext.,Kinect right shoulder Abd.-Add.,WISE right shoulder abd.-add.,Kinect right shoulder int.-ext.,WISE right shoulder int.-ext.,Kinect right elbow flex.-ext.,WISE right elbow flex.-ext.,WISE right forearm pro.-sup.
0.00,8.53,14.24,9.10,-19.31,-8.90,39.33,72.75,126.89,-5.43,-24.94,-54.62,19.70,24.50,-160.39,12.83,74.95,95.31,-96.87
0.21,3.67,0.53,4.74,-7.21,-12.03,42.06,32.58,81.37,-7.61,-28.39,-54.99,21.71,26.14,-164.69,14.44,77.24,95.04,-98.81
0.37,-1.55,-8.20,6.02,-8.26,666.00,44.00,14.12,46.96,-9.85,-26.51,-55.25,19.44,26.49,-164.28,14.58,71.32,95.06,-98.94
0.51,-5.97,-16.72,6.27,-6.43,666.00,49.32,14.08,21.14,-14.17,-26.58,-55.31,19.40,25.52,-164.71,13.85,71.28,94.98,-98.37
0.63,-7.03,-18.21,6.17,-4.81,666.00,49.32,16.49,9.77,82.43,-26.46,-55.39,19.45,26.44,-164.99,13.59,71.13,94.98,-98.83
0.77,-5.12,-13.69,5.99,-7.07,666.00,49.33,26.10,24.41,-19.81,-26.73,-55.14,19.95,26.43,-164.78,13.99,71.90,95.26,-98.71
0.90,-3.17,-9.79,5.90,-9.63,-3.37,46.56,42.27,31.19,-18.94,-26.45,-55.16,19.54,26.39,-163.96,14.07,71.46,95.46,-98.58
1.03,-0.88,-7.91,5.57,-9.86,-1.45,43.60,66.89,52.03,-18.11,-28.62,-55.33,19.72,25.98,-163.72,13.67,75.32,95.54,-97.99
1.16,11.51,-5.89,4.78,-9.93,177.53,42.78,93.72,96.52,-7.50,-28.67,-55.48,19.70,25.87,-163.84,13.54,75.50,95.36,-98.04
1.29,-1.03,-0.30,10.18,-10.64,-3.95,40.06,139.88,107.13,-6.02,-28.89,-155.16,20.12,-129.26,-163.18,-15.19,75.46,137.34,44.91
1.43,12.47,2.77,15.61,-12.20,-4.86,36.50,142.13,124.27,0.01,-29.49,-56.01,20.39,25.94,-162.95,13.29,75.98,95.13,-97.57
1.56,11.90,4.53,14.90,-14.38,-3.81,35.79,144.21,136.42,8.38,-29.58,-55.94,19.90,25.39,-163.06,13.09,75.78,95.19,-97.36
1.69,11.64,3.89,14.64,-14.81,-7.65,35.78,144.41,135.50,8.49,-29.43,-157.00,19.66,-129.45,-163.01,-14.28,75.50,137.05,46.45
1.83,13.29,3.18,16.19,-14.21,-9.07,35.76,138.67,134.82,8.21,-30.02,-55.86,20.23,25.57,-163.11,12.68,76.52,94.95,-97.78
1.96,3.31,2.38,5.21,-12.99,-5.40,35.98,118.48,121.43,6.30,-30.47,-55.78,19.41,25.83,-164.77,12.59,76.62,95.00,-97.90
2.08,-4.72,-2.10,2.43,-8.92,171.94,37.69,117.11,115.16,5.82,-30.93,-156.87,19.36,-129.14,-165.61,-14.95,77.11,136.45,45.52
2.21,-1.22,-5.81,6.37,-5.97,-5.27,40.46,66.24,102.14,1.15,-31.16,-55.75,19.41,25.36,-166.17,12.74,77.15,95.15,-97.55
2.34,-1.34,-7.50,6.39,-4.66,-6.81,42.85,42.39,70.09,-8.02,-29.98,-55.88,19.44,24.92,-165.74,12.53,75.91,95.28,-97.47
2.47,-1.80,-9.90,7.02,-7.86,666.00,44.50,26.98,50.40,-7.61,-29.60,-55.74,19.78,25.11,-166.42,12.48,74.98,95.00,-97.61
2.60,-1.44,-11.43,6.29,-9.08,666.00,49.11,15.20,28.75,-11.42,-29.19,-55.46,20.10,25.45,-166.89,12.40,74.27,94.58,-97.86
2.72,-4.78,-8.49,6.93,-13.00,666.00,-28.88,12.56,20.59,-9.72,-29.05,-8.81,19.67,54.32,-166.94,-75.38,74.27,95.03,-97.71
2.86,-5.79,-14.81,7.04,-8.04,666.00,50.62,18.03,24.84,-8.03,-28.86,-55.69,19.51,26.05,-166.81,12.19,74.13,95.16,-98.42
3.06,-3.30,-13.28,5.87,-8.76,666.00,50.79,19.81,26.32,-7.02,-29.28,-55.50,19.47,25.94,-167.39,12.86,74.23,95.41,-98.94
3.20,-2.01,-10.59,5.94,-9.95,666.00,50.81,23.53,28.67,-6.61,-29.57,-55.35,19.64,25.71,-167.39,13.78,74.54,151.12,-112.84
3.32,-1.85,-9.66,6.49,-10.11,666.00,48.82,23.05,28.48,-6.57,-29.41,-55.47,19.74,26.13,-167.09,14.01,74.39,95.98,-99.01
3.46,-1.97,-9.73,7.04,-9.34,666.00,50.87,21.49,22.33,-6.64,-29.75,-55.45,19.40,25.12,-167.47,14.03,74.86,96.12,-98.38
3.59,-4.44,-11.47,8.43,-5.00,666.00,53.70,21.62,24.35,-7.14,-29.87,-55.63,19.28,23.25,-167.91,12.89,75.03,96.42,-97.67
3.71,-6.28,-13.16,9.79,-1.44,666.00,55.69,21.32,27.41,-5.93,-30.96,-55.40,19.53,24.39,-168.21,13.43,76.27,95.80,-98.77
3.84,-6.96,-13.62,10.03,-0.06,666.00,54.47,19.80,32.97,102.00,-30.34,-55.25,19.36,23.96,-167.76,13.49,75.68,95.88,-99.10
3.97,-7.21,-13.40,10.10,-1.38,666.00,47.39,20.10,21.25,-7.98,-29.40,-55.52,19.47,24.07,-166.62,13.59,74.65,95.89,-98.95
4.10,-6.48,-13.01,9.17,-2.19,666.00,50.15,21.79,23.89,-6.50,-29.05,-55.47,19.48,25.40,-166.73,14.21,74.19,95.80,-99.72
4.23,-5.12,-12.87,8.12,-3.62,666.00,51.02,22.87,24.73,-5.83,-28.89,-55.89,19.54,24.92,-166.83,13.96,74.00,95.92,-99.12
4.36,-3.94,-11.92,7.33,-5.02,666.00,50.95,22.11,26.12,-6.23,-28.63,-55.57,19.43,24.88,-166.83,13.90,73.67,95.79,-99.49
4.49,-3.81,-11.79,7.49,-6.30,666.00,51.44,21.26,23.70,-6.55,-28.52,-55.75,19.57,24.74,-166.63,13.73,73.55,95.76,-99.39
4.74,-3.86,-12.13,7.42,-6.44,666.00,51.45,19.74,23.01,-6.10,-28.38,-55.73,19.29,25.06,-166.79,13.81,73.32,95.50,-99.73
4.86,-3.92,-12.26,7.42,-6.31,666.00,51.87,19.79,22.85,-6.46,-28.39,-55.23,19.19,24.94,-166.85,13.99,73.26,95.31,-100.18
4.99,-3.24,-12.23,6.64,-5.87,666.00,51.41,18.19,22.73,-6.27,-28.33,-55.27,18.84,24.59,-167.35,14.70,72.93,95.40,-99.99
5.11,-3.39,-7.19,6.76,-10.41,666.00,-26.28,21.38,22.77,-6.96,-28.47,-6.02,18.75,53.97,-167.49,-75.57,73.04,95.23,-99.93
5.24,-2.75,-11.53,6.05,-6.98,666.00,46.24,28.06,33.77,-52.54,-28.10,-54.90,19.07,24.26,-167.28,14.84,72.78,95.02,-99.19
5.37,-1.40,-7.64,7.29,-9.91,-7.33,33.12,52.83,55.14,-70.20,-28.85,-55.31,18.81,24.42,-166.33,14.37,73.83,94.98,-99.07
5.50,4.19,-1.90,5.39,-11.16,-12.25,35.99,79.63,72.22,-75.13,-29.48,-56.18,18.81,25.38,-165.48,14.74,74.80,94.94,-98.97
5.64,9.35,4.81,5.37,-13.52,167.01,37.71,85.65,84.87,-76.25,-24.77,-56.49,19.20,25.24,-163.22,14.54,74.04,95.27,-98.42
5.76,10.15,51.44,6.89,35.82,168.23,-114.07,84.28,61.10,27.61,-26.49,-56.37,17.95,25.61,-155.62,14.48,72.54,95.67,-97.77
5.89,10.73,1.08,7.13,-17.29,168.96,35.90,82.92,94.47,-81.33,-27.67,-55.43,16.83,23.20,-176.12,13.09,103.64,95.36,-97.13
6.03,9.45,-0.02,6.30,-17.03,168.28,35.35,85.77,96.03,-81.60,-28.50,-55.25,16.95,23.31,-176.20,13.37,104.07,94.68,-97.76
6.16,8.87,53.69,6.19,39.38,168.07,-106.70,88.34,58.56,17.55,-29.00,-55.72,17.11,23.64,-175.91,13.29,104.06,94.77,-97.66
6.29,9.01,-0.17,6.27,-16.43,167.83,34.71,88.18,96.76,-82.51,-28.97,-55.79,17.04,24.19,-175.24,13.49,103.55,94.95,-97.74
6.42,8.85,-0.35,5.89,-16.31,167.50,34.73,87.26,96.23,-83.04,-28.96,-55.93,17.46,24.71,-175.03,13.54,102.80,94.79,-97.52
6.56,8.77,53.54,6.04,39.83,166.98,-107.31,89.17,59.49,33.74,-28.78,-55.86,17.34,24.14,-174.15,13.41,102.33,94.68,-97.59
6.68,6.75,-0.40,5.09,-14.54,167.29,34.56,104.49,95.52,-36.25,-28.73,-55.97,17.25,24.14,-174.31,13.32,102.40,95.04,-97.49
6.81,5.46,0.75,4.86,-11.71,173.07,35.45,108.96,94.31,12.09,-28.55,-55.95,17.56,24.47,-174.22,13.40,101.90,95.02,-97.70
6.94,3.86,0.43,15.39,-10.50,9.24,37.90,89.48,92.35,60.61,-28.65,-56.28,18.31,24.61,-175.02,13.06,101.69,95.03,-97.59
7.07,2.06,-2.01,14.85,-8.85,9.79,45.83,86.43,90.35,68.78,-29.29,-56.12,19.22,24.64,-176.67,13.26,102.36,95.24,-97.36
7.20,0.36,-3.80,15.40,-8.94,12.32,48.73,83.76,88.31,70.83,-29.12,-56.12,19.49,24.64,-176.65,13.26,102.48,147.50,-116.19
7.33,1.01,-4.49,14.10,-9.04,12.50,49.22,81.93,87.52,71.18,-29.24,-56.40,19.57,24.30,-176.91,13.35,102.55,95.66,-97.12
7.46,0.70,-3.81,15.28,-8.96,11.41,49.01,83.08,87.57,70.99,-28.84,-56.17,18.83,24.30,-176.17,13.50,102.16,95.57,-97.27
7.59,1.72,-2.73,13.82,-9.15,8.04,45.86,83.15,86.55,69.60,-28.48,-56.11,19.29,24.25,-176.35,13.34,102.32,95.67,-97.53
7.80,1.67,-2.72,13.78,-9.12,7.33,45.54,83.17,86.30,69.30,-28.28,-56.11,19.05,24.25,-175.46,13.34,101.97,95.49,-97.69
7.93,1.49,-2.26,13.90,-9.11,7.51,45.60,82.98,86.46,69.09,-28.14,-55.65,18.75,24.00,-175.48,13.35,101.86,95.56,-97.60
8.06,2.76,-2.37,13.18,-9.01,6.96,45.64,80.71,86.26,68.98,-28.21,-55.65,18.45,24.00,-175.26,13.35,101.76,95.61,-97.84
8.19,2.58,-2.37,12.89,-9.01,7.57,45.64,80.26,86.15,68.90,-28.32,-55.65,18.70,24.00,-175.75,13.35,101.87,95.49,-97.69
8.32,2.74,-3.97,12.40,-1.35,7.26,-29.39,80.10,86.15,68.90,-28.27,-8.90,18.84,53.86,-175.19,-75.12,101.85,95.51,-97.58
8.45,2.91,-2.49,13.37,-9.13,7.08,45.73,80.27,84.96,40.93,-28.23,-55.79,18.70,24.04,-175.45,13.18,102.09,95.51,-97.58
8.58,3.14,-3.19,10.46,-9.94,3.86,44.96,84.67,85.62,13.76,-28.34,-55.86,19.36,24.10,-175.33,13.34,102.17,95.56,-97.60
8.71,6.81,-2.45,7.47,-2.43,-0.91,-30.30,80.41,87.09,-21.50,-28.33,-8.98,19.78,53.91,-175.81,-75.16,102.34,95.65,-97.39
8.84,6.28,-3.48,7.86,-12.02,-3.62,44.34,79.96,89.90,-76.64,-28.11,-55.92,19.49,24.37,-175.89,13.16,102.36,95.62,-97.29
8.98,2.00,-4.83,9.33,-12.54,4.33,43.48,75.04,89.50,-85.03,-27.97,-56.06,19.82,24.42,-176.21,12.99,102.27,95.62,-97.29
9.10,1.20,-5.70,7.43,-12.84,-2.67,42.63,79.03,89.14,-88.42,-27.91,-55.92,19.93,24.37,-176.27,13.16,102.02,95.62,-97.29
9.24,0.86,-5.78,7.90,-13.18,-2.89,42.53,79.62,89.29,-89.80,-27.75,-56.05,19.67,24.75,-175.46,13.07,101.36,95.55,-97.47
9.37,1.47,-5.43,7.18,-13.26,-3.68,42.69,79.16,89.65,-89.77,-27.63,-56.26,19.71,24.89,-176.15,13.07,101.54,95.58,-97.59
9.50,3.13,-5.01,8.13,-13.30,1.35,41.95,72.46,89.32,-89.84,-27.55,-56.03,19.65,24.84,-176.46,12.96,101.32,95.48,-97.67
9.64,4.48,-5.01,7.95,-13.30,-3.59,41.95,76.35,89.31,-89.61,-27.43,-56.03,19.73,24.84,-176.62,12.96,101.61,95.41,-97.76
9.77,2.06,62.13,8.33,39.89,-3.23,-104.23,78.97,57.55,9.67,-27.38,-56.03,19.54,24.84,-176.01,12.96,101.30,95.53,-97.91
9.91,1.51,-4.99,7.77,-13.27,-3.40,41.59,79.40,89.35,-89.67,-27.48,-55.90,19.65,24.51,-176.26,12.98,101.33,95.60,-97.83
10.15,1.40,-5.09,7.71,-13.39,-3.78,41.44,79.59,89.36,-89.87,-27.54,-56.03,19.64,24.84,-176.36,12.96,101.30,95.60,-97.83
10.31,2.22,-5.07,6.84,-13.37,-4.37,41.12,78.30,89.36,-90.09,-27.61,-56.03,19.61,24.84,-176.37,12.96,101.24,95.48,-97.67
10.47,2.64,-5.07,6.15,-13.37,-5.17,41.12,77.91,89.37,-90.30,-27.67,-55.94,19.62,24.85,-176.25,13.02,101.30,95.39,-97.73
10.63,2.89,-4.94,6.41,-13.43,-5.43,40.78,77.57,89.45,-90.28,-27.75,-55.94,19.43,24.85,-175.98,13.02,101.35,95.39,-97.73
10.80,2.99,-4.94,5.88,-13.43,-5.48,40.78,77.60,89.45,-89.83,-27.88,-55.94,19.69,24.85,-176.50,13.02,101.42,95.39,-97.73
10.97,2.60,-4.94,6.19,-13.43,-5.60,40.78,78.23,89.44,-89.84,-27.88,-56.03,19.57,24.84,-175.90,12.96,101.38,95.53,-97.91
11.14,2.80,-4.84,5.75,-13.31,-5.62,40.93,77.76,89.20,-89.67,-27.95,-55.91,19.80,24.18,-175.22,12.91,101.08,95.48,-98.35
11.27,1.40,-3.65,7.34,-13.64,-4.08,40.46,79.19,89.12,-89.09,-27.91,-54.82,19.67,24.97,-175.82,13.11,101.26,95.73,-98.76
11.41,3.59,-2.98,7.15,-12.58,-4.60,39.99,76.78,89.29,-88.62,-27.89,-53.71,19.95,24.54,-175.80,14.67,101.34,95.53,-99.79
11.56,3.29,0.19,7.18,-10.74,-4.20,40.18,76.98,89.27,-87.86,-27.83,-50.43,20.20,21.79,-175.62,16.31,101.65,95.58,-102.81
11.71,3.73,-0.96,8.20,-11.62,-3.86,40.57,76.60,89.53,-86.41,-27.75,-51.72,19.78,22.93,-175.34,14.59,101.63,95.40,-103.03
11.87,2.66,0.38,6.64,-14.58,-5.06,40.53,77.93,89.33,-86.52,-27.78,-51.12,19.51,25.02,-175.12,11.91,101.48,95.38,-102.05
12.03,12.41,-0.62,5.73,-14.08,178.33,39.16,82.10,90.17,-59.05,-27.93,-51.70,19.24,25.26,-175.31,11.30,101.56,95.15,-101.04
12.20,1.72,0.17,12.66,-11.95,8.41,37.74,86.98,92.32,51.12,-27.91,-52.94,18.80,25.80,128.76,11.43,174.89,94.83,-100.87
12.33,0.65,-0.42,13.38,-10.74,5.60,42.10,86.79,92.55,68.74,-27.91,-53.27,18.72,26.60,166.56,11.76,166.42,94.98,-101.21
12.46,-0.04,-1.65,13.68,-10.97,5.08,41.69,87.42,91.70,69.41,-28.01,-53.55,18.73,26.16,165.64,11.80,166.57,95.00,-101.04
12.58,-0.39,-1.16,13.81,-10.34,4.33,41.92,87.92,91.65,68.83,-28.05,-53.37,18.73,26.17,165.43,11.59,166.76,94.82,-101.17
12.71,-0.37,-0.91,12.90,-10.27,6.75,41.45,87.69,91.85,69.19,-28.02,-53.46,18.51,26.17,165.19,11.86,166.66,95.10,-101.27
12.86,-0.70,-1.01,13.72,-10.60,3.63,41.38,88.01,91.47,68.20,-27.92,-53.52,18.02,26.40,162.56,11.68,166.65,95.06,-101.16
12.99,-0.89,-1.37,14.08,-10.55,3.57,41.55,88.22,91.59,68.13,-28.00,-53.52,17.90,26.40,162.82,11.68,166.86,95.06,-101.16
13.12,0.85,-1.70,11.80,-4.63,1.55,-33.83,86.67,91.56,67.98,-28.01,-3.86,17.90,55.69,163.09,-77.68,166.87,95.10,-101.41
13.26,-0.52,-1.05,13.39,-10.17,2.98,41.48,88.14,91.45,67.81,-28.00,-53.37,17.98,26.35,163.81,11.85,166.92,95.10,-101.41
13.39,-1.10,-1.17,13.70,-10.05,2.79,41.63,88.59,91.42,67.89,-28.04,-53.59,17.95,26.45,164.00,11.84,166.93,95.23,-101.34
13.53,-1.58,-1.18,14.63,-10.31,5.55,41.90,88.92,91.26,68.01,-28.16,-53.48,18.02,26.26,164.40,11.90,167.00,95.38,-101.10
13.68,-1.12,-1.08,14.00,-10.17,6.51,41.75,87.73,91.20,67.60,-28.29,-53.48,17.89,26.26,163.75,11.90,167.12,95.38,-101.10
13.83,-1.31,-1.08,14.30,-10.17,5.77,41.75,88.07,91.37,67.66,-28.27,-53.48,17.91,26.26,164.14,11.90,167.10,95.38,-101.10
13.97,-1.26,-1.08,13.05,-10.17,5.87,41.75,88.25,91.32,67.67,-28.26,-53.48,18.07,26.26,164.31,11.90,167.09,95.38,-101.10
14.10,-1.43,-1.20,14.11,-10.29,5.48,41.84,88.78,91.33,67.44,-28.21,-53.63,18.10,26.31,164.25,11.73,167.21,95.38,-101.10
14.23,-1.47,-1.08,14.43,-10.17,3.51,41.75,89.85,91.33,67.44,-28.14,-53.48,17.95,26.26,163.92,11.90,167.23,95.38,-101.10
14.36,-1.48,-1.08,14.25,-10.17,7.53,41.75,88.84,91.21,67.16,-28.14,-53.48,18.04,26.26,163.79,11.90,167.20,95.38,-101.10
14.49,0.47,-1.29,13.79,-10.19,7.04,41.60,87.26,90.00,54.18,-28.18,-53.48,18.36,26.26,164.13,11.90,167.06,95.38,-101.10
14.63,1.73,-1.64,7.74,-10.35,-0.35,41.57,86.79,89.89,17.13,-28.09,-53.48,18.48,26.26,163.86,11.90,167.13,95.25,-100.94
14.76,3.97,-1.98,5.46,-11.53,-2.91,41.63,84.59,90.98,-33.96,-28.45,-53.75,18.86,26.14,162.75,11.74,167.24,95.20,-100.92
14.89,5.71,-2.37,5.24,-12.02,175.24,41.24,81.17,91.61,-51.44,-28.41,-53.74,19.38,26.45,162.72,11.81,167.31,95.26,-101.03
15.03,4.87,-2.57,4.70,-12.26,172.73,40.89,80.82,91.79,-58.01,-28.38,-53.74,19.61,26.45,163.07,11.81,167.15,95.26,-101.03
15.16,2.30,-2.97,4.37,-12.78,-6.15,40.82,81.14,92.06,-85.06,-28.38,-53.74,19.52,26.45,163.02,11.81,167.09,95.26,-101.03
15.30,0.58,-3.10,5.33,-13.49,-5.01,40.73,80.90,91.76,-91.37,-28.22,-53.78,19.62,26.59,163.25,11.59,167.01,94.99,-101.12
15.43,0.69,-3.45,5.06,-13.65,-6.07,40.68,81.02,92.06,-93.52,-27.99,-53.78,19.39,26.59,164.14,11.59,166.77,94.99,-101.12
15.57,0.37,-3.14,4.98,-13.83,-6.15,40.28,81.32,92.13,-93.74,-27.86,-53.66,19.42,26.76,163.98,11.58,166.80,95.06,-101.25
15.71,1.07,-3.11,4.59,-13.84,-6.91,40.01,80.67,92.15,-93.59,-27.62,-53.47,19.33,26.56,163.95,11.97,166.68,95.03,-101.16
15.86,0.99,-3.11,4.46,-13.84,-7.34,40.01,81.20,92.13,-93.36,-27.63,-53.47,19.52,26.56,163.78,11.97,166.72,95.03,-101.16
16.01,3.19,-3.60,3.59,-13.88,-9.24,39.93,81.15,91.84,-79.79,-27.61,-53.62,19.29,26.62,163.58,11.80,166.78,95.03,-101.16
16.15,5.41,-3.77,3.54,-13.52,170.52,39.56,81.41,91.18,-33.90,-27.67,-53.74,19.43,26.45,163.60,11.81,166.76,95.03,-101.16
16.29,3.41,-3.11,4.27,-12.05,-5.14,38.29,83.99,90.41,-8.73,-27.56,-53.74,19.53,26.45,163.65,11.81,166.73,95.03,-101.16
16.44,4.00,-3.11,3.49,-11.96,176.22,39.18,81.70,90.52,-5.38,-27.41,-53.82,19.41,26.45,163.72,11.47,166.81,95.03,-101.16
16.58,2.26,-3.52,3.92,-12.04,-3.64,39.37,86.48,90.05,1.75,-27.33,-53.89,19.15,26.50,163.65,11.64,166.86,95.03,-101.16
16.73,8.12,-3.11,3.95,-11.99,176.38,39.51,82.04,90.21,1.16,-27.30,-53.82,19.49,26.45,163.78,11.47,166.53,95.03,-101.16
16.87,9.74,-3.06,4.22,-12.21,176.34,39.29,80.93,90.76,0.63,-27.14,-53.69,19.32,26.14,163.60,11.49,166.55,95.03,-101.16
17.01,9.21,-2.96,4.30,-12.06,176.21,39.15,81.32,90.58,0.43,-27.02,-53.68,19.52,26.45,163.97,11.57,166.49,95.09,-101.28
17.16,6.80,-3.05,4.07,-12.18,175.58,38.97,83.37,90.60,0.58,-26.93,-53.68,19.38,26.45,163.62,11.57,166.46,95.11,-101.16
17.30,7.16,-3.20,4.04,-12.08,175.15,38.97,83.62,90.78,0.75,-26.89,-53.68,19.42,26.45,163.79,11.57,166.32,95.11,-101.16
17.42,12.94,-2.96,5.95,-12.06,178.46,39.15,77.77,90.57,0.75,-26.86,-53.73,19.30,26.28,163.80,11.27,166.50,95.14,-101.16
17.57,13.19,-2.96,5.96,-12.06,178.34,39.15,77.89,90.58,0.91,-26.96,-53.73,19.52,26.28,163.82,11.27,166.53,95.14,-101.16
17.73,5.60,-3.06,3.98,-12.18,175.11,39.01,85.92,90.73,1.11,-27.05,-53.64,19.43,26.46,164.05,11.26,166.63,94.80,-101.05
17.87,4.67,-3.29,4.58,-11.96,175.55,38.98,86.22,90.56,1.09,-27.09,-53.83,19.29,26.34,164.14,11.44,166.66,95.13,-100.86
18.03,10.96,-3.04,6.62,-11.92,177.81,38.74,80.13,90.70,1.27,-27.26,-53.50,19.13,26.07,164.38,11.36,166.93,94.93,-100.69
18.17,5.73,-2.95,5.12,-11.80,175.36,38.92,85.81,90.67,1.45,-27.33,-53.50,18.90,26.07,164.21,11.36,167.16,95.15,-101.12
18.33,8.75,-2.78,5.94,-11.91,175.83,38.59,83.36,90.67,1.45,-27.49,-53.37,18.64,26.19,164.40,11.43,167.11,95.17,-100.91
18.48,5.49,-2.52,5.79,-11.42,-0.92,37.86,80.80,91.08,17.58,-27.74,-53.64,19.08,26.07,164.06,11.26,167.07,95.05,-100.75
18.63,-1.12,-1.62,13.46,-10.56,4.50,39.27,88.15,92.62,60.15,-27.92,-53.49,19.08,26.55,163.93,11.69,167.24,95.10,-100.86
18.77,-1.11,-2.56,13.88,-10.84,11.43,41.28,87.94,92.13,70.48,-27.97,-53.61,18.77,26.38,164.39,11.70,167.31,95.10,-100.86
18.91,-1.10,-2.32,14.04,-10.60,3.34,41.41,89.92,92.17,70.40,-28.04,-53.70,18.65,26.12,164.77,11.43,167.23,95.05,-100.75
19.02,-1.09,-1.98,13.87,-10.46,9.17,41.77,87.49,91.98,70.53,-28.11,-53.70,18.89,26.12,164.63,11.43,167.27,95.05,-100.75
19.16,-1.04,-1.66,13.35,-10.27,9.37,41.45,87.13,91.88,70.27,-28.24,-53.65,19.11,26.28,163.73,11.73,167.24,95.07,-100.78
19.29,-0.66,-1.82,12.73,-10.17,8.43,41.37,86.76,91.99,70.25,-28.28,-53.70,19.07,26.07,164.16,11.57,167.18,95.02,-100.75
19.43,-0.74,-1.96,12.77,-10.07,2.69,41.37,89.49,92.08,70.05,-28.24,-53.70,19.05,26.07,163.99,11.57,167.17,95.02,-100.75
19.55,-0.59,-1.80,12.71,-10.39,4.17,41.07,87.89,92.05,70.04,-28.18,-53.59,19.04,26.24,164.12,11.56,167.29,95.02,-100.75
19.69,0.04,-1.92,12.18,-10.29,2.27,41.10,87.91,91.64,68.79,-28.11,-53.59,18.87,26.24,164.04,11.56,167.06,95.02,-100.75
19.93,0.01,-1.96,12.42,-10.04,6.54,41.05,86.05,91.62,68.61,-28.05,-53.70,18.68,26.07,164.31,11.57,167.03,95.02,-100.75
20.06,0.02,-1.82,12.78,-10.17,4.35,41.24,86.73,91.59,69.02,-27.96,-53.46,18.59,25.93,164.37,11.58,166.82,95.15,-100.91
20.27,-0.09,-1.92,12.68,-10.29,3.47,41.10,86.29,91.59,69.24,-27.96,-53.60,18.79,25.93,164.16,11.48,166.92,95.21,-100.72
20.40,0.01,-1.82,11.76,-10.17,1.67,41.27,87.33,91.53,70.25,-28.05,-53.60,18.82,25.93,164.36,11.48,166.94,95.14,-100.81
20.53,0.96,-1.82,9.07,-9.97,-0.23,41.10,85.64,91.55,71.16,-28.07,-53.34,18.76,25.75,163.93,11.57,166.95,95.16,-100.61
20.67,2.74,-2.06,10.99,-9.99,0.57,40.92,82.74,90.08,60.89,-27.94,-53.30,18.45,25.61,164.35,11.79,167.15,95.13,-100.51
20.80,11.39,-2.26,4.67,-10.22,178.44,40.57,80.07,89.38,42.41,-27.85,-53.34,19.01,25.75,164.69,11.57,166.91,95.16,-100.61
20.93,1.85,-2.42,6.23,-10.77,-2.47,41.33,86.66,89.35,-1.66,-27.85,-53.34,19.05,25.75,164.53,11.57,166.99,95.16,-100.61
21.07,3.81,-2.97,6.16,-12.04,-5.58,41.82,81.46,92.58,-62.75,-27.76,-53.33,19.06,26.05,164.09,11.65,166.96,95.02,-100.66
21.20,1.83,-2.99,5.30,-13.66,-4.48,41.63,79.55,92.66,-90.52,-27.80,-53.33,19.21,26.05,164.03,11.65,166.97,95.02,-100.66
21.34,1.43,-3.76,4.33,-14.10,-3.07,41.39,78.42,93.06,-95.21,-27.88,-53.33,19.63,26.05,163.96,11.65,166.94,95.02,-100.66
21.47,1.13,-3.79,4.09,-14.68,-4.32,41.15,80.16,93.54,-95.30,-27.88,-53.33,19.81,26.05,163.99,11.65,166.98,95.02,-100.66
21.61,0.49,-3.68,3.68,-14.54,-4.33,40.98,80.33,93.52,-95.31,-27.87,-53.40,19.86,26.48,163.89,11.81,166.84,95.04,-101.07
21.75,0.32,-3.58,3.73,-14.63,-5.37,40.79,82.01,93.50,-95.34,-27.78,-53.33,19.84,26.44,163.72,11.64,166.82,94.99,-101.38
21.87,0.12,-3.55,3.92,-14.84,-6.20,40.59,83.57,93.36,-95.19,-27.76,-53.33,19.96,26.44,163.40,11.64,166.74,94.99,-101.38
22.00,2.34,-3.54,2.86,-14.82,-5.89,40.27,78.36,93.36,-95.03,-27.72,-53.34,19.92,26.13,163.24,11.57,166.80,95.00,-101.17
22.13,2.07,-3.44,2.79,-14.70,-6.41,40.45,78.55,93.35,-95.21,-27.65,-53.34,19.94,26.13,163.43,11.57,166.82,95.00,-101.17
22.27,1.40,-3.54,3.27,-14.82,-6.56,40.27,80.11,93.09,-94.39,-27.52,-53.34,19.77,26.13,163.64,11.57,166.94,95.00,-101.17
22.41,1.89,-3.54,3.30,-14.82,-7.94,40.27,80.74,93.09,-94.41,-27.42,-53.34,19.61,26.13,163.90,11.57,166.78,95.13,-101.33
22.54,5.66,-3.58,2.23,-14.71,170.02,39.88,78.51,93.11,-94.69,-27.42,-53.26,19.55,26.13,163.93,11.91,166.74,95.05,-101.42
22.67,1.99,-3.47,3.93,-14.57,-8.33,39.74,81.58,92.87,-95.16,-27.53,-53.26,19.77,26.13,165.75,11.91,166.31,95.05,-101.42
22.81,4.00,-3.37,3.21,-14.91,170.92,39.86,79.30,92.86,-94.95,-27.53,-53.02,19.78,25.87,165.08,11.49,166.37,94.85,-101.25
22.96,2.02,-3.41,3.32,-14.80,-8.81,39.47,81.33,92.96,-96.65,-27.58,-52.93,19.78,25.86,164.45,11.83,166.52,94.90,-101.27
23.09,4.10,-3.52,1.87,-14.94,171.60,39.61,78.65,93.02,-97.62,-27.61,-53.18,19.76,26.44,163.69,11.68,166.52,94.91,-101.66
23.22,4.63,-3.51,1.98,-15.16,171.46,39.82,78.42,93.45,-97.56,-27.53,-53.26,19.62,26.13,162.95,11.91,166.69,95.00,-101.17
23.36,3.30,-3.51,2.38,-15.16,172.01,39.82,79.19,92.69,-96.55,-27.59,-53.26,19.61,26.13,162.69,11.91,166.79,95.05,-101.42
23.49,3.89,-3.65,2.27,-14.85,171.09,39.66,78.75,92.87,-95.99,-27.73,-53.29,19.45,26.00,162.75,11.73,166.83,95.06,-101.12
23.63,1.85,-3.79,2.97,-14.75,-8.67,39.65,80.42,92.53,-95.14,-27.66,-53.07,19.34,25.87,163.34,11.74,166.91,94.97,-101.31
23.76,0.68,-3.82,3.26,-14.54,-8.00,39.82,81.35,92.39,-93.58,-27.70,-52.94,19.24,25.56,162.82,11.75,166.88,94.97,-101.31
23.89,0.82,-4.04,3.36,-14.54,-8.45,39.31,81.26,92.80,-93.17,-27.75,-53.20,19.22,25.83,162.96,11.53,166.81,95.22,-101.36
24.02,1.29,-4.40,3.27,-14.01,-9.62,39.47,80.87,92.79,-92.45,-27.03,-53.39,20.01,25.39,163.01,12.26,165.97,94.71,-101.09
24.16,1.75,-4.21,3.15,-13.88,-9.71,39.27,80.43,92.55,-91.13,-27.48,-53.29,20.01,25.69,162.25,12.68,166.21,94.44,-101.54
24.29,0.20,-3.95,3.86,-13.76,-8.83,40.01,82.14,92.55,-90.86,-27.84,-52.94,19.81,24.56,162.79,11.91,166.33,94.27,-101.68
24.42,-0.25,-4.53,4.13,-13.28,-8.72,40.17,83.22,92.58,-90.31,-28.09,-53.73,19.75,23.92,162.52,11.42,166.70,93.96,-102.62
24.56,0.03,-7.03,4.14,-14.73,-8.42,40.50,82.80,92.53,-89.81,-28.38,-56.38,19.51,25.62,162.64,9.35,166.96,93.48,-103.08
24.69,-0.16,-1.41,4.33,-17.12,-7.96,41.08,82.51,92.54,-89.40,-28.50,-51.27,19.29,25.90,162.96,8.20,167.05,94.10,-103.89
24.82,0.43,0.01,4.06,-17.34,-8.92,41.34,82.03,92.67,-89.17,-28.57,-49.82,18.89,25.71,163.11,8.08,167.13,94.39,-103.91
24.96,-1.34,2.46,4.95,-15.82,-8.07,42.35,84.07,92.58,-88.31,-28.71,-46.77,19.02,22.32,162.88,8.45,167.15,94.89,-105.64
25.09,-0.75,4.24,4.86,-15.67,-8.46,42.33,83.43,92.55,-88.02,-28.81,-45.24,19.06,22.64,162.86,8.87,167.26,95.48,-107.22
25.22,-1.54,3.86,5.00,-15.80,-8.43,42.34,84.02,92.56,-87.65,-29.00,-45.55,18.83,22.10,163.12,8.79,167.38,95.11,-105.74
25.36,-2.05,1.46,5.11,-16.74,-8.23,42.25,84.30,92.33,-87.70,-29.27,-47.94,18.55,23.43,163.39,7.46,167.50,94.63,-104.58
25.49,1.17,1.43,3.98,-16.79,-11.69,42.65,84.73,92.47,-84.89,-29.45,-47.88,18.52,23.56,163.23,7.21,167.42,94.92,-104.50
25.63,3.66,1.23,4.81,-16.08,-9.09,41.54,85.73,93.21,-62.59,-29.60,-47.68,18.51,23.72,163.18,7.55,167.54,95.13,-104.93
25.76,3.06,0.49,5.98,-14.72,-4.96,39.99,86.28,91.97,24.20,-29.98,-48.56,18.88,23.19,162.72,7.67,167.67,95.17,-104.33
25.90,-0.86,1.55,9.15,-10.81,-0.19,39.73,83.48,91.87,41.46,-30.09,-48.82,19.11,23.53,161.29,7.83,167.97,95.13,-103.84
26.03,-0.26,0.00,10.92,-10.44,3.17,39.99,82.41,91.96,43.35,-30.12,-49.10,19.32,23.22,161.79,7.78,167.82,95.30,-103.63
26.17,-2.50,-0.57,11.72,-10.43,4.72,40.12,84.29,91.67,40.40,-30.14,-48.94,19.28,23.02,162.74,8.04,167.66,95.28,-103.83
26.30,-2.94,0.28,8.90,-9.62,1.06,40.74,85.69,91.32,38.24,-30.19,-49.26,19.55,23.20,162.44,8.11,167.78,95.68,-104.07
26.43,-2.44,0.42,7.62,-9.25,-0.35,40.13,86.77,91.45,37.37,-30.34,-49.16,19.24,23.43,161.15,8.60,168.22,95.42,-104.31
26.56,-2.83,0.25,11.59,-8.77,4.71,39.43,86.63,91.23,35.99,-30.53,-49.20,19.48,23.42,161.29,9.35,168.20,95.18,-104.34
26.69,-0.57,0.29,9.89,-7.88,3.52,39.61,82.49,91.03,35.73,-30.70,-49.27,19.06,21.87,161.20,10.83,168.41,95.52,-103.92
26.84,-3.29,-0.56,10.44,-7.60,4.36,39.68,84.53,91.36,35.75,-31.02,-49.64,19.17,21.47,161.07,10.75,168.26,95.71,-103.58
26.97,-3.53,-1.62,8.71,-7.97,1.95,39.91,84.86,91.47,35.47,-31.11,-50.60,19.07,21.91,161.10,9.99,168.46,95.59,-102.86
27.10,-2.08,-2.00,10.68,-8.53,5.10,40.37,84.51,91.15,35.25,-31.15,-51.05,18.47,22.28,160.52,9.22,168.55,95.49,-102.54
27.22,-3.76,-2.12,8.88,-8.43,2.34,40.40,85.77,91.31,35.25,-31.26,-51.23,18.70,22.24,160.66,9.44,168.49,95.76,-102.54
27.35,-2.28,-2.26,10.41,-8.34,4.38,40.40,83.09,91.24,35.44,-31.24,-51.23,18.83,22.24,160.79,9.44,168.49,95.57,-102.69
27.49,-1.24,-2.36,8.47,-8.20,2.87,39.96,82.36,91.26,35.22,-31.21,-51.30,18.34,22.28,158.82,9.60,167.83,95.69,-102.85
27.62,-3.18,-2.46,7.24,-8.58,1.53,40.09,84.94,91.16,35.17,-31.39,-51.31,18.91,22.71,158.52,9.71,168.34,95.60,-102.71
27.76,-2.67,-2.64,5.45,-8.68,-0.32,40.32,85.59,91.34,35.61,-31.41,-51.73,18.76,22.69,158.30,9.30,168.59,95.71,-102.61
27.89,-2.83,-2.71,5.62,-8.19,-1.42,39.69,85.38,91.58,37.27,-31.00,-51.78,18.89,22.67,159.73,9.61,168.45,95.90,-102.57
28.03,-3.11,-2.72,10.13,-8.17,1.47,39.36,86.21,91.49,43.01,-30.79,-51.70,18.72,23.00,159.91,9.73,168.41,95.88,-102.74
28.16,-2.48,-2.85,10.65,-8.27,1.80,39.59,86.28,92.63,68.10,-30.68,-51.87,18.42,23.05,160.53,9.56,168.20,95.72,-102.47
28.30,-4.09,-3.15,12.08,-8.74,1.48,40.82,88.34,93.02,68.95,-30.27,-51.84,18.73,23.14,161.48,9.17,168.14,95.62,-102.41
28.42,-4.21,-2.89,12.19,-8.50,2.09,40.67,88.85,93.00,68.58,-30.29,-51.73,19.12,22.99,161.38,9.37,168.10,95.77,-102.40
28.56,-3.98,-2.56,12.14,-8.33,1.45,40.69,88.69,92.75,68.23,-30.26,-51.73,19.12,22.99,161.14,9.37,168.07,95.71,-102.71
28.69,-4.32,-2.69,12.65,-8.24,1.71,40.69,88.87,92.95,67.09,-30.11,-51.69,19.41,22.86,161.34,9.59,168.08,95.69,-102.61
28.82,-2.17,-2.80,8.38,-8.36,2.15,40.52,84.17,92.00,56.93,-29.89,-51.69,19.42,22.86,161.85,9.59,167.94,95.75,-102.31
28.96,-3.00,-3.36,7.89,-8.56,-3.28,40.71,86.39,92.07,-3.32,-29.80,-51.86,19.38,23.29,162.70,9.36,167.85,95.59,-102.55
29.09,-1.50,-3.58,6.67,-10.50,-7.00,41.80,84.30,93.65,-51.46,-29.62,-52.08,19.46,23.40,163.14,9.35,167.65,95.81,-102.51
29.22,-1.90,-3.27,6.30,-11.15,-6.39,41.73,82.13,93.22,-87.80,-29.60,-52.08,19.44,23.40,162.88,9.35,167.64,95.81,-102.51
29.36,-2.95,-3.96,6.26,-11.29,-5.50,42.44,80.68,92.03,-97.27,-29.45,-51.74,19.60,23.47,163.05,9.35,167.64,95.59,-102.55
29.49,-3.48,-4.98,6.05,-12.32,-5.79,42.02,81.04,92.14,-95.13,-29.41,-51.82,19.55,23.20,163.41,9.44,167.42,95.61,-102.34
29.62,-1.36,-4.42,4.76,-12.36,-9.67,41.83,86.02,92.17,-83.24,-29.42,-51.74,19.65,23.47,163.51,9.35,167.37,95.59,-102.55
29.76,-0.34,-4.13,4.90,-12.27,-7.13,40.61,87.49,93.18,-13.73,-29.43,-51.95,19.66,23.50,163.57,9.42,167.39,95.59,-102.46
29.89,-0.32,-1.81,12.35,-10.13,7.11,37.59,86.77,93.81,25.34,-29.38,-52.16,19.30,23.92,162.91,9.49,167.25,95.99,-102.36
30.02,0.37,-1.64,8.98,-9.37,1.76,39.28,86.17,95.18,63.03,-29.14,-52.31,18.82,23.60,163.35,9.38,167.22,95.92,-102.02
30.16,-1.68,-2.60,11.19,-9.18,2.70,41.62,86.81,91.82,70.19,-28.93,-52.22,18.51,23.80,163.88,9.37,167.07,95.81,-102.00
30.29,-2.71,-4.13,11.81,-9.46,3.81,43.19,86.73,91.92,70.80,-29.11,-52.22,19.31,23.84,163.55,9.24,167.39,95.77,-102.31
30.42,-2.56,-3.45,13.19,-9.38,7.12,43.44,87.20,91.34,68.21,-29.13,-52.30,19.09,23.84,163.46,9.53,167.46,95.81,-102.00
30.56,0.25,-3.07,11.11,-9.84,7.85,42.52,81.18,92.95,12.05,-29.22,-52.44,18.95,23.88,163.51,9.36,167.69,95.81,-102.00
30.69,4.70,-3.02,6.71,-11.39,-6.13,43.58,85.28,93.29,-25.60,-29.39,-52.51,18.92,24.16,163.54,9.28,167.61,95.80,-102.26
30.82,1.70,-3.52,7.18,-12.72,3.74,44.01,73.22,94.45,-58.72,-29.54,-52.66,19.21,24.21,163.29,9.11,167.74,95.68,-102.10
30.96,-1.84,-3.81,5.84,-13.35,-4.91,44.27,76.94,89.38,-95.29,-29.48,-52.48,19.20,24.23,163.71,8.89,167.78,95.55,-101.93
31.09,-3.68,-6.70,4.50,-13.98,-5.86,43.47,77.78,88.93,-95.04,-29.80,-52.52,19.62,24.37,164.14,8.67,167.48,95.58,-102.03
31.22,-3.46,-5.90,4.02,-14.12,-6.95,42.73,78.55,88.30,-95.23,-29.73,-52.44,19.67,24.68,163.95,9.08,167.49,95.30,-102.47
31.36,0.24,-3.73,4.83,-14.23,-10.97,42.75,88.45,91.58,-69.54,-29.47,-51.95,19.31,24.30,163.90,8.82,167.37,95.47,-102.44
31.49,10.79,-0.48,6.95,-12.97,173.56,38.23,86.03,91.85,-26.88,-29.51,-51.84,19.15,23.84,163.94,8.95,167.51,95.63,-102.56
31.62,12.75,0.73,6.69,-11.50,-178.18,36.93,81.32,93.66,9.26,-29.59,-51.97,18.94,24.14,163.73,8.93,167.55,95.74,-102.50
31.76,0.01,1.37,13.65,-10.42,7.87,38.89,89.30,95.51,64.97,-29.36,-51.78,18.65,24.30,163.79,8.48,167.59,95.73,-102.46
31.89,-1.79,-1.37,16.04,-9.32,10.25,45.51,83.09,93.41,67.95,-29.10,-51.94,18.24,24.49,164.32,8.49,167.65,95.95,-102.36
32.02,-2.65,-3.22,16.01,-9.49,10.34,45.53,82.73,90.89,68.47,-29.10,-51.94,18.50,24.18,164.29,8.42,167.61,95.81,-102.66
32.16,-2.79,-3.19,15.72,-9.72,7.91,45.06,85.44,91.99,67.47,-28.87,-51.80,18.78,24.14,164.46,8.59,167.51,95.81,-102.66
32.29,1.60,-0.83,14.37,-10.28,8.91,43.62,86.87,91.51,46.73,-28.66,-51.94,19.16,24.18,164.34,8.42,167.52,95.81,-102.66
32.42,3.17,-0.36,11.45,-11.28,-2.13,43.69,90.25,93.29,5.09,-28.53,-51.94,19.31,24.18,164.28,8.42,167.54,95.97,-102.15
32.56,5.03,-0.65,7.30,-12.86,-8.35,42.84,82.17,98.53,-58.07,-28.54,-52.06,19.39,24.31,164.36,8.50,167.65,95.76,-102.29
32.69,1.47,-0.70,7.89,-13.33,-7.22,41.61,82.74,96.45,-85.44,-28.40,-52.12,18.66,25.29,164.94,8.60,167.48,95.69,-102.87
32.82,-1.58,-2.84,7.14,-13.33,-7.08,41.01,76.87,94.53,-92.06,-28.40,-52.24,18.94,25.12,165.13,8.60,167.59,95.59,-102.60
32.96,-2.40,-4.62,5.28,-14.24,-7.53,40.38,76.10,89.44,-98.20,-28.47,-52.24,18.85,25.12,165.25,8.60,167.53,95.59,-102.60
33.09,0.41,-5.22,4.81,-15.00,-8.15,39.63,73.51,90.23,-96.41,-28.41,-52.24,19.07,25.42,87.24,8.68,174.51,95.57,-102.81
33.22,2.85,-3.77,5.10,-14.74,-10.58,39.32,76.65,90.57,-94.11,-28.36,-52.42,19.18,25.29,165.02,8.85,167.49,95.45,-102.65
33.36,4.38,-2.62,5.48,-14.30,-11.95,38.77,86.87,93.76,-56.89,-28.55,-52.60,19.03,25.11,164.59,8.46,167.54,95.49,-102.45
33.50,9.17,-1.63,4.93,-12.56,172.57,36.69,90.85,94.75,-15.72,-28.64,-52.80,18.49,25.06,164.55,8.32,167.68,95.48,-102.17
33.63,3.25,-1.02,12.86,-11.68,7.61,37.35,87.52,97.60,21.45,-28.61,-53.02,18.67,25.50,164.31,8.10,167.65,95.73,-101.99
33.75,-0.04,-0.99,14.60,-11.16,7.23,38.21,87.77,95.89,66.40,-28.47,-52.98,18.66,25.37,164.17,8.32,167.52,95.78,-101.80
33.89,-1.28,-4.52,16.11,-10.06,9.45,44.55,84.36,94.86,69.35,-28.51,-53.10,18.70,24.86,164.64,7.90,167.49,95.86,-101.52
34.03,-2.07,-5.63,16.34,-10.18,9.42,44.03,84.24,93.12,68.96,-28.67,-53.19,18.29,24.99,165.17,7.92,167.34,95.63,-101.76
34.17,-1.99,-4.61,16.05,-9.95,8.21,44.52,85.75,93.61,67.80,-28.47,-53.01,18.03,24.69,165.21,8.34,167.29,95.54,-101.72
34.30,1.10,-3.07,13.94,-10.74,10.90,43.19,86.59,93.03,49.94,-28.53,-53.18,18.63,25.31,164.79,8.41,167.27,95.63,-101.94
34.43,3.01,-2.73,10.92,-11.61,-3.37,42.94,95.11,94.48,12.13,-28.54,-53.18,18.63,25.31,164.79,8.41,167.12,95.63,-101.94
34.57,7.94,-2.46,5.97,-13.07,172.42,42.77,87.44,100.73,-57.60,-28.52,-53.18,19.08,25.31,165.03,8.41,167.32,95.63,-101.94
34.70,3.40,-1.55,7.68,-13.44,-5.25,41.29,82.89,99.52,-77.20,-28.43,-52.96,18.75,25.51,165.05,8.49,167.02,95.46,-102.10
34.83,0.08,-2.65,6.77,-13.24,-5.87,41.46,80.47,97.08,-85.74,-28.36,-52.96,18.63,25.20,165.14,8.42,166.88,95.48,-101.89
34.97,-1.76,-4.75,6.48,-13.49,-5.95,40.91,79.95,93.08,-90.01,-28.20,-52.96,18.73,25.20,166.16,8.42,166.99,95.41,-101.98
35.10,-2.09,-4.96,5.96,-13.75,-6.10,40.87,80.26,92.86,-89.53,-28.12,-53.18,18.96,25.62,165.95,8.49,166.96,95.63,-102.04
35.23,-1.21,-3.96,5.60,-14.06,-7.69,40.52,82.19,92.77,-89.56,-28.00,-53.18,18.76,25.62,165.77,8.49,166.86,95.63,-102.04
35.37,2.12,-2.94,4.74,-14.33,-12.02,39.57,91.61,95.81,-67.84,-27.95,-53.05,18.64,25.36,166.07,8.62,166.89,95.46,-101.80
35.50,11.66,-1.09,6.49,-13.13,170.98,36.83,91.16,97.00,-24.51,-27.89,-53.12,18.68,25.09,165.93,8.71,166.99,95.40,-101.68
35.63,0.36,0.93,14.43,-12.04,4.43,36.66,93.58,99.20,16.78,-27.89,-52.59,18.79,25.15,165.68,8.64,167.17,95.62,-102.20
35.76,-1.13,1.32,14.35,-10.27,5.13,38.16,89.26,97.73,66.13,-28.22,-52.47,19.05,25.32,165.46,8.63,167.17,95.69,-102.66
