Timestamp,Kinect left shoulder flex.-ext.,WISE left shoulder flex.-ext.,Kinect left shoulder abd.-add.,WISE left shoulder abd.-add.,Kinect left shoulder int.- ext.,WISE left shoulder int.- ext.,Kinect left elbow flex.-ext.,WISE left elbow flex.-ext.,WISE left forearm pro.- sup.,Kinect right shoulder flex.-ext.,WISE right shoulder flex.-ext.,Kinect right shoulder Abd.-Add.,WISE right shoulder abd.-add.,Kinect right shoulder int.-ext.,WISE right shoulder int.-ext.,Kinect right elbow flex.-ext.,WISE right elbow flex.-ext.,WISE right forearm pro.-sup.
0.00,-8.00,2.75,10.05,10.17,666.00,9.89,24.12,24.87,2.41,-11.16,7.79,9.07,9.98,666.00,-0.72,23.55,13.91,-52.61
0.23,-8.82,3.40,10.76,11.26,666.00,9.92,25.75,24.34,1.62,-11.42,7.16,9.24,10.63,666.00,-2.11,23.88,14.93,-51.20
0.38,-7.59,3.29,10.52,11.16,666.00,10.07,23.81,24.32,1.64,-12.21,6.80,9.14,10.72,666.00,-2.47,23.62,14.95,-51.05
0.61,-7.75,3.29,10.22,11.16,666.00,10.07,23.45,24.31,1.33,-11.90,5.88,9.36,10.95,666.00,-3.95,24.37,14.72,-50.74
0.75,-7.20,2.93,10.17,11.07,666.00,10.03,23.08,24.48,1.63,-11.79,5.60,9.35,10.90,666.00,-4.61,24.38,15.21,-50.33
0.89,-6.69,2.93,10.10,11.07,666.00,10.03,22.53,24.64,1.75,-12.63,5.60,9.29,10.90,666.00,-4.61,24.95,15.39,-50.20
1.01,-6.39,2.93,9.99,11.07,666.00,10.03,22.21,24.85,1.80,-13.01,5.60,9.25,10.90,666.00,-4.61,24.96,15.48,-49.48
1.15,-5.82,3.36,9.75,10.74,666.00,9.90,21.26,24.50,2.06,-13.04,5.56,9.23,10.74,666.00,-4.76,24.36,15.48,-49.48
1.28,-5.39,3.71,9.52,10.54,666.00,9.94,21.22,24.43,1.68,-12.34,6.05,9.23,11.22,666.00,-5.25,23.22,15.52,-49.56
1.49,-5.04,3.53,9.55,10.49,666.00,9.44,21.04,24.24,2.02,-12.70,6.10,9.24,11.37,666.00,-4.84,23.60,15.63,-49.96
1.62,-5.77,3.53,9.50,10.49,666.00,9.44,21.27,24.24,2.02,-12.66,6.07,9.42,11.58,666.00,-5.10,23.60,15.54,-50.13
1.77,-5.95,3.83,9.62,10.71,666.00,9.85,21.94,24.23,1.65,-12.57,6.07,9.46,11.59,666.00,-5.36,23.64,15.54,-49.88
1.90,-5.75,4.06,9.67,11.12,666.00,9.88,21.42,24.18,1.53,-12.59,6.08,9.57,11.42,666.00,-5.19,24.00,15.62,-50.09
2.03,-6.21,4.79,9.87,11.91,666.00,10.54,21.74,23.86,0.78,-11.80,6.51,9.56,11.42,666.00,-5.67,23.62,15.58,-49.73
2.16,-8.10,4.80,11.18,13.06,666.00,10.21,26.07,24.05,0.66,-11.78,6.51,9.54,11.42,666.00,-5.67,23.69,15.62,-49.67
2.30,-8.12,5.08,13.20,14.29,666.00,9.79,25.64,23.56,0.69,-11.58,6.41,9.45,11.49,666.00,-5.72,23.60,15.60,-49.60
2.43,-9.12,6.08,17.49,18.72,666.00,7.43,27.25,23.32,-0.17,-11.67,6.25,9.31,11.32,666.00,-6.24,23.74,15.78,-49.04
2.56,-10.12,9.11,29.18,27.30,-4.95,2.50,30.38,22.07,-1.70,-12.60,6.59,9.84,11.37,666.00,-5.94,24.85,15.75,-49.32
2.68,-10.34,11.69,47.88,36.37,-13.44,-2.64,32.88,21.13,-0.95,-12.82,6.83,10.08,11.33,666.00,-6.56,25.10,15.66,-49.90
2.83,1.99,17.61,67.70,50.23,666.00,-7.73,29.16,18.42,4.63,-13.02,7.03,10.03,11.15,666.00,-6.23,25.01,15.72,-50.07
2.96,79.32,61.01,88.58,82.55,666.00,-24.02,12.95,8.04,30.27,-13.31,6.81,10.15,11.32,666.00,-6.64,25.17,15.98,-49.45
3.10,124.28,105.45,95.13,93.22,666.00,-23.92,9.91,8.53,31.16,-13.36,6.31,10.38,11.46,666.00,-7.16,24.22,15.48,-49.82
3.24,131.05,128.05,96.37,98.67,666.00,-24.28,10.43,6.99,33.78,-13.95,5.47,10.23,11.00,666.00,-7.65,23.58,14.93,-49.45
3.37,142.90,125.79,97.95,98.55,666.00,-25.35,11.97,6.19,35.30,-13.83,4.59,10.52,10.44,666.00,-7.45,23.63,16.15,-48.85
3.50,136.41,124.06,97.37,98.10,666.00,-25.73,10.83,6.46,36.01,-14.08,4.96,10.35,10.90,666.00,-6.79,24.54,17.05,-49.17
3.65,129.93,125.10,96.36,98.46,666.00,-27.88,9.92,6.58,36.39,-14.23,5.21,11.15,11.80,666.00,-6.58,25.94,17.14,-49.23
3.78,129.14,125.10,95.77,98.46,666.00,-27.88,10.24,6.29,36.17,-14.42,5.41,11.48,12.50,666.00,-6.69,26.17,16.89,-47.42
3.91,129.70,125.06,95.69,98.89,666.00,-27.94,9.23,6.14,37.72,-14.87,5.26,11.73,12.73,666.00,-7.28,26.43,16.87,-47.65
4.05,139.53,129.34,95.84,99.45,666.00,-28.18,11.19,7.08,37.87,-15.17,4.94,12.03,13.65,666.00,-7.22,27.02,17.11,-48.11
4.19,144.20,128.75,96.24,99.66,666.00,-27.83,12.46,7.21,37.53,-14.83,4.97,11.82,13.75,666.00,-7.66,26.96,16.72,-48.11
4.32,146.66,129.45,96.14,99.62,666.00,-27.83,12.28,7.55,37.09,-14.79,4.90,11.76,13.61,666.00,-7.67,26.73,16.90,-47.69
4.47,150.15,129.22,96.12,99.80,666.00,-27.88,12.52,7.16,37.34,-14.73,4.73,11.71,13.28,666.00,-7.66,26.67,17.16,-47.27
4.60,152.50,129.99,96.14,100.04,666.00,-27.63,12.47,7.48,36.79,-14.63,4.90,11.67,13.36,666.00,-7.86,26.73,16.85,-47.20
4.73,153.58,129.24,96.19,99.80,666.00,-28.19,12.74,7.64,37.09,-14.66,5.02,11.68,13.50,666.00,-7.80,27.11,17.06,-47.61
4.86,155.55,129.46,96.23,99.97,666.00,-27.96,12.99,7.50,36.87,-14.60,5.12,11.69,13.60,666.00,-7.91,27.29,17.06,-47.58
5.00,155.70,129.91,96.01,99.87,666.00,-27.99,13.19,7.64,34.81,-14.55,5.12,11.62,13.60,666.00,-7.91,27.13,16.88,-47.70
5.13,156.67,120.43,92.43,97.20,666.00,-28.19,15.49,8.11,32.34,-14.43,4.88,11.56,13.53,666.00,-8.03,26.89,16.82,-47.64
5.26,-11.43,106.12,77.16,93.54,666.00,-28.29,21.98,9.56,29.60,-14.36,4.64,11.41,13.08,666.00,-8.26,26.67,16.72,-49.10
5.42,-10.33,58.57,52.41,82.12,666.00,-24.61,20.75,6.37,20.32,-14.23,4.41,11.07,13.23,666.00,-8.71,26.26,16.68,-48.86
5.56,-7.98,19.97,19.90,51.00,666.00,-18.74,13.13,13.46,20.00,-14.51,4.11,10.83,13.02,666.00,-9.38,26.22,16.68,-48.35
5.70,-2.51,9.26,5.45,21.72,666.00,-6.51,6.58,19.43,9.83,-15.68,3.56,11.11,12.84,666.00,-8.23,27.50,16.80,-47.81
5.86,-8.05,11.05,15.33,13.19,666.00,-0.56,14.39,10.69,-19.75,-14.48,7.15,11.25,12.83,666.00,-9.90,26.90,17.42,-46.55
6.00,-8.78,8.80,18.31,18.07,666.00,-3.89,16.28,9.65,-15.48,-13.64,5.97,12.07,15.04,666.00,-8.23,26.94,17.54,-50.27
6.15,-9.02,7.80,15.74,20.74,666.00,-8.65,15.90,11.81,-31.73,-13.89,6.27,12.22,15.04,666.00,-8.74,26.57,17.41,-49.47
6.28,-9.92,7.38,13.12,14.74,666.00,-3.02,20.22,12.49,-34.66,-14.21,5.53,11.50,14.32,666.00,-9.47,25.13,14.05,-57.18
6.42,-9.19,6.83,11.68,11.25,666.00,-0.74,20.49,16.81,-27.81,-14.24,4.99,11.02,13.27,666.00,-10.97,23.95,13.69,-59.15
6.56,-8.03,6.86,12.82,13.56,666.00,-0.27,22.02,19.28,-27.68,-14.07,4.80,11.07,13.82,666.00,-11.17,23.95,13.77,-59.14
6.70,-6.97,6.77,13.31,13.58,666.00,-0.59,22.10,21.12,-28.31,-13.95,4.87,11.27,13.82,666.00,-10.85,24.61,15.21,-58.40
6.85,-6.24,8.35,13.67,15.26,666.00,-0.51,22.04,20.42,-30.52,-13.74,6.56,10.93,13.64,666.00,-9.67,25.44,14.77,-60.26
6.99,-5.38,8.30,13.52,15.15,666.00,-0.58,22.12,20.57,-30.25,-13.96,6.44,10.98,13.44,666.00,-9.38,25.80,14.91,-58.99
7.13,-4.48,8.30,12.81,15.15,666.00,-0.58,20.68,21.07,-28.65,-13.18,6.44,11.11,13.44,666.00,-9.38,24.93,14.42,-58.35
7.28,-3.83,8.52,12.48,14.17,666.00,0.65,20.05,20.61,-29.35,-13.45,5.68,11.27,14.30,666.00,-9.24,24.93,14.65,-59.08
7.44,-3.31,8.56,12.41,14.59,666.00,0.27,19.33,20.36,-29.21,-13.55,5.95,11.24,14.12,666.00,-9.45,24.93,14.52,-59.42
7.59,-3.37,8.44,12.00,14.60,666.00,0.04,19.86,20.37,-29.47,-13.67,5.86,11.23,14.06,666.00,-9.68,25.07,14.72,-59.00
7.73,-2.58,8.54,11.93,14.17,666.00,-0.41,19.19,20.54,-29.81,-13.92,5.68,11.18,13.90,666.00,-9.54,25.04,15.06,-59.13
7.89,-2.50,8.48,11.62,14.03,666.00,-0.04,19.05,20.48,-30.32,-14.03,5.76,11.21,14.26,666.00,-9.73,24.94,14.86,-59.25
8.04,-2.62,8.55,11.60,13.79,666.00,-0.31,19.53,20.49,-29.93,-14.13,5.82,11.15,14.42,666.00,-9.59,25.03,15.23,-59.38
8.20,-2.91,7.85,11.57,13.83,666.00,-0.28,19.71,20.94,-29.62,-13.92,5.70,11.12,14.69,666.00,-9.57,24.81,15.17,-59.28
8.33,-3.32,7.99,11.81,13.70,666.00,-0.18,19.83,20.54,-28.93,-13.61,5.83,11.14,14.59,666.00,-9.70,24.53,14.89,-59.24
8.47,-3.42,8.04,12.17,13.72,666.00,0.05,19.92,20.69,-29.03,-13.42,5.70,11.18,14.69,666.00,-9.57,24.31,15.04,-59.24
8.62,-3.04,8.31,13.18,13.73,666.00,0.24,20.33,20.88,-28.66,-13.51,5.70,11.06,14.69,666.00,-9.57,24.32,15.09,-58.79
8.75,-3.19,8.61,13.64,13.96,666.00,0.62,21.67,20.74,-28.52,-13.58,5.83,11.01,14.84,666.00,-9.51,24.35,15.13,-58.78
8.89,-2.48,8.66,13.47,13.73,666.00,0.88,20.38,20.87,-28.52,-13.51,6.08,11.02,14.88,666.00,-9.31,24.45,14.99,-58.27
9.03,-3.13,8.53,13.75,13.85,666.00,0.77,21.84,20.88,-28.31,-13.52,5.96,11.09,14.97,666.00,-9.18,24.65,15.24,-58.12
9.16,-3.90,8.56,14.04,14.00,666.00,0.93,23.18,20.93,-28.00,-13.56,6.16,11.17,14.86,666.00,-9.12,24.76,14.98,-58.32
9.30,-4.38,8.61,14.15,13.96,666.00,0.62,23.73,20.67,-28.04,-13.52,6.22,11.23,15.01,666.00,-8.98,24.81,15.06,-58.44
9.45,-5.01,8.61,14.12,13.96,666.00,0.62,24.17,20.62,-28.35,-13.14,6.22,11.28,15.01,666.00,-8.98,24.45,14.88,-58.56
9.59,-5.73,8.65,14.12,14.11,666.00,0.78,24.71,20.62,-28.35,-12.89,6.04,11.35,14.71,666.00,-9.19,24.32,15.02,-58.45
9.73,-6.62,8.61,13.94,13.96,666.00,0.62,26.69,20.57,-27.89,-12.77,6.09,11.33,14.87,666.00,-9.04,24.17,15.08,-58.66
9.87,-6.90,8.61,13.40,13.96,666.00,0.62,27.03,20.57,-27.89,-12.94,6.09,11.36,14.87,666.00,-9.04,24.28,15.02,-58.45
10.02,-5.08,8.47,12.80,13.71,666.00,1.14,23.62,20.61,-28.07,-13.68,6.09,11.34,14.87,666.00,-9.04,24.83,14.84,-58.57
10.28,-5.21,8.47,12.41,13.71,666.00,1.14,23.68,20.61,-28.07,-13.57,6.09,11.35,14.87,666.00,-9.04,24.80,15.02,-58.45
10.42,-4.05,8.47,12.42,13.71,666.00,1.14,21.94,20.54,-27.59,-13.95,6.09,11.17,14.87,666.00,-9.04,25.41,15.02,-58.45
10.56,-4.18,8.47,12.35,13.71,666.00,1.14,21.95,20.01,-26.93,-13.64,6.09,11.07,14.87,666.00,-9.04,25.32,15.02,-58.45
10.70,-3.29,8.47,12.44,13.71,666.00,1.14,21.32,19.84,-26.35,-13.83,6.09,10.85,14.87,666.00,-9.04,25.48,15.02,-58.45
10.84,-3.51,8.47,12.16,13.71,666.00,1.14,21.55,19.84,-26.35,-13.89,6.09,10.81,14.87,666.00,-9.04,25.94,15.02,-58.45
10.97,-3.23,8.47,12.03,13.71,666.00,1.14,19.90,19.84,-26.35,-13.82,6.09,11.05,14.87,666.00,-9.04,25.78,15.02,-58.45
11.10,-2.24,8.47,12.05,13.71,666.00,1.14,18.34,19.84,-26.35,-13.88,6.09,11.08,14.87,666.00,-9.04,25.82,15.02,-58.45
11.25,-3.27,8.47,12.55,13.71,666.00,1.14,20.95,19.84,-26.35,-14.30,6.09,11.43,14.87,666.00,-9.04,26.17,15.02,-58.45
11.50,-3.18,8.47,12.85,13.71,666.00,1.14,23.66,19.84,-26.35,-14.28,6.09,11.47,14.87,666.00,-9.04,26.09,15.02,-58.45
11.65,1.57,8.47,12.34,13.71,6.32,1.14,34.69,19.84,-26.35,-14.39,6.09,11.55,14.87,666.00,-9.04,26.31,15.02,-58.45
11.88,6.71,8.47,11.13,13.71,6.58,1.14,47.02,19.84,-26.35,-14.73,6.09,11.25,14.87,666.00,-9.04,26.33,15.02,-58.45
12.02,8.48,8.47,9.57,13.71,4.84,1.14,59.38,19.84,-26.35,-14.60,6.09,11.38,14.87,666.00,-9.04,26.49,15.02,-58.45
12.16,6.14,8.47,8.70,13.71,5.92,1.14,80.38,19.84,-26.35,-14.86,6.09,11.32,14.87,666.00,-9.04,26.79,15.02,-58.45
12.29,5.04,8.47,7.44,13.71,-1.12,1.14,83.77,19.84,-26.35,-14.96,6.09,11.25,14.87,666.00,-9.04,27.18,15.02,-58.45
12.43,18.44,8.47,3.94,13.71,-176.28,1.14,80.95,19.84,-26.35,-15.36,6.09,10.73,14.87,666.00,-9.04,27.25,15.02,-58.45
12.56,24.45,8.47,6.92,13.71,-161.24,1.14,94.00,19.84,-26.35,-15.59,6.09,10.37,14.87,666.00,-9.04,26.92,15.02,-58.45
12.72,27.10,8.47,2.29,13.71,-154.21,1.14,102.25,19.84,-26.35,-16.18,6.09,9.47,14.87,666.00,-9.04,26.30,15.02,-58.45
12.88,32.83,8.47,-12.61,13.71,-143.75,1.14,98.65,19.84,-26.35,-17.47,6.09,6.68,14.87,666.00,-9.04,26.54,15.02,-58.45
13.04,31.61,8.47,-12.86,13.71,-139.25,1.14,99.79,19.84,-26.35,-17.13,6.09,6.33,14.87,666.00,-9.04,26.06,15.02,-58.45
13.20,32.91,8.47,-16.22,13.71,-142.11,1.14,99.10,19.84,-26.35,-17.06,6.09,6.89,14.87,666.00,-9.04,25.97,15.02,-58.45
13.35,33.00,8.47,-15.83,13.71,-139.76,1.14,94.51,19.84,-26.35,-16.74,6.09,7.12,14.87,666.00,-9.04,25.70,15.02,-58.45
13.49,33.21,8.47,-16.18,13.71,-137.58,1.14,93.33,19.84,-26.35,-16.57,6.09,7.18,14.87,666.00,-9.04,25.57,15.02,-58.45
13.62,33.32,8.47,-16.10,13.71,-140.75,1.14,102.60,19.84,-26.35,-16.24,6.09,7.23,14.87,666.00,-9.04,25.22,15.02,-58.45
13.78,33.49,8.47,-16.52,13.71,-140.79,1.14,102.62,19.84,-26.35,-16.10,6.09,7.24,14.87,666.00,-9.04,25.05,15.02,-58.45
13.92,32.46,8.47,-14.72,13.71,-141.85,1.14,104.00,19.84,-26.35,-16.08,6.09,7.37,14.87,666.00,-9.04,25.59,15.02,-58.45
14.06,31.93,8.47,-13.90,13.71,-140.96,1.14,105.36,19.84,-26.35,-16.13,6.09,7.12,14.87,666.00,-9.04,25.90,15.02,-58.45
14.20,34.29,8.47,-19.16,13.71,-139.21,1.14,103.01,19.84,-26.35,-16.55,6.09,5.72,14.87,666.00,-9.04,26.25,15.02,-58.45
14.35,33.16,8.47,-17.63,13.71,-131.88,1.14,98.80,19.84,-26.35,-16.45,6.09,5.53,14.87,666.00,-9.04,26.15,15.02,-58.45
14.48,34.37,8.47,-19.37,13.71,-138.07,1.14,102.08,19.84,-26.35,-16.39,6.09,5.36,14.87,666.00,-9.04,26.47,15.02,-58.45
14.62,34.59,8.47,-19.80,13.71,-137.89,1.14,102.69,19.84,-26.35,-16.50,6.09,5.15,14.87,666.00,-9.04,27.04,15.02,-58.45
14.75,32.68,8.47,-15.26,13.71,-140.77,1.14,105.82,19.84,-26.35,-16.11,6.09,6.24,14.87,666.00,-9.04,27.31,15.02,-58.45
14.88,32.06,8.47,-13.97,13.71,-141.22,1.14,106.73,19.84,-26.35,-15.91,6.09,6.42,14.87,666.00,-9.04,27.26,15.02,-58.45
15.02,33.20,8.47,-16.46,13.71,-139.50,1.14,104.75,19.84,-26.35,-16.07,6.09,5.71,14.87,666.00,-9.04,27.01,15.02,-58.45
15.15,30.28,8.47,-10.86,13.71,-141.91,1.14,107.86,19.84,-26.35,-15.75,6.09,6.56,14.87,666.00,-9.04,26.95,15.02,-58.45
15.28,30.35,8.47,-9.81,13.71,-142.13,1.14,109.41,19.91,-26.07,-15.64,6.09,6.77,14.87,666.00,-9.04,26.73,15.02,-58.45
15.42,31.05,28.29,-11.59,15.29,-141.54,15.79,107.18,124.75,-57.48,-15.72,5.86,6.41,14.71,666.00,-8.48,26.72,15.75,-54.30
15.56,30.70,28.48,-11.26,15.35,-141.91,15.57,107.01,124.66,-57.57,-15.60,6.03,6.55,15.42,666.00,-8.86,26.71,15.79,-53.83
15.70,33.61,28.64,-17.06,15.40,-138.64,15.57,102.73,124.48,-57.44,-15.96,6.45,5.43,15.44,666.00,-8.70,26.19,15.54,-54.03
15.83,35.53,29.13,-20.78,16.31,-141.39,12.91,91.54,121.08,-59.59,-15.88,6.45,5.56,15.44,666.00,-8.70,26.21,15.76,-53.84
15.97,50.02,29.47,-9.23,17.26,-146.96,11.90,72.51,115.51,-60.81,-15.76,6.65,8.11,15.33,666.00,-8.64,26.97,15.56,-53.50
16.12,14.94,27.57,11.44,17.13,-159.06,12.85,69.11,80.19,-51.51,-15.35,7.04,9.79,15.36,666.00,-8.34,26.92,15.54,-53.80
16.32,16.63,26.15,9.89,15.48,-154.42,13.18,42.90,65.06,-51.43,-14.83,7.18,10.08,15.39,666.00,-8.76,26.43,15.33,-53.59
16.46,15.74,23.17,10.74,14.04,666.00,14.83,26.22,53.23,-51.86,-15.61,7.11,10.25,15.64,666.00,-9.11,26.77,14.65,-53.74
16.60,13.46,22.07,9.89,11.75,666.00,17.70,14.08,21.68,-45.71,-16.29,7.23,10.73,15.96,666.00,-8.78,27.93,14.49,-53.83
16.75,7.54,15.73,9.70,8.63,666.00,20.39,9.84,16.93,-47.67,-15.89,7.36,11.25,16.17,666.00,-9.08,27.89,14.39,-53.99
16.89,4.52,12.90,9.60,8.58,666.00,19.01,6.72,14.79,-47.16,-15.75,6.92,11.33,16.45,666.00,-9.67,27.63,13.96,-53.77
17.03,3.03,9.91,9.24,7.88,666.00,20.33,5.44,9.76,-47.21,-15.72,6.46,11.36,16.36,666.00,-9.67,27.15,13.99,-53.88
17.18,1.47,10.25,8.84,7.24,666.00,20.89,6.47,8.45,-48.75,-14.84,6.65,11.77,16.29,666.00,-9.09,26.54,14.30,-53.84
17.32,2.10,11.23,8.61,6.61,666.00,22.04,6.28,9.40,-49.84,-14.88,6.65,11.67,16.29,666.00,-9.09,26.88,14.64,-53.80
17.45,2.78,11.51,8.45,6.67,666.00,22.15,6.20,9.74,-50.25,-14.68,7.00,11.48,16.03,666.00,-8.67,26.79,14.59,-54.43
17.59,3.45,11.07,8.35,7.17,666.00,21.90,6.25,9.96,-50.20,-15.74,6.70,11.00,15.88,666.00,-8.43,27.14,13.81,-54.98
17.72,3.49,10.60,8.67,8.14,666.00,19.95,6.84,12.55,-48.44,-15.21,6.70,10.87,15.88,666.00,-8.43,26.19,13.77,-55.05
17.86,3.16,10.31,9.05,8.43,666.00,19.24,8.38,13.68,-48.27,-15.49,6.50,10.69,14.98,666.00,-9.77,26.46,14.00,-54.15
17.99,3.14,9.96,9.04,9.05,666.00,18.54,9.22,14.29,-47.46,-15.52,6.99,10.70,14.85,666.00,-9.16,26.83,14.46,-54.50
18.13,2.91,9.86,9.25,9.41,666.00,18.42,10.01,15.80,-46.73,-14.23,7.41,10.83,14.82,666.00,-8.64,26.07,14.15,-54.75
18.26,2.51,9.85,9.52,9.90,666.00,16.31,11.26,16.27,-46.15,-15.20,8.07,10.94,15.25,666.00,-7.72,25.13,10.25,-54.95
18.39,2.16,9.96,9.84,10.00,666.00,16.14,11.82,15.90,-45.59,-13.96,8.07,11.66,15.25,666.00,-7.72,19.30,6.81,-54.08
18.53,2.12,9.63,10.27,10.64,666.00,15.79,11.96,16.37,-45.28,-15.68,10.89,12.41,16.13,666.00,-4.56,18.77,0.54,-57.18
18.66,1.49,9.43,10.61,10.88,666.00,15.80,12.45,16.24,-45.75,-14.36,10.70,12.70,16.70,666.00,-5.24,16.84,0.16,-58.45
18.79,1.00,9.37,10.72,10.91,666.00,15.34,13.17,16.30,-45.33,-13.43,10.94,12.51,16.49,666.00,-5.22,15.70,0.08,-58.33
18.92,0.75,9.06,10.74,10.93,666.00,14.89,13.80,16.82,-44.64,-15.42,10.91,12.08,16.01,666.00,-5.58,19.36,1.22,-57.88
19.06,0.77,8.83,10.81,11.08,666.00,14.08,13.88,18.48,-45.05,-14.67,9.54,11.67,15.65,666.00,-7.48,21.33,4.60,-56.48
19.20,0.74,8.96,10.63,11.12,666.00,13.51,14.07,18.28,-44.82,-13.40,9.64,11.74,15.46,666.00,-7.92,21.68,8.45,-57.18
19.33,0.32,8.71,11.01,10.96,666.00,13.04,16.05,19.69,-44.02,-12.37,9.57,11.46,15.18,666.00,-7.63,21.66,8.96,-57.32
19.49,1.31,8.76,11.14,10.78,666.00,13.21,15.10,19.69,-44.02,-13.72,9.00,11.16,15.52,666.00,-8.46,22.69,9.28,-56.54
19.65,0.86,8.43,11.14,10.66,666.00,13.24,16.02,19.77,-43.65,-14.53,8.67,11.11,15.75,666.00,-8.80,23.15,9.26,-56.80
19.82,0.64,8.42,11.02,10.60,666.00,12.91,15.92,19.73,-43.47,-13.55,8.61,11.21,15.49,666.00,-8.77,22.16,9.55,-56.71
19.98,-0.91,8.44,11.24,10.90,666.00,12.80,17.39,19.81,-43.45,-13.64,8.92,11.46,15.45,666.00,-8.58,22.59,9.58,-57.06
20.13,-0.13,8.51,11.34,11.04,666.00,12.58,16.79,20.03,-43.32,-13.28,8.88,11.57,15.52,666.00,-8.14,21.83,10.04,-56.97
20.29,1.56,8.75,11.20,10.88,666.00,12.62,14.89,19.68,-43.35,-13.96,9.15,11.32,15.67,666.00,-8.24,22.60,9.55,-56.82
20.45,0.20,8.76,11.62,11.03,666.00,12.91,15.90,20.12,-42.88,-13.59,8.87,11.68,15.68,666.00,-8.53,22.63,9.79,-56.50
20.62,-2.01,8.76,12.05,11.03,666.00,12.91,18.08,20.23,-42.95,-13.02,8.88,11.94,15.94,666.00,-8.61,22.64,9.87,-56.27
20.78,-2.73,8.70,12.11,11.05,666.00,12.46,18.76,20.27,-42.53,-12.94,9.02,12.16,16.07,666.00,-8.28,22.48,9.75,-56.55
20.95,-3.37,8.75,12.24,11.02,666.00,12.23,19.04,20.06,-42.61,-12.70,9.19,12.23,16.02,666.00,-8.23,22.45,9.85,-56.40
21.12,-3.58,8.59,12.24,11.00,666.00,12.27,19.11,19.84,-42.84,-12.68,8.90,12.28,15.88,666.00,-8.25,22.70,9.89,-56.53
21.26,-3.90,8.33,12.11,11.02,666.00,12.08,19.11,20.08,-42.65,-10.99,8.99,12.37,16.01,666.00,-8.64,21.24,9.82,-56.19
21.43,-3.97,8.35,12.04,11.17,666.00,12.23,19.10,20.25,-42.73,-10.59,8.96,12.36,15.64,666.00,-8.52,20.90,9.79,-56.38
21.59,-3.53,8.33,11.94,11.41,666.00,11.98,18.71,20.26,-42.22,-11.09,8.96,12.18,15.64,666.00,-8.52,21.11,9.84,-56.30
21.75,-3.66,8.02,11.76,11.27,666.00,11.92,18.55,20.14,-42.20,-10.81,8.68,12.23,15.74,666.00,-8.36,20.71,9.84,-56.32
21.92,-2.19,8.02,11.61,11.27,666.00,11.92,17.39,20.25,-41.67,-12.79,8.68,11.83,15.74,666.00,-8.36,22.33,9.84,-55.94
22.09,-2.46,8.31,11.52,11.50,666.00,12.11,17.47,20.42,-41.40,-13.36,8.58,11.88,15.38,666.00,-8.16,22.94,9.89,-55.52
22.33,-3.38,8.63,11.88,11.45,666.00,12.08,19.28,20.29,-41.61,-13.12,8.43,11.98,15.42,666.00,-7.73,22.56,9.87,-55.72
22.48,-3.09,8.61,11.99,11.70,666.00,11.83,19.82,20.14,-41.25,-12.96,8.91,12.00,15.70,666.00,-7.60,22.17,10.44,-55.76
22.63,-3.64,8.50,12.21,11.41,666.00,11.90,20.63,20.30,-40.93,-13.28,8.72,12.18,15.87,666.00,-7.46,22.23,10.30,-55.87
22.78,-3.99,8.53,12.20,11.56,666.00,12.05,20.46,20.25,-41.24,-13.32,8.79,12.42,15.60,666.00,-7.47,22.12,9.89,-55.57
22.94,-3.95,8.78,12.08,11.69,666.00,11.86,20.77,20.06,-40.98,-13.77,8.82,12.50,15.71,666.00,-7.64,22.14,10.01,-55.47
23.10,-1.97,8.58,11.08,11.62,666.00,11.78,18.15,20.11,-40.86,-13.43,8.87,12.29,15.79,666.00,-7.56,21.51,10.04,-55.52
23.25,-1.77,8.07,10.82,11.24,666.00,11.56,17.84,20.29,-40.80,-13.03,8.45,12.41,15.71,666.00,-7.36,21.06,9.94,-55.73
23.41,-0.40,8.07,10.33,11.24,666.00,11.56,17.26,20.13,-40.94,-13.14,8.33,11.96,15.81,666.00,-7.23,21.29,10.04,-55.89
23.56,-0.25,7.96,10.09,11.25,666.00,10.86,16.68,20.20,-40.74,-12.95,8.37,11.76,15.59,666.00,-6.97,21.02,10.14,-55.74
23.72,-1.52,7.72,10.48,11.03,666.00,10.91,17.57,20.27,-40.83,-12.77,8.37,11.75,15.59,666.00,-6.97,21.52,10.32,-55.99
23.89,-2.34,7.50,10.74,11.05,666.00,10.98,17.96,19.99,-40.52,-13.04,8.33,11.80,15.81,666.00,-7.23,21.42,10.12,-55.99
24.06,-1.92,7.46,10.54,10.75,666.00,11.63,16.82,20.18,-41.07,-13.12,7.99,11.85,15.80,666.00,-7.61,21.63,10.10,-55.57
24.20,-2.63,7.46,11.01,10.75,666.00,11.63,18.28,20.30,-41.23,-13.15,7.99,11.84,15.80,666.00,-7.61,21.61,9.87,-55.77
24.36,-2.97,7.44,11.21,10.99,666.00,11.38,19.16,20.52,-40.96,-12.93,8.12,11.84,15.69,666.00,-7.47,21.39,10.06,-55.78
24.52,-2.93,7.66,11.41,11.14,666.00,11.27,19.48,20.31,-40.74,-13.31,8.10,11.70,15.32,666.00,-7.36,21.98,10.16,-55.25
24.67,-2.88,7.93,11.41,11.12,666.00,11.33,19.12,20.22,-40.67,-13.38,8.43,11.69,15.74,666.00,-6.96,22.66,9.93,-55.50
24.83,-2.73,7.86,11.36,11.14,666.00,11.01,19.79,20.76,-40.63,-13.09,8.64,11.83,15.86,666.00,-6.58,22.25,10.25,-55.50
24.96,-2.32,8.48,11.33,11.62,666.00,10.18,23.16,21.69,-40.68,-12.91,8.70,11.87,15.48,666.00,-7.08,21.75,10.14,-54.84
25.09,0.19,9.18,11.39,12.12,666.00,8.24,29.25,33.11,-48.02,-13.49,8.57,11.58,15.19,666.00,-7.01,22.10,10.03,-54.75
25.23,1.22,10.00,11.82,13.62,15.00,3.40,38.64,39.58,-48.09,-13.21,8.58,11.49,15.17,666.00,-6.75,21.68,10.31,-54.65
25.38,1.60,11.29,11.92,14.10,11.65,1.84,50.96,46.92,-50.14,-12.80,8.64,11.50,15.43,666.00,-6.11,21.56,10.43,-55.17
25.52,4.16,15.06,9.53,15.02,2.62,4.35,58.87,65.10,-54.96,-12.54,8.64,11.56,15.43,666.00,-6.11,21.10,10.14,-54.77
25.66,3.55,15.91,8.75,15.14,5.25,3.96,83.20,73.17,-58.16,-12.45,8.72,11.59,15.56,666.00,-6.50,20.91,10.20,-54.75
25.79,13.10,16.42,-1.35,15.60,177.09,3.03,92.85,85.00,-63.31,-13.41,8.68,11.26,15.64,666.00,-6.32,21.35,10.06,-54.67
25.92,16.70,20.13,7.84,16.19,-168.72,5.75,96.28,81.52,-64.04,-13.47,8.10,11.42,15.95,666.00,-5.96,21.18,10.26,-54.84
26.06,23.79,20.71,5.78,16.24,-161.86,6.88,94.68,80.98,-64.25,-14.44,7.98,10.31,16.05,666.00,-5.84,21.22,10.55,-54.87
26.21,35.56,20.80,-19.63,15.99,-147.35,7.04,64.22,115.45,-64.92,-16.50,8.30,6.28,16.03,666.00,-5.92,21.05,10.73,-55.13
26.36,35.51,20.91,-21.92,15.82,-145.78,6.87,68.46,115.78,-64.51,-16.84,8.24,6.13,15.88,666.00,-6.06,21.97,10.67,-54.91
26.50,35.36,21.53,-21.98,15.70,-144.88,6.43,70.63,115.06,-64.30,-16.88,8.62,6.29,15.81,666.00,-5.99,22.01,10.31,-54.95
26.63,26.83,21.78,1.41,14.95,-156.52,4.93,90.17,112.32,-65.26,-14.76,8.93,10.27,15.85,666.00,-5.99,21.89,10.40,-54.91
26.77,29.42,20.50,2.51,14.91,-162.06,3.22,78.01,108.57,-64.74,-12.76,8.98,11.12,16.08,666.00,-6.48,20.64,10.57,-55.23
26.92,10.74,18.58,7.52,15.39,-177.96,2.01,51.87,83.16,-51.24,-15.31,9.11,9.50,15.54,666.00,-6.21,26.31,10.36,-55.06
27.05,7.44,14.58,12.23,17.53,11.61,-3.19,34.75,65.60,-39.95,-14.19,8.70,10.23,15.34,666.00,-6.72,23.94,10.61,-54.63
27.19,7.84,12.95,11.23,17.83,666.00,-2.16,17.24,50.31,-35.16,-15.79,8.55,9.53,15.13,666.00,-5.83,23.69,9.71,-55.53
27.32,4.88,7.04,9.50,11.37,666.00,9.62,12.17,24.10,-23.85,-15.84,8.14,9.34,14.84,666.00,-6.14,24.87,10.44,-54.75
27.47,2.77,5.21,9.92,11.12,666.00,10.39,13.63,23.09,-25.22,-15.88,8.55,9.39,14.88,666.00,-6.58,25.01,10.77,-54.58
27.60,2.40,5.49,9.96,11.36,666.00,12.70,13.59,23.09,-27.84,-15.10,8.69,9.88,14.96,666.00,-7.17,24.47,10.99,-53.91
27.74,2.45,6.67,9.84,11.11,666.00,13.10,14.17,22.86,-28.81,-15.00,8.74,9.96,14.86,666.00,-6.42,24.44,10.88,-54.81
27.87,2.47,6.92,9.80,11.03,666.00,13.01,15.64,23.69,-28.48,-15.01,8.49,10.02,15.08,666.00,-6.87,24.52,10.81,-54.70
28.00,1.37,6.92,9.93,11.33,666.00,12.91,17.13,24.77,-24.74,-14.87,8.65,10.21,14.65,666.00,-6.92,24.58,10.85,-54.81
28.15,1.10,7.25,9.96,11.09,666.00,13.62,18.03,24.60,-25.46,-15.05,8.39,10.22,14.62,666.00,-7.13,24.70,11.11,-54.61
28.29,-0.79,7.46,10.29,10.94,666.00,13.74,19.21,24.21,-25.38,-14.86,8.55,10.57,15.03,666.00,-7.15,24.75,10.66,-54.44
28.41,0.16,7.29,10.38,11.14,666.00,12.80,17.74,23.21,-26.06,-14.40,8.95,10.69,14.97,666.00,-6.90,23.89,10.91,-54.53
28.55,-0.71,6.79,10.96,11.78,666.00,12.65,18.66,23.96,-25.82,-13.65,9.12,10.97,15.18,666.00,-6.49,23.03,10.77,-54.45
28.69,-2.95,7.57,11.35,11.61,666.00,13.70,21.03,23.91,-25.98,-14.03,9.14,11.28,15.36,666.00,-6.81,22.09,10.67,-54.30
28.82,-3.50,7.89,11.49,11.99,666.00,14.05,22.45,24.24,-25.15,-13.59,9.09,11.61,15.19,666.00,-6.69,23.46,10.93,-53.91
28.96,-4.73,8.09,10.84,12.18,666.00,13.89,20.94,23.97,-25.35,-10.30,9.32,12.78,15.05,666.00,-6.38,23.96,12.11,-54.28
29.09,-9.96,5.93,13.81,12.58,666.00,12.85,27.06,25.05,-25.58,-8.57,9.32,13.99,15.05,666.00,-6.38,24.46,15.08,-49.96
29.22,-8.15,7.75,14.98,18.28,666.00,9.58,29.09,26.48,-14.83,-7.78,9.32,15.15,15.05,666.00,-6.38,27.59,15.58,-48.29
29.35,-7.75,12.67,14.87,17.87,9.21,5.12,31.68,20.68,-12.07,-8.70,9.32,15.32,15.05,666.00,-6.38,24.09,13.17,-46.22
29.49,-8.51,11.63,15.55,20.54,10.07,3.13,34.36,24.57,-14.13,-16.81,9.32,17.88,15.05,0.00,-6.38,38.21,21.24,-35.70
29.62,-6.56,9.20,15.52,20.70,10.26,-0.66,31.30,27.44,-11.44,-15.13,9.32,16.33,15.05,-9.91,-6.38,33.13,21.93,-37.84
29.75,-6.43,9.02,15.32,18.70,666.00,1.07,26.83,23.66,-10.66,-15.31,10.75,15.27,21.86,164.83,-16.16,31.35,13.48,-35.60
29.88,-5.75,5.68,14.96,18.23,666.00,-1.25,22.93,26.38,-14.00,-15.69,4.69,13.26,19.69,666.00,-20.10,28.07,18.77,-34.08
30.01,-5.22,6.75,15.01,18.14,666.00,0.04,22.35,22.38,-16.43,-15.71,4.10,12.72,16.72,666.00,-16.59,28.43,17.66,-34.93
30.16,-4.57,5.05,15.07,16.22,666.00,6.37,23.21,26.00,-16.75,-15.93,2.90,12.63,15.91,172.07,-10.36,30.05,17.41,-31.07
30.29,-3.28,6.40,15.06,15.95,666.00,5.03,24.17,26.43,-17.98,-16.05,3.58,12.60,16.66,171.71,-11.31,31.35,18.37,-31.01
30.42,-3.41,6.31,15.23,16.65,666.00,6.00,25.50,27.11,-18.54,-15.95,3.35,12.67,16.51,171.16,-11.41,32.13,18.49,-32.09
30.56,-3.82,6.31,15.55,16.65,666.00,6.00,25.89,27.21,-17.62,-15.91,3.35,12.54,16.51,170.27,-11.41,33.60,19.00,-32.94
30.70,-3.40,5.94,15.26,16.62,666.00,6.10,23.23,24.72,-17.21,-16.71,4.73,12.57,16.53,169.74,-10.45,33.30,17.73,-34.15
30.83,-3.50,5.24,15.18,16.13,666.00,5.08,22.81,25.40,-19.52,-17.10,5.72,12.57,16.57,169.46,-9.00,33.76,16.60,-35.61
30.96,-3.68,5.85,15.28,16.29,666.00,4.56,27.21,26.65,-23.27,-16.94,5.83,12.77,16.30,170.08,-9.03,33.14,15.97,-34.99
31.09,-2.52,6.77,15.29,17.35,13.52,4.37,34.95,29.66,-28.48,-15.82,5.53,12.88,16.42,170.11,-9.53,31.86,16.15,-35.74
31.22,-1.97,7.43,15.33,17.53,8.76,2.23,47.00,36.39,-36.74,-15.30,5.53,12.74,16.42,169.91,-9.53,31.06,16.35,-35.58
31.36,-0.43,7.54,15.06,17.51,6.02,2.54,55.79,36.39,-36.74,-16.36,5.45,12.51,16.42,169.33,-9.84,32.52,16.61,-35.50
31.52,-1.84,13.65,11.02,19.77,-2.03,-3.05,83.25,60.91,-50.33,-15.11,5.36,12.39,16.33,170.10,-9.73,31.60,17.17,-35.35
31.66,1.48,14.64,7.20,20.81,-3.64,-5.16,102.35,80.79,-58.04,-16.02,5.63,12.35,16.25,170.11,-8.83,32.17,16.98,-36.29
31.79,10.58,16.99,13.11,20.65,7.79,-4.40,118.41,96.25,-63.18,-17.61,6.67,12.66,15.76,169.60,-8.14,31.06,15.54,-35.73
31.92,4.65,22.24,16.09,20.70,7.99,7.73,122.61,112.64,-64.39,-17.60,7.06,12.48,15.89,168.69,-8.07,32.52,15.96,-35.94
32.06,5.78,22.77,13.98,20.74,8.00,7.98,121.59,120.78,-59.39,-17.14,6.65,12.49,16.01,169.56,-8.36,31.03,17.55,-36.25
32.19,25.69,23.26,1.46,20.23,-146.60,6.94,99.72,120.21,-57.41,-20.59,6.82,5.10,15.98,148.70,-7.73,32.53,17.33,-35.87
32.33,25.42,22.09,0.03,19.57,-147.14,5.80,98.44,117.58,-58.79,-20.98,7.09,4.72,16.14,147.82,-7.83,34.31,16.88,-35.66
32.46,25.40,22.42,-2.38,19.17,-147.79,5.74,97.25,118.33,-58.05,-21.19,7.46,4.58,15.48,147.04,-8.85,33.32,15.62,-34.03
32.60,27.60,22.93,-2.98,19.32,-145.87,5.53,95.44,118.88,-57.58,-21.13,7.78,4.61,15.45,146.57,-8.92,31.42,15.40,-33.69
32.73,28.08,22.77,-5.61,19.28,-145.17,5.53,94.03,118.88,-57.58,-21.76,7.50,4.02,15.58,146.22,-9.03,32.88,15.87,-33.73
32.85,29.81,22.92,-8.94,19.04,-142.31,4.90,88.28,119.46,-55.96,-22.01,7.23,2.81,15.83,144.00,-9.40,35.11,17.07,-33.05
32.99,31.13,22.82,-12.51,19.20,-140.99,4.62,83.39,119.08,-55.88,-21.44,6.50,2.40,16.11,142.08,-9.13,35.10,17.86,-33.09
33.12,31.87,23.14,-13.45,19.02,-141.34,5.14,82.02,118.94,-57.24,-20.88,6.56,2.55,16.27,141.87,-8.99,34.62,17.75,-32.89
33.27,33.06,23.10,-17.49,19.33,-142.94,4.51,74.16,118.82,-57.29,-20.33,7.17,2.94,16.06,142.20,-8.19,33.07,16.21,-33.68
33.40,6.59,23.79,6.84,19.10,-6.55,2.97,84.52,97.44,-58.30,-16.83,7.34,12.79,16.05,173.35,-8.23,31.82,15.66,-33.67
33.53,5.29,21.91,13.69,17.87,6.99,5.21,58.11,76.44,-60.05,-17.04,7.34,12.52,16.05,173.48,-8.23,31.66,15.83,-33.93
33.66,3.62,17.98,14.14,16.49,666.00,8.53,23.58,52.24,-53.69,-16.37,7.21,12.31,16.16,175.35,-8.37,30.91,16.33,-34.65
33.80,-1.99,14.85,12.41,12.33,666.00,14.68,12.05,25.72,-44.35,-15.81,6.94,11.96,13.55,175.21,-9.00,30.21,17.21,-32.00
33.93,-7.96,3.68,11.90,10.59,666.00,7.10,18.40,19.32,-36.99,-15.11,6.76,12.03,13.69,666.00,-10.03,28.47,17.29,-30.18
34.06,-6.61,3.90,11.42,10.28,666.00,10.31,21.76,20.42,-38.37,-15.62,5.99,12.00,13.70,666.00,-9.02,28.69,16.59,-30.43
34.19,-4.00,6.69,11.54,10.58,666.00,12.61,23.67,25.81,-41.37,-16.31,5.37,11.76,14.23,666.00,-10.90,29.49,17.29,-30.14
34.32,-5.08,7.73,12.95,12.35,12.26,8.73,31.78,28.09,-41.92,-16.36,5.35,11.87,14.24,174.82,-10.23,30.60,18.40,-30.50
34.45,-2.67,7.75,14.01,12.82,6.52,7.26,37.34,29.76,-42.67,-16.29,5.40,11.85,14.28,175.70,-9.51,30.87,18.84,-31.04
34.59,-1.28,9.64,14.97,15.78,0.83,-0.32,54.93,29.91,-38.74,-16.30,5.40,11.97,14.28,176.28,-9.51,30.77,18.26,-30.64
34.73,5.61,16.39,10.67,19.02,-7.11,-6.78,80.85,40.79,-44.69,-16.81,5.40,11.98,14.28,174.62,-9.51,30.50,17.51,-30.37
34.86,8.52,18.72,11.83,19.89,-6.29,-8.02,98.76,84.77,-55.77,-17.33,5.40,12.17,14.28,174.34,-9.51,30.90,17.61,-31.38
34.99,7.19,21.22,16.86,21.53,-5.81,-8.78,115.70,95.69,-58.72,-16.52,5.40,12.44,14.28,175.94,-9.51,30.04,17.82,-31.68
35.12,-16.14,21.57,20.34,20.74,-14.18,-1.21,138.17,116.12,-57.66,-15.37,5.58,13.34,14.34,666.00,-8.56,29.88,17.93,-32.06
35.26,-14.18,21.22,21.32,21.00,-15.97,-2.13,139.37,120.13,-55.90,-15.01,5.97,13.15,13.72,666.00,-8.97,29.12,17.56,-30.90
35.39,-12.42,21.72,21.42,21.10,-16.95,-2.41,138.78,121.00,-55.31,-14.57,5.76,12.87,13.54,666.00,-9.00,28.40,17.44,-30.89
35.52,-14.23,22.85,19.99,21.43,-14.33,-2.86,135.62,117.48,-56.27,-15.20,5.69,12.75,13.54,666.00,-9.32,28.82,17.25,-31.02
35.65,-11.59,23.01,11.38,21.31,168.87,-3.33,115.16,111.41,-57.69,-16.51,5.56,11.45,13.65,666.00,-9.47,29.08,17.32,-30.00
35.78,5.30,22.19,10.62,20.25,-5.81,-2.65,68.40,98.01,-58.91,-16.86,5.50,11.15,13.65,666.00,-9.52,29.56,17.55,-30.18
35.92,8.17,19.21,12.42,17.30,666.00,4.21,27.46,48.83,-61.21,-16.57,5.93,11.08,13.11,666.00,-8.56,29.48,17.67,-30.90
36.08,3.72,17.94,11.09,15.39,666.00,6.69,8.59,26.14,-49.13,-16.60,6.08,11.47,12.64,666.00,-7.85,29.83,17.64,-31.08
36.21,0.32,12.22,12.66,10.85,666.00,14.04,13.45,11.61,-43.72,-17.89,6.49,12.05,12.80,178.21,-8.54,31.33,17.44,-30.65
36.35,0.64,9.11,12.43,13.67,666.00,14.32,16.47,15.70,-45.62,-18.49,5.99,12.11,12.98,177.65,-8.76,30.96,16.55,-28.97
36.48,3.22,10.91,12.32,14.38,666.00,11.94,23.65,18.77,-43.32,-18.82,4.89,12.04,13.59,177.08,-7.58,31.72,17.15,-30.15
36.62,5.86,12.38,13.03,17.75,11.17,5.61,36.16,37.41,-50.41,-18.60,4.83,11.79,13.11,176.97,-5.53,33.29,18.98,-31.33
36.75,8.96,14.22,14.45,19.23,13.77,2.67,54.81,50.81,-51.88,-18.68,5.94,11.28,12.68,176.63,-4.62,33.94,19.31,-31.79
36.90,8.10,17.63,8.42,21.37,1.87,-0.69,80.28,65.00,-51.75,-18.99,6.07,11.19,12.57,176.39,-4.48,34.16,18.61,-30.28
37.03,4.26,22.73,9.87,22.95,15.47,0.38,113.38,95.74,-50.73,-18.97,6.07,11.12,12.57,174.71,-4.48,32.30,17.49,-28.72
37.16,31.09,23.90,-2.41,21.60,-143.83,11.15,100.09,106.77,-51.96,-20.29,6.07,7.28,12.57,163.85,-4.48,31.40,16.25,-29.84
37.30,29.41,24.27,-0.95,21.73,-147.90,10.73,99.86,106.45,-52.24,-19.93,6.07,8.13,12.57,165.97,-4.48,30.49,16.30,-29.92
37.43,12.81,24.21,11.46,21.51,-168.92,7.33,88.07,112.47,-48.98,-17.19,6.07,11.92,12.57,666.00,-4.48,29.60,16.52,-29.00
37.56,4.60,22.37,11.90,19.76,8.06,5.78,65.29,95.92,-46.79,-16.49,6.07,11.85,12.57,178.34,-4.48,30.60,18.29,-28.73
37.70,4.89,21.54,13.15,19.08,15.99,6.08,30.21,83.00,-45.21,-16.10,6.07,11.87,12.57,178.65,-4.48,30.24,18.42,-28.90
37.83,0.09,14.36,11.73,12.94,666.00,14.00,16.36,27.49,-41.93,-15.43,6.07,12.01,12.57,666.00,-4.48,29.64,19.21,-28.42
37.96,-7.62,6.67,10.22,10.31,666.00,12.73,19.25,23.08,-37.32,-15.55,6.07,12.00,12.57,666.00,-4.48,29.32,17.14,-28.30
38.09,-8.69,2.24,9.32,9.48,666.00,10.73,22.20,23.83,-35.80,-15.67,6.07,12.33,12.57,666.00,-4.48,28.71,16.38,-27.24
38.22,-6.20,4.46,8.70,9.79,666.00,8.86,22.34,26.16,-35.13,-15.84,6.07,12.25,12.57,666.00,-4.48,28.62,16.72,-26.56
38.35,-4.50,6.14,9.01,10.51,666.00,9.01,24.41,27.93,-34.69,-15.17,6.07,12.28,12.57,174.95,-4.48,31.60,17.72,-28.03
38.48,-2.58,6.93,9.59,11.11,666.00,8.73,23.68,30.62,-33.88,-13.68,6.07,12.62,12.57,171.16,-4.48,46.81,28.45,-48.18
38.62,-4.27,7.66,10.47,11.12,666.00,8.85,24.84,30.84,-29.57,-14.05,6.07,14.03,12.57,167.92,-4.48,75.74,28.45,-48.18
38.75,-3.82,7.66,11.13,11.12,666.00,8.85,24.42,30.88,-29.26,-6.89,6.07,10.61,12.57,-19.05,-4.48,101.86,28.45,-48.18
38.88,-3.14,8.34,11.53,11.81,666.00,10.07,23.62,29.49,-26.60,-6.24,6.07,14.38,12.57,-17.57,-4.48,119.69,113.86,-56.70
39.12,-2.69,8.10,11.60,11.47,666.00,9.33,23.12,29.31,-25.74,-7.76,6.07,14.15,12.57,-17.55,-4.48,124.69,117.42,-57.25
39.25,-4.16,8.20,11.46,11.84,666.00,9.17,23.97,28.80,-24.91,-6.69,6.07,11.49,12.57,-20.35,-4.48,107.74,106.94,-54.82
39.51,-3.67,8.47,11.65,11.84,666.00,9.36,23.73,28.86,-25.13,-9.68,6.07,9.47,12.57,159.61,-4.48,78.62,95.08,-55.66
39.65,-2.35,9.02,11.63,11.49,666.00,9.19,22.71,28.80,-25.73,-7.50,6.07,13.69,12.57,-6.44,-4.48,31.90,32.92,-60.99
39.87,-1.93,8.98,11.56,11.63,666.00,8.13,22.32,28.43,-25.20,-10.78,6.07,11.71,12.57,666.00,-4.48,18.18,24.64,-59.57
40.02,-3.48,8.71,12.21,11.63,666.00,7.94,21.95,26.47,-23.57,-16.86,6.07,11.96,12.57,666.00,-4.48,23.75,24.64,-59.57
40.25,-3.23,8.71,12.64,11.63,666.00,7.94,21.61,26.88,-23.28,-15.81,6.07,12.02,12.57,172.40,-4.48,30.19,24.64,-59.57
40.38,-2.65,8.27,12.23,12.27,666.00,10.98,21.39,27.54,-27.39,-14.46,6.07,12.24,12.57,173.34,-4.48,34.68,20.14,-59.40
40.52,-1.72,8.27,12.43,12.27,666.00,10.98,21.53,29.94,-26.49,-12.91,6.07,12.72,12.57,173.48,-4.48,40.52,22.85,-59.86
40.65,-1.50,8.80,12.51,11.36,666.00,10.06,21.16,29.06,-25.17,-13.49,6.07,13.92,12.57,-5.55,-4.48,59.22,25.57,-60.30
40.78,-2.56,8.77,12.84,11.60,666.00,9.81,21.26,29.12,-25.09,-9.69,6.07,10.59,12.57,-19.72,-4.48,76.43,63.14,-65.14
40.92,-4.51,8.47,13.19,11.84,666.00,9.36,22.89,26.49,-25.18,-16.38,6.07,7.49,12.57,157.36,-4.48,115.70,82.59,-64.47
41.05,-4.45,6.71,13.69,13.58,666.00,9.79,23.15,27.85,-25.64,2.01,11.25,18.13,22.03,-14.89,-16.94,123.32,90.51,-73.12
41.18,-4.85,7.42,13.67,13.37,666.00,10.45,23.97,28.36,-26.15,-25.52,11.37,12.54,23.46,160.97,-17.45,134.39,109.82,-69.21
41.31,-4.13,7.39,13.86,13.53,666.00,9.92,23.35,29.43,-26.15,-1.89,10.63,17.07,22.75,-17.03,-16.75,124.15,108.55,-68.65
41.43,-3.70,7.33,13.94,13.26,666.00,10.79,23.29,29.49,-26.47,-2.89,9.33,17.24,22.34,-11.48,-14.91,123.43,108.38,-68.99
41.56,-4.08,7.45,13.91,13.33,666.00,10.69,24.14,29.13,-26.31,-4.71,9.29,16.60,22.70,-13.00,-14.92,122.60,106.98,-69.85
41.68,-3.76,6.92,13.18,13.49,666.00,10.61,23.47,29.03,-26.38,-9.60,8.85,15.12,22.99,-13.62,-14.59,122.43,106.82,-71.11
41.81,-4.87,7.07,12.83,12.72,666.00,10.47,24.64,28.13,-27.68,-10.67,9.34,16.02,23.00,-17.17,-13.92,119.79,104.44,-73.40
41.93,-6.02,6.87,12.12,12.63,666.00,10.55,25.89,28.28,-30.06,-13.82,9.43,21.12,24.79,-28.29,-16.55,114.69,101.23,-95.82
42.06,-6.88,7.05,11.53,12.45,666.00,11.57,25.53,28.82,-30.16,-24.40,7.03,11.40,29.34,146.34,-29.69,123.54,95.35,-78.80
42.19,-6.33,6.92,11.31,11.48,666.00,11.54,24.26,27.07,-28.26,-25.26,5.70,9.16,27.89,148.65,-28.11,119.21,94.13,-63.85
42.31,-7.06,6.92,11.38,11.90,666.00,12.10,26.75,28.50,-29.88,-15.57,6.65,10.14,26.15,154.67,-25.81,94.54,85.32,-42.70
42.55,-6.42,7.57,11.27,10.29,666.00,12.31,24.76,27.55,-30.84,-16.23,5.38,15.82,23.68,167.46,-21.63,51.57,46.21,-35.87
42.72,-7.09,6.97,14.16,10.06,666.00,12.67,23.74,27.39,-30.97,-20.58,3.92,11.46,21.86,170.58,-18.78,38.68,30.54,-33.83
42.85,-9.11,5.37,14.28,11.20,666.00,10.81,22.37,26.33,-29.85,-18.74,3.50,12.31,20.22,666.00,-14.67,24.37,25.73,-34.66
42.98,-10.86,2.62,15.45,13.32,666.00,5.79,23.08,24.29,-25.99,-18.58,0.67,13.82,16.44,666.00,-11.42,22.82,9.77,-33.12
43.12,-9.54,3.29,17.34,13.79,666.00,16.57,21.15,25.44,-30.66,-17.70,0.17,13.97,16.73,666.00,-12.66,25.17,11.14,-33.48
43.35,-8.73,4.08,19.30,14.27,666.00,14.94,23.60,27.57,-30.72,-13.89,2.09,12.50,17.56,666.00,-12.47,26.52,13.56,-36.94
43.49,-10.00,4.93,22.29,14.15,666.00,16.04,29.52,27.21,-30.60,-15.68,2.38,13.48,14.54,666.00,-12.69,29.11,15.68,-37.70
43.62,-13.19,3.91,23.94,17.27,23.87,13.58,41.55,39.08,-33.53,-17.13,1.41,14.57,15.17,-169.58,-14.72,36.09,16.70,-36.32
43.76,-11.74,7.76,28.19,20.08,26.61,12.36,64.96,47.42,-33.49,-19.90,-0.62,16.50,12.18,-169.89,-17.49,35.56,17.95,-30.62
43.89,-12.25,9.10,27.52,20.15,18.66,9.60,67.30,60.87,-26.25,-3.30,0.46,5.30,12.61,666.00,-13.28,12.07,16.03,-30.34
44.03,-13.61,18.29,26.14,18.58,14.12,20.35,62.96,57.98,-7.64,2.72,1.77,-2.46,13.40,666.00,-15.53,11.87,19.75,-27.29
44.18,-10.11,10.98,24.74,20.08,31.47,6.70,32.04,25.25,7.57,-0.29,7.28,-2.56,10.89,666.00,-8.81,18.41,21.90,-27.72
44.43,-12.55,7.65,21.64,19.96,666.00,4.50,21.44,18.56,6.30,-0.76,6.00,-2.58,9.96,666.00,-8.96,18.25,21.03,-26.39
44.56,-10.04,3.37,17.96,18.87,666.00,0.71,21.83,17.66,3.42,-0.53,5.21,-1.92,9.66,666.00,-6.53,18.24,12.41,-33.41
44.69,-2.24,5.83,17.88,15.73,666.00,0.69,21.64,20.65,1.40,0.64,7.46,-4.74,14.46,666.00,-18.27,18.24,10.59,-21.65
44.82,10.91,13.47,11.86,14.14,666.00,5.32,20.84,19.30,-4.68,6.40,7.52,-2.68,15.02,666.00,-13.91,18.24,11.04,-18.01
44.96,14.62,14.57,11.11,13.81,666.00,12.23,21.19,19.57,-6.42,6.22,5.76,-4.59,18.31,666.00,-9.25,18.25,23.39,-24.87
45.09,15.25,15.39,11.73,15.55,-85.83,2.14,35.67,30.94,-17.30,-44.22,7.43,-13.43,16.76,146.28,-8.11,59.73,26.06,-25.82
45.22,9.71,12.88,7.55,19.82,666.00,4.09,24.83,37.23,-23.46,-39.11,5.85,-13.02,16.04,143.01,-12.13,50.17,23.98,-23.81
45.37,43.84,14.33,13.19,22.26,-7.39,6.78,56.45,39.47,-28.68,-10.69,0.64,-3.91,12.40,108.75,-17.00,33.48,4.70,-17.53
45.51,94.44,17.85,93.44,24.40,87.38,9.98,82.42,40.06,-29.65,-6.66,-0.14,-11.56,10.71,86.61,-21.01,136.07,0.62,-10.99
