0.000000,-0.111094,0.145123,0.723615,-0.665566,-0.046999,-0.744981,-0.056999,0.662983,0.516917
0.443437,-0.111094,0.145123,0.723615,-0.665566,-0.046999,-0.744981,-0.056999,0.662983,0.516917
0.660103,-0.111094,0.145123,0.723615,-0.665566,-0.046999,-0.744981,-0.056999,0.662983,0.516917
0.787045,-0.111094,0.145123,0.723615,-0.665566,-0.046999,-0.744981,-0.056999,0.662983,0.516917
0.920871,-0.111094,0.145123,0.723615,-0.665566,-0.046999,-0.744981,-0.056999,0.662983,0.516917
1.057573,-0.111094,0.145123,0.723615,-0.665566,-0.046999,-0.744981,-0.056999,0.662983,0.516917
1.155714,-0.111094,0.145123,0.723615,-0.665566,-0.046999,-0.744981,-0.056999,0.662983,0.516917
1.255051,-0.111094,0.145123,0.723615,-0.665566,-0.046999,-0.744981,-0.056999,0.662983,0.516917
1.362527,-0.111094,0.145123,0.723615,-0.665566,-0.046999,-0.744981,-0.056999,0.662983,0.516917
1.461769,-0.111094,0.145123,0.723615,-0.665566,-0.046999,-0.744981,-0.056999,0.662983,0.516917
1.561587,-0.111094,0.145123,0.723615,-0.665566,-0.046999,-0.744981,-0.056999,0.662983,0.516917
1.660624,-0.111094,0.145123,0.723615,-0.665566,-0.046999,-0.744981,-0.056999,0.662983,0.516917
1.759018,-0.111094,0.145123,0.723615,-0.665566,-0.046999,-0.744981,-0.056999,0.662983,0.516917
1.870818,-0.111094,0.145123,0.723615,-0.665566,-0.099163,-0.732206,-0.125206,0.662091,0.685884
1.969442,-0.111094,0.145123,0.723615,-0.665566,-0.164990,-0.720958,-0.198988,0.642963,0.887603
2.083688,-0.111094,0.145123,0.723615,-0.665566,-0.215261,-0.703855,-0.253308,0.627763,1.041823
2.183559,-0.111094,0.145123,0.723615,-0.665566,-0.225273,-0.699847,-0.265321,0.623755,1.074767
2.280454,-0.111094,0.145123,0.723615,-0.665566,-0.223327,-0.700024,-0.261382,0.625916,1.065903
2.374899,-0.111094,0.145123,0.723615,-0.665566,-0.202858,-0.706504,-0.238832,0.634555,1.001573
2.473240,-0.111094,0.145123,0.723615,-0.665566,-0.165144,-0.711622,-0.191167,0.655573,0.875333
2.580369,-0.111094,0.145123,0.723615,-0.665566,-0.143114,-0.725579,-0.161129,0.653522,0.801299
2.658579,-0.111094,0.145123,0.723615,-0.665566,-0.122953,-0.732720,-0.138947,0.654750,0.740934
2.789629,-0.111094,0.145123,0.723615,-0.665566,-0.105155,-0.736083,-0.119175,0.657968,0.687253
2.889227,-0.111094,0.145123,0.723615,-0.665566,-0.089066,-0.739546,-0.101075,0.659487,0.638800
3.002971,-0.111094,0.145123,0.723615,-0.665566,-0.075030,-0.741298,-0.087035,0.661266,0.598876
3.112130,-0.111094,0.145123,0.723615,-0.665566,-0.063065,-0.741761,-0.073075,0.663681,0.562050
3.237920,-0.111094,0.145123,0.723615,-0.665566,-0.069001,-0.741010,-0.081001,0.663009,0.581562
3.342368,-0.111094,0.145123,0.723615,-0.665566,-0.091015,-0.733119,-0.109018,0.665108,0.651440
3.444224,-0.111243,0.145317,0.724580,-0.664449,-0.116975,-0.728841,-0.144968,0.658856,0.740236
3.549651,-0.111243,0.145317,0.724580,-0.664449,-0.145059,-0.725297,-0.177073,0.649266,0.827314
3.665489,-0.111243,0.145317,0.724580,-0.664449,-0.155175,-0.723815,-0.187211,0.645727,0.856891
3.775713,-0.111243,0.145317,0.724580,-0.664449,-0.164990,-0.720958,-0.198988,0.642963,0.888246
3.872808,-0.111243,0.145317,0.724580,-0.664449,-0.184994,-0.714979,-0.220993,0.636981,0.949770
3.971553,-0.111243,0.145317,0.724580,-0.664449,-0.199180,-0.709640,-0.235212,0.633572,0.991637
4.080531,-0.111243,0.145317,0.724580,-0.664449,-0.214797,-0.704334,-0.250763,0.628406,1.038061
4.210756,-0.111243,0.145317,0.724580,-0.664449,-0.218997,-0.700990,-0.254996,0.628991,1.050414
4.328297,-0.111243,0.145317,0.724580,-0.664449,-0.203144,-0.705501,-0.239170,0.635451,1.002988
4.436382,-0.111243,0.145317,0.724580,-0.664449,-0.171220,-0.713919,-0.203262,0.647834,0.902862
4.529348,-0.111243,0.145317,0.724580,-0.664449,-0.147072,-0.721354,-0.161079,0.657322,0.807087
4.631491,-0.111243,0.145317,0.724580,-0.664449,-0.119046,-0.733283,-0.127049,0.657254,0.719222
4.732094,-0.111243,0.145317,0.724580,-0.664449,-0.096975,-0.736807,-0.104973,0.660827,0.656145
4.840253,-0.111243,0.145317,0.724580,-0.664449,-0.079020,-0.739185,-0.087022,0.663166,0.605072
4.960649,-0.111243,0.145317,0.724580,-0.664449,-0.069023,-0.741245,-0.077025,0.663219,0.576904
5.089284,-0.111243,0.145317,0.724580,-0.664449,-0.061006,-0.741079,-0.069007,0.665071,0.553979
5.218611,-0.111243,0.145317,0.724580,-0.664449,-0.057035,-0.741452,-0.065040,0.665406,0.542742
5.315208,-0.111243,0.145317,0.724580,-0.664449,-0.055054,-0.741723,-0.061060,0.665649,0.534444
5.419408,-0.111243,0.145317,0.724580,-0.664449,-0.065059,-0.739667,-0.075068,0.665601,0.567981
5.531120,-0.111243,0.145317,0.724580,-0.664449,-0.093147,-0.726150,-0.111176,0.672064,0.657011
5.663493,-0.111243,0.145317,0.724580,-0.664449,-0.129075,-0.727421,-0.157091,0.655379,0.775251
5.773958,-0.111243,0.145317,0.724580,-0.664449,-0.151156,-0.725748,-0.183189,0.645665,0.845356
5.890802,-0.111243,0.145317,0.724580,-0.664449,-0.181133,-0.715525,-0.215158,0.639470,0.935469
6.013774,-0.111243,0.145317,0.724580,-0.664449,-0.194987,-0.710953,-0.230985,0.634958,0.979151
6.107039,-0.111243,0.145317,0.724580,-0.664449,-0.201291,-0.708025,-0.237343,0.633917,0.997795
6.223867,-0.111243,0.145317,0.724580,-0.664449,-0.213297,-0.703979,-0.249347,0.629876,1.033567
6.329824,-0.111243,0.145317,0.724580,-0.664449,-0.217365,-0.702179,-0.255429,0.628055,1.048640
6.469785,-0.111243,0.145317,0.724580,-0.664449,-0.220950,-0.700842,-0.258941,0.626858,1.059281
6.579771,-0.111243,0.145317,0.724580,-0.664449,-0.221260,-0.699822,-0.259305,0.627737,1.060161
6.696238,-0.111243,0.145317,0.724580,-0.664449,-0.207140,-0.705478,-0.241164,0.633430,1.012149
6.846087,-0.111243,0.145317,0.724580,-0.664449,-0.163094,-0.715414,-0.193112,0.651377,0.876108
6.981782,-0.111243,0.145317,0.724580,-0.664449,-0.139139,-0.725728,-0.155156,0.655657,0.787492
7.099061,-0.111243,0.145317,0.724580,-0.664449,-0.113151,-0.733980,-0.125167,0.657878,0.707848
7.220334,-0.111243,0.145317,0.724580,-0.664449,-0.089080,-0.737660,-0.101090,0.661592,0.639125
7.356316,-0.111243,0.145317,0.724580,-0.664449,-0.075042,-0.739413,-0.087049,0.663370,0.599202
7.490496,-0.111243,0.145317,0.724580,-0.664449,-0.067031,-0.741346,-0.077036,0.663309,0.573960
7.603562,-0.111243,0.145317,0.724580,-0.664449,-0.061079,-0.741961,-0.071092,0.663860,0.557107
7.693902,-0.111243,0.145317,0.724580,-0.664449,-0.059100,-0.742255,-0.067114,0.664123,0.548811
7.827011,-0.111243,0.145317,0.724580,-0.664449,-0.061079,-0.741961,-0.071092,0.663860,0.557107
7.967623,-0.111243,0.145317,0.724580,-0.664449,-0.077132,-0.738261,-0.089152,0.664134,0.604971
8.105765,-0.111243,0.145317,0.724580,-0.664449,-0.105137,-0.727945,-0.125163,0.665865,0.694676
8.209641,-0.111243,0.145317,0.724580,-0.664449,-0.135125,-0.725672,-0.167155,0.653606,0.798276
8.321781,-0.111243,0.145317,0.724580,-0.664449,-0.167176,-0.719756,-0.199209,0.643676,0.891738
8.450604,-0.111243,0.145317,0.724580,-0.664449,-0.191067,-0.711249,-0.227079,0.637223,0.967431
8.574234,-0.111243,0.145317,0.724580,-0.664449,-0.203017,-0.707061,-0.241021,0.633054,1.005705
8.696219,-0.111243,0.145317,0.724580,-0.664449,-0.211191,-0.705637,-0.247223,0.629568,1.027389
8.814871,-0.111243,0.145317,0.724580,-0.664449,-0.217059,-0.703193,-0.255070,0.627172,1.047779
8.933332,-0.111243,0.145317,0.724580,-0.664449,-0.223163,-0.699511,-0.259189,0.627458,1.062960
9.039035,-0.111243,0.145317,0.724580,-0.664449,-0.225110,-0.699343,-0.263129,0.625306,1.071831
9.161680,-0.111243,0.145317,0.724580,-0.664449,-0.227206,-0.697632,-0.265240,0.625567,1.078034
9.281549,-0.111243,0.145317,0.724580,-0.664449,-0.228981,-0.696943,-0.266978,0.624949,1.083327
9.404484,-0.111243,0.145317,0.724580,-0.664449,-0.228981,-0.696943,-0.266978,0.624949,1.083327
9.525026,-0.111243,0.145317,0.724580,-0.664449,-0.228981,-0.696943,-0.266978,0.624949,1.083327
9.661911,-0.111243,0.145317,0.724580,-0.664449,-0.228981,-0.696943,-0.266978,0.624949,1.083327
9.812138,-0.111243,0.145317,0.724580,-0.664449,-0.228981,-0.696943,-0.266978,0.624949,1.083327
9.930181,-0.111243,0.145317,0.724580,-0.664449,-0.228981,-0.696943,-0.266978,0.624949,1.083327
10.062510,-0.111243,0.145317,0.724580,-0.664449,-0.228981,-0.696943,-0.266978,0.624949,1.083327
10.197168,-0.111243,0.145317,0.724580,-0.664449,-0.228981,-0.696943,-0.266978,0.624949,1.083327
10.340677,-0.111243,0.145317,0.724580,-0.664449,-0.223163,-0.699511,-0.259189,0.627458,1.062960
10.466844,-0.111243,0.145317,0.724580,-0.664449,-0.179170,-0.711674,-0.211200,0.645611,0.926166
10.605934,-0.111243,0.145317,0.724580,-0.664449,-0.141237,-0.722210,-0.159267,0.658103,0.795844
10.732846,-0.111243,0.145317,0.724580,-0.664449,-0.125088,-0.729512,-0.141099,0.657462,0.747197
10.882586,-0.111243,0.145317,0.724580,-0.664449,-0.097076,-0.735575,-0.109085,0.661518,0.661715
11.022161,-0.111243,0.145317,0.724580,-0.664449,-0.080978,-0.738804,-0.090976,0.662824,0.613338
11.186731,-0.111243,0.145317,0.724580,-0.664449,-0.067131,-0.740442,-0.077150,0.664294,0.574075
11.306918,-0.111243,0.145317,0.724580,-0.664449,-0.062981,-0.740776,-0.072978,0.664799,0.562264
11.438997,-0.111243,0.145317,0.724580,-0.664449,-0.059013,-0.741168,-0.069016,0.665150,0.551034
11.596506,-0.111243,0.145317,0.724580,-0.664449,-0.071095,-0.737988,-0.083111,0.665892,0.587631
11.773689,-0.111243,0.145317,0.724580,-0.664449,-0.105068,-0.725472,-0.131085,0.667434,0.702448
11.903616,-0.111243,0.145317,0.724580,-0.664449,-0.145081,-0.723404,-0.177099,0.651364,0.827082
12.033232,-0.111243,0.145317,0.724580,-0.664449,-0.173221,-0.715913,-0.207264,0.643821,0.911967
12.167467,-0.111243,0.145317,0.724580,-0.664449,-0.184940,-0.712771,-0.222928,0.638794,0.952134
12.289856,-0.111243,0.145317,0.724580,-0.664449,-0.201036,-0.707126,-0.237042,0.635113,0.996826
12.404755,-0.111243,0.145317,0.724580,-0.664449,-0.206939,-0.704793,-0.244928,0.632814,1.017226
12.554114,-0.111243,0.145317,0.724580,-0.664449,-0.215184,-0.701599,-0.255218,0.629538,1.044804
12.667774,-0.111243,0.145317,0.724580,-0.664449,-0.205153,-0.703525,-0.243181,0.635474,1.011707
12.820376,-0.111243,0.145317,0.724580,-0.664449,-0.162882,-0.714481,-0.192860,0.652526,0.875290
12.964268,-0.111243,0.145317,0.724580,-0.664449,-0.115056,-0.731356,-0.131064,0.659321,0.718402
13.094077,-0.111243,0.145317,0.724580,-0.664449,-0.107125,-0.733859,-0.121142,0.659772,0.693157
13.241870,-0.111243,0.145317,0.724580,-0.664449,-0.089080,-0.737660,-0.101090,0.661592,0.639125
13.375281,-0.111243,0.145317,0.724580,-0.664449,-0.075029,-0.739282,-0.089034,0.663253,0.601870
13.515132,-0.111243,0.145317,0.724580,-0.664449,-0.085010,-0.737087,-0.099012,0.663078,0.630051
13.662976,-0.111243,0.145317,0.724580,-0.664449,-0.113091,-0.721579,-0.135108,0.669537,0.719442
13.798570,-0.111243,0.145317,0.724580,-0.664449,-0.145239,-0.722190,-0.179295,0.652074,0.830239
13.924636,-0.111243,0.145317,0.724580,-0.664449,-0.181082,-0.713321,-0.217098,0.641289,0.937840
14.045246,-0.111243,0.145317,0.724580,-0.664449,-0.195082,-0.709299,-0.235099,0.635268,0.985009
14.196208,-0.111243,0.145317,0.724580,-0.664449,-0.209099,-0.703333,-0.251119,0.631299,1.029455
14.331334,-0.111243,0.145317,0.724580,-0.664449,-0.213113,-0.701372,-0.253134,0.631335,1.038457
14.482430,-0.111243,0.145317,0.724580,-0.664449,-0.216980,-0.700937,-0.256977,0.628943,1.050129
14.626224,-0.111243,0.145317,0.724580,-0.664449,-0.194953,-0.706829,-0.232944,0.638845,0.981344
14.769713,-0.111243,0.145317,0.724580,-0.664449,-0.143094,-0.717472,-0.165109,0.661435,0.806166
14.938519,-0.111243,0.145317,0.724580,-0.664449,-0.113110,-0.731713,-0.129126,0.659643,0.712841
15.099193,-0.111243,0.145317,0.724580,-0.664449,-0.093108,-0.735856,-0.109127,0.661769,0.655871
15.249786,-0.111243,0.145317,0.724580,-0.664449,-0.081083,-0.737757,-0.093096,0.663681,0.616185
15.389491,-0.111243,0.145317,0.724580,-0.664449,-0.079079,-0.737737,-0.095095,0.663663,0.615924
15.542216,-0.111243,0.145317,0.724580,-0.664449,-0.113091,-0.721579,-0.135108,0.669537,0.719442
15.681104,-0.111243,0.145317,0.724580,-0.664449,-0.157199,-0.719912,-0.193245,0.647821,0.867937
15.852778,-0.111243,0.145317,0.724580,-0.664449,-0.185121,-0.711465,-0.225147,0.639418,0.955423
15.962922,-0.111243,0.145317,0.724580,-0.664449,-0.196913,-0.708687,-0.236895,0.634720,0.990386
16.101838,-0.111243,0.145317,0.724580,-0.664449,-0.207288,-0.703979,-0.249347,0.631879,1.024107
16.240968,-0.111243,0.145317,0.724580,-0.664449,-0.216869,-0.700576,-0.258843,0.628619,1.052642
16.341854,-0.111243,0.145317,0.724580,-0.664449,-0.187079,-0.709299,-0.225095,0.641271,0.958090
16.536138,-0.111243,0.145317,0.724580,-0.664449,-0.139061,-0.719315,-0.161071,0.661290,0.794643
16.666370,-0.111243,0.145317,0.724580,-0.664449,-0.115026,-0.731162,-0.133030,0.659146,0.721057
16.807899,-0.111243,0.145317,0.724580,-0.664449,-0.093108,-0.735856,-0.109127,0.661769,0.655871
16.977586,-0.111243,0.145317,0.724580,-0.664449,-0.081052,-0.737477,-0.097063,0.663429,0.621526
17.122922,-0.111243,0.145317,0.724580,-0.664449,-0.077104,-0.737991,-0.093125,0.663892,0.610318
17.287498,-0.111243,0.145317,0.724580,-0.664449,-0.087052,-0.735437,-0.107064,0.663394,0.643870
17.442367,-0.111243,0.145317,0.724580,-0.664449,-0.139083,-0.721429,-0.175104,0.655389,0.814850
17.575077,-0.111243,0.145317,0.724580,-0.664449,-0.174966,-0.712862,-0.212959,0.644875,0.922383
17.694069,-0.111243,0.145317,0.724580,-0.664449,-0.184992,-0.708970,-0.222991,0.642973,0.951778
17.839557,-0.111243,0.145317,0.724580,-0.664449,-0.197220,-0.705787,-0.237264,0.637711,0.991007
18.001695,-0.111243,0.145317,0.724580,-0.664449,-0.205053,-0.703181,-0.245063,0.635164,1.014250
18.158403,-0.111243,0.145317,0.724580,-0.664449,-0.211041,-0.701136,-0.251049,0.633123,1.032116
18.319690,-0.111243,0.145317,0.724580,-0.664449,-0.177178,-0.709714,-0.213215,0.647652,0.925739
18.464264,-0.111243,0.145317,0.724580,-0.664449,-0.131104,-0.723572,-0.147116,0.661523,0.763634
18.585695,-0.111243,0.145317,0.724580,-0.664449,-0.115042,-0.729264,-0.133048,0.661239,0.720758
18.710827,-0.111243,0.145317,0.724580,-0.664449,-0.099006,-0.733043,-0.115007,0.663038,0.672301
18.883575,-0.111243,0.145317,0.724580,-0.664449,-0.085022,-0.735193,-0.099026,0.665174,0.629717
19.029732,-0.111243,0.145317,0.724580,-0.664449,-0.075040,-0.737391,-0.089047,0.665353,0.601528
19.197640,-0.111243,0.145317,0.724580,-0.664449,-0.085113,-0.733974,-0.103137,0.665884,0.635289
19.347216,-0.111243,0.145317,0.724580,-0.664449,-0.125272,-0.722567,-0.161350,0.660432,0.774754
19.491064,-0.111243,0.145317,0.724580,-0.664449,-0.157017,-0.717076,-0.193020,0.651069,0.866934
19.621663,-0.111243,0.145317,0.724580,-0.664449,-0.184992,-0.708970,-0.222991,0.642973,0.951778
19.780461,-0.111243,0.145317,0.724580,-0.664449,-0.197220,-0.705787,-0.237264,0.637711,0.991007
19.943703,-0.111243,0.145317,0.724580,-0.664449,-0.207054,-0.701184,-0.249065,0.635166,1.022973
20.111282,-0.111243,0.145317,0.724580,-0.664449,-0.210935,-0.700783,-0.252922,0.632804,1.034645
20.259412,-0.111243,0.145317,0.724580,-0.664449,-0.186947,-0.706798,-0.222936,0.644816,0.954439
20.402814,-0.111243,0.145317,0.724580,-0.664449,-0.137172,-0.715895,-0.159199,0.665833,0.788632
20.543311,-0.111243,0.145317,0.724580,-0.664449,-0.115210,-0.728325,-0.133242,0.662205,0.721113
20.696482,-0.111243,0.145317,0.724580,-0.664449,-0.091034,-0.733277,-0.107040,0.665252,0.649393
20.854158,-0.111243,0.145317,0.724580,-0.664449,-0.079000,-0.734999,-0.093000,0.666999,0.612397
20.979235,-0.111243,0.145317,0.724580,-0.664449,-0.079014,-0.735134,-0.091017,0.667121,0.609715
21.113861,-0.111243,0.145317,0.724580,-0.664449,-0.100965,-0.728748,-0.118959,0.666769,0.679937
21.257788,-0.111243,0.145317,0.724580,-0.664449,-0.145069,-0.719341,-0.179085,0.655311,0.829270
21.432828,-0.111243,0.145317,0.724580,-0.664449,-0.181028,-0.711110,-0.219034,0.643099,0.940231
21.581967,-0.111243,0.145317,0.724580,-0.664449,-0.194862,-0.706499,-0.234833,0.638547,0.983899
21.751373,-0.111243,0.145317,0.724580,-0.664449,-0.203135,-0.703469,-0.245163,0.635423,1.011432
21.887779,-0.111243,0.145317,0.724580,-0.664449,-0.208968,-0.700892,-0.248962,0.634902,1.025781
22.044042,-0.111243,0.145317,0.724580,-0.664449,-0.187104,-0.707392,-0.225125,0.643357,0.957923
22.204745,-0.111243,0.145317,0.724580,-0.664449,-0.129141,-0.717783,-0.149163,0.667728,0.762644
22.389980,-0.111243,0.145317,0.724580,-0.664449,-0.111030,-0.729197,-0.127034,0.663179,0.706329
22.568858,-0.111243,0.145317,0.724580,-0.664449,-0.091054,-0.733433,-0.105062,0.665393,0.646716
22.716942,-0.111243,0.145317,0.724580,-0.664449,-0.083052,-0.735461,-0.097061,0.665417,0.624120
22.858813,-0.111243,0.145317,0.724580,-0.664449,-0.075040,-0.737391,-0.089047,0.665353,0.601528
23.033021,-0.111094,0.145123,0.723615,-0.665566,-0.071083,-0.737864,-0.085100,0.665779,0.589658
23.218432,-0.111094,0.145123,0.723615,-0.665566,-0.069102,-0.738092,-0.083123,0.665985,0.584042
23.372470,-0.111094,0.145123,0.723615,-0.665566,-0.069114,-0.738213,-0.081133,0.666095,0.581362
23.502643,-0.111094,0.145123,0.723615,-0.665566,-0.069114,-0.738213,-0.081133,0.666095,0.581362
23.672673,-0.111094,0.145123,0.723615,-0.665566,-0.069114,-0.738213,-0.081133,0.666095,0.581362
23.837460,-0.111094,0.145123,0.723615,-0.665566,-0.069114,-0.738213,-0.081133,0.666095,0.581362
24.035654,-0.111094,0.145123,0.723615,-0.665566,-0.069114,-0.738213,-0.081133,0.666095,0.581362
24.213941,-0.111094,0.145123,0.723615,-0.665566,-0.069114,-0.738213,-0.081133,0.666095,0.581362
24.389912,-0.111094,0.145123,0.723615,-0.665566,-0.069114,-0.738213,-0.081133,0.666095,0.581362
24.541213,-0.111094,0.145123,0.723615,-0.665566,-0.069114,-0.738213,-0.081133,0.666095,0.581362
24.725330,-0.111094,0.145123,0.723615,-0.665566,-0.069114,-0.738213,-0.081133,0.666095,0.581362
24.875398,-0.111094,0.145123,0.723615,-0.665566,-0.069114,-0.738213,-0.081133,0.666095,0.581362
25.022707,-0.111094,0.145123,0.723615,-0.665566,-0.069114,-0.738213,-0.081133,0.666095,0.581362
25.201698,-0.111094,0.145123,0.723615,-0.665566,-0.069114,-0.738213,-0.081133,0.666095,0.581362
25.362181,-0.111094,0.145123,0.723615,-0.665566,-0.069114,-0.738213,-0.081133,0.666095,0.581362
25.523388,-0.111094,0.145123,0.723615,-0.665566,-0.069114,-0.738213,-0.081133,0.666095,0.581362
25.658729,-0.111094,0.145123,0.723615,-0.665566,-0.069114,-0.738213,-0.081133,0.666095,0.581362
25.818050,-0.111094,0.145123,0.723615,-0.665566,-0.069114,-0.738213,-0.081133,0.666095,0.581362
25.972747,-0.111094,0.145123,0.723615,-0.665566,-0.069114,-0.738213,-0.081133,0.666095,0.581362
26.131344,-0.111094,0.145123,0.723615,-0.665566,-0.069114,-0.738213,-0.081133,0.666095,0.581362
26.311037,-0.111094,0.145123,0.723615,-0.665566,-0.069114,-0.738213,-0.081133,0.666095,0.581362
26.487722,-0.111094,0.145123,0.723615,-0.665566,-0.069114,-0.738213,-0.081133,0.666095,0.581362
26.672044,-0.111094,0.145123,0.723615,-0.665566,-0.069114,-0.738213,-0.081133,0.666095,0.581362
26.876844,-0.111094,0.145123,0.723615,-0.665566,-0.069114,-0.738213,-0.081133,0.666095,0.581362
27.047573,-0.111094,0.145123,0.723615,-0.665566,-0.069114,-0.738213,-0.081133,0.666095,0.581362
27.178561,-0.111094,0.145123,0.723615,-0.665566,-0.069114,-0.738213,-0.081133,0.666095,0.581362
27.365733,-0.111094,0.145123,0.723615,-0.665566,-0.069114,-0.738213,-0.081133,0.666095,0.581362
27.561558,-0.111094,0.145123,0.723615,-0.665566,-0.069114,-0.738213,-0.081133,0.666095,0.581362
27.728994,-0.111094,0.145123,0.723615,-0.665566,-0.069114,-0.738213,-0.081133,0.666095,0.581362
27.921560,-0.111094,0.145123,0.723615,-0.665566,-0.069114,-0.738213,-0.081133,0.666095,0.581362
28.120097,-0.111094,0.145123,0.723615,-0.665566,-0.069114,-0.738213,-0.081133,0.666095,0.581362
28.262355,-0.111094,0.145123,0.723615,-0.665566,-0.069114,-0.738213,-0.081133,0.666095,0.581362
28.444946,-0.111094,0.145123,0.723615,-0.665566,-0.069114,-0.738213,-0.081133,0.666095,0.581362
28.608843,-0.111094,0.145123,0.723615,-0.665566,-0.069114,-0.738213,-0.081133,0.666095,0.581362
28.791353,-0.111094,0.145123,0.723615,-0.665566,-0.069114,-0.738213,-0.081133,0.666095,0.581362
28.956544,-0.111094,0.145123,0.723615,-0.665566,-0.069114,-0.738213,-0.081133,0.666095,0.581362
29.100140,-0.111094,0.145123,0.723615,-0.665566,-0.069114,-0.738213,-0.081133,0.666095,0.581362
29.282628,-0.111094,0.145123,0.723615,-0.665566,-0.069114,-0.738213,-0.081133,0.666095,0.581362
29.465406,-0.111094,0.145123,0.723615,-0.665566,-0.069114,-0.738213,-0.081133,0.666095,0.581362
29.668648,-0.111094,0.145123,0.723615,-0.665566,-0.069114,-0.738213,-0.081133,0.666095,0.581362
29.845641,-0.111094,0.145123,0.723615,-0.665566,-0.069114,-0.738213,-0.081133,0.666095,0.581362
