0.000000,-0.113155,0.149204,0.723990,-0.663908,-0.023029,0.005006,-0.701886,0.711899,0.412840
0.547469,-0.113155,0.149204,0.723990,-0.663908,-0.023029,0.005006,-0.701886,0.711899,0.412840
0.742714,-0.113155,0.149204,0.723990,-0.663908,-0.023029,0.005006,-0.701886,0.711899,0.412840
0.878507,-0.113155,0.149204,0.723990,-0.663908,-0.023029,0.005006,-0.701886,0.711899,0.412840
1.007354,-0.113155,0.149204,0.723990,-0.663908,-0.023029,0.005006,-0.701886,0.711899,0.412840
1.197525,-0.113155,0.149204,0.723990,-0.663908,-0.023029,0.005006,-0.701886,0.711899,0.412840
1.309665,-0.113155,0.149204,0.723990,-0.663908,-0.023029,0.005006,-0.701886,0.711899,0.412840
1.374524,-0.113155,0.149204,0.723990,-0.663908,-0.023029,0.005006,-0.701886,0.711899,0.412840
1.436634,-0.113155,0.149204,0.723990,-0.663908,-0.023029,0.005006,-0.701886,0.711899,0.412840
1.498241,-0.113155,0.149204,0.723990,-0.663908,-0.023029,0.005006,-0.701886,0.711899,0.412840
1.588929,-0.113155,0.149204,0.723990,-0.663908,-0.023029,0.005006,-0.701886,0.711899,0.412840
1.720896,-0.113155,0.149204,0.723990,-0.663908,-0.023029,0.005006,-0.701886,0.711899,0.412840
1.818432,-0.113155,0.149204,0.723990,-0.663908,-0.023029,0.005006,-0.701886,0.711899,0.412840
1.916138,-0.113155,0.149204,0.723990,-0.663908,-0.023029,0.005006,-0.701886,0.711899,0.412840
2.006800,-0.113155,0.149204,0.723990,-0.663908,0.007015,-0.039085,-0.702529,0.710546,0.309845
2.101858,-0.113155,0.149204,0.723990,-0.663908,0.159280,-0.181318,-0.686205,0.686205,-0.111206
2.201867,-0.113155,0.149204,0.723990,-0.663908,0.247007,-0.275008,-0.655020,0.659020,-0.378816
2.297107,-0.113155,0.149204,0.723990,-0.663908,0.277294,-0.307325,-0.641679,0.645683,-0.474507
2.406843,-0.113155,0.149204,0.723990,-0.663908,0.285415,-0.319465,-0.635925,0.641934,-0.505480
2.507266,-0.113155,0.149204,0.723990,-0.663908,0.297125,-0.331140,-0.631266,0.635268,-0.542314
2.592358,-0.113155,0.149204,0.723990,-0.663908,0.311292,-0.343322,-0.625587,0.627589,-0.584369
2.691439,-0.113155,0.149204,0.723990,-0.663908,0.315254,-0.347280,-0.623503,0.625504,-0.597003
2.794590,-0.113155,0.149204,0.723990,-0.663908,0.319202,-0.351223,-0.621394,0.623395,-0.609634
2.899001,-0.113155,0.149204,0.723990,-0.663908,0.323136,-0.355150,-0.619261,0.621262,-0.622262
3.030341,-0.113155,0.149204,0.723990,-0.663908,0.324927,-0.354920,-0.618860,0.620860,-0.624928
3.157976,-0.113155,0.149204,0.723990,-0.663908,0.323366,-0.353400,-0.619701,0.621703,-0.619968
3.252713,-0.113155,0.149204,0.723990,-0.663908,0.286888,-0.318876,-0.636752,0.640750,-0.507204
3.348473,-0.113155,0.149204,0.723990,-0.663908,0.205412,-0.237476,-0.670343,0.672347,-0.259926
3.436098,-0.113155,0.149204,0.723990,-0.663908,0.125141,-0.147166,-0.695787,0.691782,-0.012875
3.535581,-0.113155,0.149204,0.723990,-0.663908,0.027046,-0.043073,-0.704185,0.708192,0.274001
3.623806,-0.113155,0.149204,0.723990,-0.663908,0.005006,-0.027032,-0.703830,0.709837,0.328467
3.718825,-0.113155,0.149204,0.723990,-0.663908,-0.007000,-0.015000,-0.705007,0.709007,0.362323
3.841256,-0.113155,0.149204,0.723990,-0.663908,-0.015001,-0.001000,-0.705024,0.709024,0.392716
3.940419,-0.113155,0.149204,0.723990,-0.663908,-0.019026,0.003004,-0.703965,0.709973,0.404082
4.066968,-0.113155,0.149204,0.723990,-0.663908,-0.027030,0.013014,-0.703779,0.709785,0.429304
4.145183,-0.113155,0.149204,0.723990,-0.663908,-0.027030,0.013014,-0.703779,0.709785,0.429304
4.250287,-0.113155,0.149204,0.723990,-0.663908,-0.025030,0.011013,-0.703832,0.709840,0.423652
4.330087,-0.113155,0.149204,0.723990,-0.663908,0.003004,-0.021028,-0.703937,0.709945,0.339308
4.399208,-0.113155,0.149204,0.723990,-0.663908,0.103235,-0.115262,-0.700592,0.696583,0.062959
4.461240,-0.113155,0.149204,0.723990,-0.663908,0.171133,-0.183143,-0.685534,0.683532,-0.132362
4.570721,-0.113155,0.149204,0.723990,-0.663908,0.231329,-0.249355,-0.663945,0.665948,-0.317785
4.715485,-0.113155,0.149204,0.723990,-0.663908,0.263070,-0.283075,-0.651173,0.653174,-0.416511
4.842221,-0.113155,0.149204,0.723990,-0.663908,0.289456,-0.315497,-0.636002,0.642011,-0.506329
4.934380,-0.113155,0.149204,0.723990,-0.663908,0.297526,-0.323572,-0.632117,0.638128,-0.531586
5.033269,-0.113155,0.149204,0.723990,-0.663908,0.309362,-0.333390,-0.627735,0.631740,-0.566064
5.143604,-0.113155,0.149204,0.723990,-0.663908,0.317313,-0.341337,-0.623615,0.627619,-0.591317
5.254660,-0.113155,0.149204,0.723990,-0.663908,0.321268,-0.345288,-0.621519,0.625522,-0.603941
5.369110,-0.113155,0.149204,0.723990,-0.663908,0.323241,-0.347259,-0.621464,0.623465,-0.610412
5.499929,-0.113155,0.149204,0.723990,-0.663908,0.323016,-0.349017,-0.621031,0.623031,-0.612699
5.631201,-0.113155,0.149204,0.723990,-0.663908,0.303349,-0.331381,-0.629725,0.633729,-0.553019
5.710049,-0.113155,0.149204,0.723990,-0.663908,0.259382,-0.287423,-0.649956,0.653962,-0.416538
5.788446,-0.113155,0.149204,0.723990,-0.663908,0.173019,-0.199022,-0.681075,0.683075,-0.156387
5.855512,-0.113155,0.149204,0.723990,-0.663908,0.115081,-0.139098,-0.695488,0.695488,0.013525
5.945158,-0.113155,0.149204,0.723990,-0.663908,0.037020,-0.059032,-0.701375,0.709379,0.238186
6.027413,-0.113155,0.149204,0.723990,-0.663908,-0.003000,-0.017000,-0.702990,0.710990,0.353724
6.152150,-0.113155,0.149204,0.723990,-0.663908,-0.011001,-0.007000,-0.703035,0.711036,0.378889
6.242563,-0.113155,0.149204,0.723990,-0.663908,-0.018999,0.003000,-0.702965,0.710964,0.404064
6.379301,-0.113155,0.149204,0.723990,-0.663908,-0.024993,0.012997,-0.702816,0.710814,0.426205
6.456656,-0.113155,0.149204,0.723990,-0.663908,-0.024993,0.012997,-0.702816,0.710814,0.426205
6.625483,-0.113155,0.149204,0.723990,-0.663908,-0.027029,0.015016,-0.703759,0.709766,0.431918
6.794323,-0.113155,0.149204,0.723990,-0.663908,-0.027029,0.015016,-0.703759,0.709766,0.431918
6.933072,-0.113155,0.149204,0.723990,-0.663908,-0.009000,-0.011000,-0.703024,0.711024,0.370649
7.028744,-0.113155,0.149204,0.723990,-0.663908,0.023039,-0.045076,-0.704194,0.708201,0.277515
7.132186,-0.113155,0.149204,0.723990,-0.663908,0.083138,-0.099164,-0.702162,0.700159,0.115018
7.206939,-0.113155,0.149204,0.723990,-0.663908,0.149240,-0.167270,-0.690112,0.688109,-0.076899
7.322018,-0.113155,0.149204,0.723990,-0.663908,0.207428,-0.235486,-0.670384,0.672388,-0.260392
7.426021,-0.113155,0.149204,0.723990,-0.663908,0.267060,-0.293066,-0.647146,0.651147,-0.437144
7.504107,-0.113155,0.149204,0.723990,-0.663908,0.287253,-0.319282,-0.635561,0.641566,-0.508242
7.604786,-0.113155,0.149204,0.723990,-0.663908,0.297322,-0.329357,-0.631684,0.635688,-0.539981
7.720328,-0.113155,0.149204,0.723990,-0.663908,0.307137,-0.337150,-0.627280,0.631282,-0.567965
7.829184,-0.113155,0.149204,0.723990,-0.663908,0.311326,-0.339355,-0.625655,0.629659,-0.578281
7.931249,-0.113155,0.149204,0.723990,-0.663908,0.315295,-0.343321,-0.623583,0.627586,-0.590911
8.043787,-0.113155,0.149204,0.723990,-0.663908,0.315078,-0.345085,-0.623153,0.627154,-0.593213
8.171841,-0.113155,0.149204,0.723990,-0.663908,0.317275,-0.345299,-0.623540,0.625542,-0.597389
8.316280,-0.113155,0.149204,0.723990,-0.663908,0.319426,-0.349466,-0.621830,0.623833,-0.607333
8.432303,-0.113155,0.149204,0.723990,-0.663908,0.319250,-0.347272,-0.621486,0.625489,-0.603539
8.579859,-0.113155,0.149204,0.723990,-0.663908,0.287253,-0.319282,-0.635561,0.641566,-0.508242
8.691514,-0.113155,0.149204,0.723990,-0.663908,0.191153,-0.219176,-0.675542,0.677544,-0.212264
8.807954,-0.113155,0.149204,0.723990,-0.663908,0.093043,-0.115053,-0.701321,0.697319,0.078931
8.927032,-0.113155,0.149204,0.723990,-0.663908,0.021001,-0.051002,-0.707030,0.705030,0.272717
9.008542,-0.113155,0.149204,0.723990,-0.663908,-0.005000,-0.017000,-0.704993,0.708993,0.356680
9.082336,-0.113155,0.149204,0.723990,-0.663908,-0.015022,-0.003004,-0.704013,0.710022,0.390169
9.155178,-0.113155,0.149204,0.723990,-0.663908,-0.021028,0.007009,-0.703923,0.709931,0.412346
9.274692,-0.113155,0.149204,0.723990,-0.663908,-0.023029,0.009011,-0.703880,0.709888,0.417999
9.370725,-0.113155,0.149204,0.723990,-0.663908,-0.023028,0.011014,-0.703866,0.709874,0.420612
9.500550,-0.113155,0.149204,0.723990,-0.663908,-0.027030,0.013014,-0.703779,0.709785,0.429304
9.630215,-0.113155,0.149204,0.723990,-0.663908,-0.029030,0.013014,-0.703739,0.709746,0.432342
9.794333,-0.113155,0.149204,0.723990,-0.663908,-0.011016,-0.007010,-0.704036,0.710045,0.378864
9.904566,-0.113155,0.149204,0.723990,-0.663908,0.053083,-0.075118,-0.706109,0.702103,0.192357
10.036872,-0.113155,0.149204,0.723990,-0.663908,0.131191,-0.149217,-0.694010,0.692007,-0.024882
10.193854,-0.113155,0.149204,0.723990,-0.663908,0.219059,-0.243066,-0.667180,0.669181,-0.289392
10.337247,-0.113155,0.149204,0.723990,-0.663908,0.265012,-0.291013,-0.649030,0.651030,-0.431003
10.463103,-0.113155,0.149204,0.723990,-0.663908,0.281534,-0.309587,-0.640214,0.644221,-0.484772
10.586845,-0.113155,0.149204,0.723990,-0.663908,0.297335,-0.325367,-0.633714,0.635716,-0.534236
10.673734,-0.113155,0.149204,0.723990,-0.663908,0.305349,-0.333381,-0.629720,0.631722,-0.559497
10.757439,-0.113155,0.149204,0.723990,-0.663908,0.309337,-0.337368,-0.627685,0.629687,-0.572128
10.900520,-0.113155,0.149204,0.723990,-0.663908,0.313313,-0.341341,-0.625625,0.627627,-0.584760
11.052869,-0.113155,0.149204,0.723990,-0.663908,0.317275,-0.345299,-0.623540,0.625542,-0.597389
11.199999,-0.113155,0.149204,0.723990,-0.663908,0.319251,-0.347273,-0.623490,0.623490,-0.603864
11.331108,-0.113155,0.149204,0.723990,-0.663908,0.319251,-0.347273,-0.623490,0.623490,-0.603864
11.477187,-0.113155,0.149204,0.723990,-0.663908,0.299145,-0.329160,-0.631307,0.635309,-0.542716
11.602463,-0.113155,0.149204,0.723990,-0.663908,0.245207,-0.269227,-0.657554,0.659556,-0.367895
11.751408,-0.113155,0.149204,0.723990,-0.663908,0.155056,-0.169061,-0.689250,0.687249,-0.088376
11.884292,-0.113155,0.149204,0.723990,-0.663908,0.051062,-0.081098,-0.703852,0.703852,0.187782
12.054806,-0.113155,0.149204,0.723990,-0.663908,-0.001000,-0.018999,-0.704976,0.708976,0.347997
12.214839,-0.113155,0.149204,0.723990,-0.663908,-0.020998,0.005000,-0.704939,0.708939,0.409653
12.361269,-0.113155,0.149204,0.723990,-0.663908,-0.027030,0.013014,-0.703779,0.709785,0.429304
12.451075,-0.113155,0.149204,0.723990,-0.663908,-0.027030,0.013014,-0.703779,0.709785,0.429304
12.554247,-0.113155,0.149204,0.723990,-0.663908,-0.027030,0.013014,-0.703779,0.709785,0.429304
12.691019,-0.113155,0.149204,0.723990,-0.663908,0.002999,-0.024996,-0.704880,0.708880,0.334117
12.843663,-0.113155,0.149204,0.723990,-0.663908,0.089153,-0.107184,-0.700201,0.700201,0.095362
12.971955,-0.113155,0.149204,0.723990,-0.663908,0.175164,-0.193181,-0.683642,0.681640,-0.152137
13.077726,-0.113155,0.149204,0.723990,-0.663908,0.233181,-0.255198,-0.663514,0.663514,-0.328997
13.212875,-0.113155,0.149204,0.723990,-0.663908,0.283202,-0.311222,-0.641458,0.641458,-0.490214
13.345515,-0.113155,0.149204,0.723990,-0.663908,0.299526,-0.329579,-0.632110,0.634113,-0.544132
13.475038,-0.113155,0.149204,0.723990,-0.663908,0.307345,-0.335377,-0.629707,0.629707,-0.565972
13.601369,-0.113155,0.149204,0.723990,-0.663908,0.313098,-0.343108,-0.625196,0.627197,-0.587067
13.749447,-0.113155,0.149204,0.723990,-0.663908,0.315473,-0.345518,-0.623935,0.625938,-0.594695
13.890190,-0.113155,0.149204,0.723990,-0.663908,0.319426,-0.349466,-0.621830,0.623833,-0.607333
14.039177,-0.113155,0.149204,0.723990,-0.663908,0.319426,-0.349466,-0.621830,0.623833,-0.607333
14.132512,-0.113155,0.149204,0.723990,-0.663908,0.301149,-0.331164,-0.631312,0.633313,-0.549192
14.223971,-0.113155,0.149204,0.723990,-0.663908,0.244884,-0.268873,-0.658688,0.658688,-0.367013
14.364223,-0.113155,0.149204,0.723990,-0.663908,0.130930,-0.152918,-0.694626,0.690629,-0.029457
14.522524,-0.113155,0.149204,0.723990,-0.663908,0.025029,-0.055063,-0.707812,0.703807,0.261229
14.663264,-0.113155,0.149204,0.723990,-0.663908,-0.011016,-0.007010,-0.704036,0.710045,0.378864
14.831190,-0.113155,0.149204,0.723990,-0.663908,-0.019026,0.001001,-0.703968,0.709976,0.401473
14.961461,-0.113155,0.149204,0.723990,-0.663908,-0.023029,0.009011,-0.703880,0.709888,0.417999
15.083232,-0.113155,0.149204,0.723990,-0.663908,-0.027030,0.013014,-0.703779,0.709785,0.429304
15.197645,-0.113155,0.149204,0.723990,-0.663908,-0.029030,0.013014,-0.703739,0.709746,0.432342
15.350453,-0.113155,0.149204,0.723990,-0.663908,-0.029030,0.015015,-0.703720,0.709726,0.434955
15.485765,-0.113155,0.149204,0.723990,-0.663908,-0.009013,-0.013019,-0.704007,0.710016,0.368005
15.617102,-0.113155,0.149204,0.723990,-0.663908,0.069059,-0.089076,-0.703601,0.701599,0.149785
15.762792,-0.113155,0.149204,0.723990,-0.663908,0.145368,-0.165419,-0.690750,0.688745,-0.068398
15.862914,-0.113155,0.149204,0.723990,-0.663908,0.195184,-0.221208,-0.675637,0.675637,-0.221539
15.964666,-0.113155,0.149204,0.723990,-0.663908,0.245207,-0.269227,-0.657554,0.659556,-0.367895
16.117371,-0.113155,0.149204,0.723990,-0.663908,0.279328,-0.309363,-0.641754,0.643756,-0.480975
16.255527,-0.113155,0.149204,0.723990,-0.663908,0.301149,-0.331164,-0.631312,0.633313,-0.549192
16.373032,-0.113155,0.149204,0.723990,-0.663908,0.311327,-0.339357,-0.627659,0.627659,-0.578604
16.512749,-0.113155,0.149204,0.723990,-0.663908,0.317275,-0.345299,-0.623540,0.625542,-0.597389
16.684949,-0.113155,0.149204,0.723990,-0.663908,0.317452,-0.347494,-0.623888,0.623888,-0.601178
16.818972,-0.113155,0.149204,0.723990,-0.663908,0.319251,-0.347273,-0.623490,0.623490,-0.603864
16.956998,-0.113155,0.149204,0.723990,-0.663908,0.319251,-0.347273,-0.623490,0.623490,-0.603864
17.105297,-0.113155,0.149204,0.723990,-0.663908,0.307525,-0.337576,-0.628072,0.630076,-0.569414
17.259836,-0.113155,0.149204,0.723990,-0.663908,0.243003,-0.269004,-0.659009,0.659009,-0.364159
17.409921,-0.113155,0.149204,0.723990,-0.663908,0.157110,-0.181126,-0.687480,0.685479,-0.107658
17.541028,-0.113155,0.149204,0.723990,-0.663908,0.079108,-0.105144,-0.701960,0.699957,0.113387
17.646002,-0.113155,0.149204,0.723990,-0.663908,0.027030,-0.055060,-0.707775,0.703770,0.258196
17.789619,-0.113155,0.149204,0.723990,-0.663908,-0.003000,-0.020998,-0.704945,0.708945,0.348439
17.963095,-0.113155,0.149204,0.723990,-0.663908,-0.013000,-0.007000,-0.705027,0.709027,0.381857
18.133325,-0.113155,0.149204,0.723990,-0.663908,-0.021028,0.005007,-0.703931,0.709939,0.409735
18.292164,-0.113155,0.149204,0.723990,-0.663908,-0.025030,0.009011,-0.703847,0.709854,0.421040
18.429387,-0.113155,0.149204,0.723990,-0.663908,-0.027031,0.011012,-0.703796,0.709803,0.426691
18.601270,-0.113155,0.149204,0.723990,-0.663908,-0.029030,0.013014,-0.703739,0.709746,0.432342
18.750042,-0.113155,0.149204,0.723990,-0.663908,-0.029030,0.013014,-0.703739,0.709746,0.432342
18.886980,-0.113155,0.149204,0.723990,-0.663908,-0.019026,0.003004,-0.703965,0.709973,0.404082
19.045806,-0.113155,0.149204,0.723990,-0.663908,0.019007,-0.045017,-0.705261,0.707262,0.283678
19.202398,-0.113155,0.149204,0.723990,-0.663908,0.123035,-0.145041,-0.695199,0.693198,-0.006715
19.342008,-0.113155,0.149204,0.723990,-0.663908,0.185348,-0.213400,-0.678272,0.678272,-0.195367
19.458401,-0.113155,0.149204,0.723990,-0.663908,0.244884,-0.268873,-0.658688,0.658688,-0.367013
19.606213,-0.113155,0.149204,0.723990,-0.663908,0.289644,-0.321716,-0.636416,0.638420,-0.516103
19.781460,-0.113155,0.149204,0.723990,-0.663908,0.315254,-0.347280,-0.623503,0.625504,-0.597003
19.943942,-0.113155,0.149204,0.723990,-0.663908,0.317230,-0.349254,-0.623453,0.623453,-0.603484
20.115986,-0.113155,0.149204,0.723990,-0.663908,0.319426,-0.349466,-0.621830,0.623833,-0.607333
20.244063,-0.113155,0.149204,0.723990,-0.663908,0.313274,-0.345302,-0.623545,0.627549,-0.590518
20.397435,-0.113155,0.149204,0.723990,-0.663908,0.274716,-0.302687,-0.644334,0.646332,-0.463698
20.561614,-0.113155,0.149204,0.723990,-0.663908,0.203135,-0.233155,-0.671447,0.673449,-0.250366
20.702176,-0.113155,0.149204,0.723990,-0.663908,0.123206,-0.145243,-0.696164,0.692157,-0.007335
20.840389,-0.113155,0.149204,0.723990,-0.663908,0.035013,-0.063024,-0.707265,0.703263,0.235665
21.015651,-0.113155,0.149204,0.723990,-0.663908,-0.011016,-0.009013,-0.704024,0.710033,0.376260
21.177051,-0.113155,0.149204,0.723990,-0.663908,-0.023029,0.007009,-0.703892,0.709899,0.415388
21.351188,-0.113155,0.149204,0.723990,-0.663908,-0.027030,0.013014,-0.703779,0.709785,0.429304
21.536499,-0.113155,0.149204,0.723990,-0.663908,-0.029030,0.013014,-0.703739,0.709746,0.432342
21.717841,-0.113155,0.149204,0.723990,-0.663908,-0.013019,-0.007010,-0.704019,0.710027,0.381911
21.873845,-0.113155,0.149204,0.723990,-0.663908,0.057050,-0.081072,-0.705623,0.701619,0.178527
22.055495,-0.113155,0.149204,0.723990,-0.663908,0.165173,-0.187196,-0.685718,0.683716,-0.128408
22.205569,-0.113155,0.149204,0.723990,-0.663908,0.227607,-0.253676,-0.664772,0.664772,-0.317923
22.383028,-0.113155,0.149204,0.723990,-0.663908,0.281190,-0.317214,-0.639431,0.641432,-0.495546
22.535308,-0.113155,0.149204,0.723990,-0.663908,0.305324,-0.337358,-0.629669,0.629669,-0.565580
22.712124,-0.113155,0.149204,0.723990,-0.663908,0.315254,-0.347280,-0.623503,0.625504,-0.597003
22.869803,-0.113155,0.149204,0.723990,-0.663908,0.317230,-0.349254,-0.623453,0.623453,-0.603484
23.017887,-0.113155,0.149204,0.723990,-0.663908,0.317230,-0.349254,-0.623453,0.623453,-0.603484
23.145566,-0.113155,0.149204,0.723990,-0.663908,0.283031,-0.317035,-0.639070,0.641071,-0.498305
23.274728,-0.113155,0.149204,0.723990,-0.663908,0.205314,-0.239366,-0.670023,0.672026,-0.262378
23.428603,-0.113155,0.149204,0.723990,-0.663908,0.107137,-0.131168,-0.697892,0.695890,0.036142
23.580260,-0.113155,0.149204,0.723990,-0.663908,0.011005,-0.045022,-0.703339,0.709342,0.295996
23.730483,-0.113155,0.149204,0.723990,-0.663908,-0.013019,-0.003004,-0.704033,0.710042,0.387123
23.873851,-0.113155,0.149204,0.723990,-0.663908,-0.019026,0.005007,-0.703959,0.709968,0.406692
24.030407,-0.113155,0.149204,0.723990,-0.663908,-0.023029,0.009011,-0.703880,0.709888,0.417999
24.184054,-0.113155,0.149204,0.723990,-0.663908,-0.025029,0.013015,-0.703815,0.709822,0.426265
24.344247,-0.113155,0.149204,0.723990,-0.663908,-0.027029,0.015016,-0.703759,0.709766,0.431918
24.495038,-0.113155,0.149204,0.723990,-0.663908,-0.029030,0.015015,-0.703720,0.709726,0.434955
24.646102,-0.113155,0.149204,0.723990,-0.663908,-0.025030,0.011013,-0.703832,0.709840,0.423652
24.824711,-0.113155,0.149204,0.723990,-0.663908,0.037040,-0.049053,-0.703765,0.707769,0.250973
25.027720,-0.113155,0.149204,0.723990,-0.663908,0.129119,-0.145133,-0.693637,0.693637,-0.016196
25.207383,-0.113155,0.149204,0.723990,-0.663908,0.221149,-0.245165,-0.665449,0.669451,-0.295505
25.394401,-0.113155,0.149204,0.723990,-0.663908,0.281183,-0.313204,-0.639416,0.643418,-0.489479
25.584022,-0.113155,0.149204,0.723990,-0.663908,0.299145,-0.329160,-0.631307,0.635309,-0.542716
25.740110,-0.113155,0.149204,0.723990,-0.663908,0.307344,-0.335375,-0.627702,0.631707,-0.565650
25.925030,-0.113155,0.149204,0.723990,-0.663908,0.311506,-0.341554,-0.626016,0.628019,-0.582055
26.097255,-0.113155,0.149204,0.723990,-0.663908,0.315295,-0.343321,-0.623583,0.627586,-0.590911
26.260356,-0.113155,0.149204,0.723990,-0.663908,0.315473,-0.345518,-0.623935,0.625938,-0.594695
26.424585,-0.113155,0.149204,0.723990,-0.663908,0.317275,-0.345299,-0.623540,0.625542,-0.597389
26.588144,-0.113155,0.149204,0.723990,-0.663908,0.317275,-0.345299,-0.623540,0.625542,-0.597389
26.738714,-0.113155,0.149204,0.723990,-0.663908,0.273053,-0.305059,-0.643125,0.647126,-0.464260
26.876557,-0.113155,0.149204,0.723990,-0.663908,0.180888,-0.208870,-0.678578,0.680577,-0.182067
27.012922,-0.113155,0.149204,0.723990,-0.663908,0.065037,-0.095054,-0.701400,0.703401,0.148299
27.178830,-0.113155,0.149204,0.723990,-0.663908,0.003003,-0.029033,-0.703796,0.709803,0.328922
27.354229,-0.113155,0.149204,0.723990,-0.663908,-0.024995,0.004999,-0.702866,0.710865,0.415790
27.501983,-0.113155,0.149204,0.723990,-0.663908,-0.029031,0.011012,-0.701743,0.711753,0.429788
27.656744,-0.113155,0.149204,0.723990,-0.663908,-0.035027,0.017013,-0.701549,0.711557,0.446730
27.857931,-0.113155,0.149204,0.723990,-0.663908,-0.035077,0.017038,-0.702549,0.710566,0.446810
28.047193,-0.113155,0.149204,0.723990,-0.663908,-0.020998,-0.003000,-0.702937,0.710936,0.399306
28.208930,-0.113155,0.149204,0.723990,-0.663908,0.041100,-0.071173,-0.706717,0.702707,0.215760
28.395357,-0.113155,0.149204,0.723990,-0.663908,0.149139,-0.171160,-0.689644,0.687643,-0.081912
28.584388,-0.113155,0.149204,0.723990,-0.663908,0.227558,-0.259637,-0.662625,0.664630,-0.326027
28.793050,-0.113155,0.149204,0.723990,-0.663908,0.285414,-0.323469,-0.635923,0.639929,-0.511567
28.956068,-0.113155,0.149204,0.723990,-0.663908,0.301306,-0.337342,-0.629639,0.631641,-0.558712
29.152671,-0.113155,0.149204,0.723990,-0.663908,0.307282,-0.343315,-0.625575,0.629578,-0.577499
29.354852,-0.113155,0.149204,0.723990,-0.663908,0.311292,-0.343322,-0.625587,0.627589,-0.584369
29.518858,-0.113155,0.149204,0.723990,-0.663908,0.313275,-0.345303,-0.625549,0.625549,-0.590851
29.701719,-0.113155,0.149204,0.723990,-0.663908,0.313491,-0.343538,-0.625981,0.625981,-0.588538
29.861138,-0.113155,0.149204,0.723990,-0.663908,0.271366,-0.303409,-0.643867,0.647873,-0.459102
30.067530,-0.113155,0.149204,0.723990,-0.663908,0.122963,-0.148955,-0.694790,0.692791,-0.011772
30.267323,-0.113155,0.149204,0.723990,-0.663908,0.005005,-0.033033,-0.703703,0.709709,0.320684
30.437648,-0.113155,0.149204,0.723990,-0.663908,-0.023029,0.005006,-0.703900,0.709908,0.412777
30.590311,-0.113155,0.149204,0.723990,-0.663908,-0.027031,0.011012,-0.703796,0.709803,0.426691
30.736265,-0.113155,0.149204,0.723990,-0.663908,-0.029030,0.013014,-0.703739,0.709746,0.432342
30.937200,-0.113155,0.149204,0.723990,-0.663908,-0.031029,0.017016,-0.703655,0.709660,0.440606
31.139004,-0.113155,0.149204,0.723990,-0.663908,-0.035027,0.019014,-0.703536,0.709541,0.449290
31.338053,-0.113155,0.149204,0.723990,-0.663908,-0.035027,0.019014,-0.703536,0.709541,0.449290
31.538127,-0.113155,0.149204,0.723990,-0.663908,-0.035027,0.019014,-0.703536,0.709541,0.449290
31.745806,-0.113155,0.149204,0.723990,-0.663908,-0.035027,0.019014,-0.703536,0.709541,0.449290
31.942056,-0.113155,0.149204,0.723990,-0.663908,-0.035027,0.019014,-0.703536,0.709541,0.449290
32.133876,-0.113155,0.149204,0.723990,-0.663908,-0.035027,0.019014,-0.703536,0.709541,0.449290
32.338486,-0.113155,0.149204,0.723990,-0.663908,-0.035027,0.019014,-0.703536,0.709541,0.449290
32.519459,-0.113155,0.149204,0.723990,-0.663908,-0.035027,0.019014,-0.703536,0.709541,0.449290
32.668497,-0.113155,0.149204,0.723990,-0.663908,-0.035027,0.019014,-0.703536,0.709541,0.449290
32.869865,-0.113155,0.149204,0.723990,-0.663908,-0.035027,0.019014,-0.703536,0.709541,0.449290
33.014818,-0.115131,0.149170,0.723824,-0.663756,-0.035027,0.019014,-0.703536,0.709541,0.452159
33.215058,-0.115131,0.149170,0.723824,-0.663756,-0.035027,0.019014,-0.703536,0.709541,0.452159
33.453411,-0.115131,0.149170,0.723824,-0.663756,-0.035027,0.019014,-0.703536,0.709541,0.452159
33.618011,-0.115131,0.149170,0.723824,-0.663756,-0.035027,0.019014,-0.703536,0.709541,0.452159
33.838684,-0.115131,0.149170,0.723824,-0.663756,-0.035027,0.019014,-0.703536,0.709541,0.452159
34.074996,-0.115131,0.149170,0.723824,-0.663756,-0.035027,0.019014,-0.703536,0.709541,0.452159
34.239804,-0.115131,0.149170,0.723824,-0.663756,-0.035027,0.019014,-0.703536,0.709541,0.452159
34.416667,-0.115131,0.149170,0.723824,-0.663756,-0.035027,0.019014,-0.703536,0.709541,0.452159
34.571144,-0.115131,0.149170,0.723824,-0.663756,-0.035027,0.019014,-0.703536,0.709541,0.452159
34.752406,-0.115131,0.149170,0.723824,-0.663756,-0.035027,0.019014,-0.703536,0.709541,0.452159
34.932482,-0.115131,0.149170,0.723824,-0.663756,-0.035027,0.019014,-0.703536,0.709541,0.452159
35.147147,-0.115131,0.149170,0.723824,-0.663756,-0.035027,0.019014,-0.703536,0.709541,0.452159
35.315313,-0.115131,0.149170,0.723824,-0.663756,-0.035027,0.019014,-0.703536,0.709541,0.452159
35.523426,-0.115131,0.149170,0.723824,-0.663756,-0.035027,0.019014,-0.703536,0.709541,0.452159
35.700577,-0.115131,0.149170,0.723824,-0.663756,-0.035027,0.019014,-0.703536,0.709541,0.452159
35.908521,-0.115131,0.149170,0.723824,-0.663756,-0.035027,0.019014,-0.703536,0.709541,0.452159
36.083797,-0.115131,0.149170,0.723824,-0.663756,-0.035027,0.019014,-0.703536,0.709541,0.452159
36.301739,-0.115131,0.149170,0.723824,-0.663756,-0.035027,0.019014,-0.703536,0.709541,0.452159
36.464991,-0.115131,0.149170,0.723824,-0.663756,-0.035027,0.019014,-0.703536,0.709541,0.452159
36.622900,-0.115131,0.149170,0.723824,-0.663756,-0.035027,0.019014,-0.703536,0.709541,0.452159
36.821940,-0.115131,0.149170,0.723824,-0.663756,-0.035027,0.019014,-0.703536,0.709541,0.452159
37.028402,-0.115131,0.149170,0.723824,-0.663756,-0.035027,0.019014,-0.703536,0.709541,0.452159
37.245568,-0.115131,0.149170,0.723824,-0.663756,-0.035027,0.019014,-0.703536,0.709541,0.452159
37.419951,-0.115131,0.149170,0.723824,-0.663756,-0.035027,0.019014,-0.703536,0.709541,0.452159
37.617689,-0.115131,0.149170,0.723824,-0.663756,-0.035027,0.019014,-0.703536,0.709541,0.452159
37.802690,-0.115131,0.149170,0.723824,-0.663756,-0.035027,0.019014,-0.703536,0.709541,0.452159
38.024981,-0.115131,0.149170,0.723824,-0.663756,-0.035027,0.019014,-0.703536,0.709541,0.452159
38.247973,-0.115131,0.149170,0.723824,-0.663756,-0.035027,0.019014,-0.703536,0.709541,0.452159
38.442837,-0.115131,0.149170,0.723824,-0.663756,-0.035027,0.019014,-0.703536,0.709541,0.452159
38.606473,-0.115131,0.149170,0.723824,-0.663756,-0.035027,0.019014,-0.703536,0.709541,0.452159
38.789312,-0.115131,0.149170,0.723824,-0.663756,-0.035027,0.019014,-0.703536,0.709541,0.452159
38.966071,-0.115131,0.149170,0.723824,-0.663756,-0.035027,0.019014,-0.703536,0.709541,0.452159
39.140981,-0.115131,0.149170,0.723824,-0.663756,-0.035027,0.019014,-0.703536,0.709541,0.452159
39.330303,-0.115131,0.149170,0.723824,-0.663756,-0.035027,0.019014,-0.703536,0.709541,0.452159
39.543407,-0.115131,0.149170,0.723824,-0.663756,-0.035027,0.019014,-0.703536,0.709541,0.452159
39.724772,-0.115131,0.149170,0.723824,-0.663756,-0.035027,0.019014,-0.703536,0.709541,0.452159
39.935463,-0.115131,0.149170,0.723824,-0.663756,-0.035027,0.019014,-0.703536,0.709541,0.452159
40.123963,-0.115131,0.149170,0.723824,-0.663756,-0.035027,0.019014,-0.703536,0.709541,0.452159
40.321673,-0.115131,0.149170,0.723824,-0.663756,-0.037027,0.017012,-0.703511,0.709515,0.452582
40.490368,-0.115131,0.149170,0.723824,-0.663756,-0.037028,0.015011,-0.703533,0.709538,0.449971
40.693255,-0.115131,0.149170,0.723824,-0.663756,-0.043084,0.013025,-0.702371,0.710387,0.456630
40.898201,-0.115131,0.149170,0.723824,-0.663756,-0.039025,0.017011,-0.703457,0.709461,0.455615
41.113508,-0.115131,0.149170,0.723824,-0.663756,-0.035027,0.019014,-0.703536,0.709541,0.452159
41.296225,-0.115131,0.149170,0.723824,-0.663756,-0.035027,0.019014,-0.703536,0.709541,0.452159
41.519771,-0.115131,0.149170,0.723824,-0.663756,-0.037077,0.019040,-0.700454,0.712479,0.455388
41.680153,-0.115131,0.149170,0.723824,-0.663756,-0.039023,0.019011,-0.701420,0.711426,0.458287
41.870155,-0.115131,0.149170,0.723824,-0.663756,-0.037023,0.021013,-0.701445,0.711451,0.457851
42.017937,-0.115131,0.149170,0.723824,-0.663756,-0.039079,0.019038,-0.702419,0.710435,0.458376
42.165900,-0.115131,0.149170,0.723824,-0.663756,-0.039079,0.019038,-0.702419,0.710435,0.458376
42.332191,-0.115131,0.149170,0.723824,-0.663756,-0.039079,0.019038,-0.702419,0.710435,0.458376
42.493289,-0.115131,0.149170,0.723824,-0.663756,-0.039079,0.019038,-0.702419,0.710435,0.458376
42.665892,-0.115131,0.149170,0.723824,-0.663756,-0.039077,0.021042,-0.702391,0.710407,0.460988
42.835485,-0.115131,0.149170,0.723824,-0.663756,-0.037076,0.021043,-0.702444,0.710461,0.457947
43.006123,-0.115131,0.149170,0.723824,-0.663756,-0.037076,0.021043,-0.702444,0.710461,0.457947
43.174764,-0.115131,0.149170,0.723824,-0.663756,-0.037076,0.021043,-0.702444,0.710461,0.457947
43.345360,-0.115131,0.149170,0.723824,-0.663756,-0.037076,0.021043,-0.702444,0.710461,0.457947
43.516887,-0.115131,0.149170,0.723824,-0.663756,-0.037024,0.021014,-0.703457,0.709461,0.457806
43.694639,-0.115131,0.149170,0.723824,-0.663756,-0.037024,0.021014,-0.703457,0.709461,0.457806
43.870402,-0.115131,0.149170,0.723824,-0.663756,-0.037024,0.021014,-0.703457,0.709461,0.457806
44.024343,-0.115131,0.149170,0.723824,-0.663756,-0.039024,0.019012,-0.703432,0.709436,0.458226
44.214152,-0.115131,0.149170,0.723824,-0.663756,-0.039024,0.019012,-0.703432,0.709436,0.458226
44.392088,-0.115131,0.149170,0.723824,-0.663756,-0.039024,0.019012,-0.703432,0.709436,0.458226
44.573101,-0.115131,0.149170,0.723824,-0.663756,-0.039024,0.019012,-0.703432,0.709436,0.458226
44.745634,-0.115131,0.149170,0.723824,-0.663756,-0.039024,0.019012,-0.703432,0.709436,0.458226
44.901677,-0.115131,0.149170,0.723824,-0.663756,-0.039024,0.019012,-0.703432,0.709436,0.458226
