Timestamp,Kinect left shoulder flex.-ext.,WISE left shoulder flex.-ext.,Kinect left shoulder abd.-add.,WISE left shoulder abd.-add.,Kinect left shoulder int.- ext.,WISE left shoulder int.- ext.,Kinect left elbow flex.-ext.,WISE left elbow flex.-ext.,WISE left forearm pro.- sup.,Kinect right shoulder flex.-ext.,WISE right shoulder flex.-ext.,Kinect right shoulder Abd.-Add.,WISE right shoulder abd.-add.,Kinect right shoulder int.-ext.,WISE right shoulder int.-ext.,Kinect right elbow flex.-ext.,WISE right elbow flex.-ext.,WISE right forearm pro.-sup.
0.00,-2.12,102.31,12.57,171.15,666.00,-179.45,10.76,66.33,-125.93,147.77,164.67,164.64,178.21,666.00,39.69,22.01,24.45,-162.70
0.20,-2.06,102.54,12.78,172.34,666.00,-179.47,11.69,66.66,-126.54,147.62,164.03,164.66,176.93,666.00,40.39,21.62,24.75,-161.92
0.34,-1.99,102.63,12.90,173.89,666.00,-179.62,12.00,66.54,-126.71,147.58,163.96,164.65,176.48,666.00,40.65,21.07,24.71,-162.10
0.47,-2.00,102.76,12.77,173.49,666.00,-179.49,12.73,66.55,-127.01,145.84,163.11,163.10,176.04,666.00,40.49,21.24,25.09,-162.25
0.60,-2.74,102.76,11.42,173.49,666.00,-179.49,20.50,66.80,-126.90,140.22,159.71,156.48,174.56,666.00,39.59,24.09,27.58,-163.33
0.74,-3.17,102.76,11.05,173.49,666.00,-179.49,19.60,66.57,-127.13,127.17,156.92,143.51,173.53,47.45,38.67,31.67,26.61,-163.45
0.88,-5.31,102.31,11.16,171.15,666.00,-179.45,16.59,66.72,-127.79,118.57,145.37,134.15,167.95,-51.86,33.87,31.25,25.75,-163.67
1.01,-6.05,102.31,12.04,171.15,666.00,-179.45,22.65,66.93,-128.57,103.43,132.16,113.33,159.21,666.00,28.96,29.34,26.35,-163.17
1.14,-6.99,102.31,11.09,173.25,666.00,-179.50,17.31,67.58,-130.13,73.86,119.79,66.49,147.32,-57.45,23.40,35.94,29.43,-164.59
1.27,-6.99,102.40,11.44,179.05,44.79,-179.75,30.21,67.87,-131.03,65.26,97.02,55.49,107.04,666.00,-78.29,10.98,29.04,-166.77
1.40,-6.80,102.76,11.07,-178.28,666.00,-179.70,19.85,68.31,-132.40,23.28,73.73,29.40,55.24,-1.58,-78.70,30.49,37.14,-168.73
1.53,-7.24,102.86,13.04,-176.82,666.00,-179.85,21.56,68.39,-132.76,13.24,63.01,23.04,40.50,666.00,1.61,20.98,22.40,-170.81
1.66,-5.68,103.21,12.68,-174.36,666.00,-179.80,21.09,68.47,-132.17,4.09,44.51,20.95,22.10,666.00,-2.75,18.76,17.99,-175.28
1.79,-4.09,103.89,11.85,-175.57,666.00,-179.78,18.67,67.19,-131.68,-3.09,22.44,18.46,6.15,666.00,-3.75,18.49,32.74,-177.41
2.03,-2.61,104.02,11.75,-177.07,666.00,-179.86,17.00,67.03,-131.02,-7.25,17.13,19.14,3.39,666.00,-4.04,23.56,15.34,-176.66
2.16,-2.80,104.25,11.16,176.42,666.00,-179.66,16.65,67.99,-129.36,-6.51,17.45,19.03,3.09,666.00,-2.46,23.60,14.54,-172.54
2.29,1.45,104.03,9.95,171.72,666.00,-179.52,16.08,68.54,-127.04,-2.87,16.25,19.53,4.59,666.00,-2.94,25.32,22.49,-177.51
2.51,1.52,103.90,9.81,173.11,666.00,-179.45,16.45,68.16,-127.20,-2.65,17.13,19.78,4.70,666.00,-1.80,25.55,22.32,179.54
2.64,1.67,103.80,10.04,176.30,666.00,-179.66,15.13,68.37,-127.98,-2.28,16.97,19.91,4.96,666.00,-2.57,24.98,21.08,175.66
2.77,1.20,103.67,9.94,177.77,666.00,-179.59,14.20,68.64,-128.70,-2.16,18.15,19.97,4.58,666.00,-1.92,22.21,19.04,176.61
2.89,0.69,103.80,9.92,176.30,666.00,-179.66,15.81,69.18,-128.80,-2.29,18.42,19.55,6.39,666.00,-2.46,16.75,18.90,176.36
3.02,-0.13,103.80,8.72,175.47,666.00,-179.41,20.79,69.23,-128.20,-3.10,19.06,24.52,16.62,666.00,-5.44,14.81,18.40,173.17
3.15,-0.56,103.67,7.51,173.94,666.00,-179.48,20.15,69.22,-126.36,-2.24,21.56,34.05,33.68,666.00,-20.30,18.76,15.92,170.89
3.27,0.29,103.68,8.34,172.04,666.00,-179.43,21.13,69.28,-125.77,-3.25,23.94,44.86,42.23,666.00,-25.03,24.73,18.09,170.14
3.41,0.30,103.58,8.50,172.51,666.00,-179.33,20.65,68.77,-125.58,-2.89,34.25,52.98,62.04,-55.31,-38.65,31.16,13.19,168.41
3.53,0.22,103.58,8.43,172.51,666.00,-179.33,21.19,68.54,-125.28,3.05,41.13,71.01,72.46,666.00,-46.13,23.24,16.27,166.79
3.66,1.60,103.44,10.41,174.80,666.00,-179.51,22.33,68.61,-125.21,94.18,81.60,90.22,88.24,666.00,-58.20,15.49,13.35,160.61
3.79,2.02,103.45,11.67,173.95,666.00,-179.26,20.70,69.10,-123.44,158.92,143.94,105.40,103.85,666.00,-67.53,12.43,3.05,154.26
3.91,2.33,103.45,12.69,172.87,666.00,-179.46,21.23,69.06,-122.72,164.17,156.29,115.92,111.66,666.00,-71.29,10.29,9.38,152.25
4.04,2.82,103.45,14.37,172.87,666.00,-179.46,17.91,68.57,-121.93,162.39,164.11,123.62,122.28,666.00,-76.05,12.59,4.86,149.51
4.17,3.19,103.22,15.10,171.76,666.00,-179.43,20.18,68.12,-121.56,162.98,167.89,132.82,132.88,666.00,-82.86,13.84,7.52,145.99
4.30,3.47,103.00,15.67,170.63,666.00,-179.41,20.27,67.55,-120.53,163.58,170.29,139.06,144.11,666.00,-90.60,15.80,6.77,140.90
4.43,1.33,103.00,14.46,170.63,666.00,-179.41,20.32,67.56,-119.93,157.87,172.30,134.97,150.77,666.00,-94.12,25.96,1.58,138.21
4.57,1.82,103.09,15.28,172.13,666.00,-179.56,20.47,67.87,-119.64,160.49,173.12,140.92,152.63,666.00,-95.02,21.55,10.07,137.15
4.70,2.61,103.00,15.89,170.63,666.00,-179.41,20.72,67.68,-119.68,160.92,172.47,142.47,153.59,666.00,-95.37,21.17,10.68,135.31
4.84,2.59,103.00,15.68,168.67,666.00,-179.36,20.45,67.47,-119.99,160.43,171.86,142.99,153.82,666.00,-95.22,21.51,10.98,135.26
4.97,2.08,103.00,15.34,166.73,666.00,-179.31,20.63,67.39,-120.06,160.27,171.27,144.41,153.88,666.00,-95.08,20.38,11.55,134.58
5.11,3.05,103.13,15.80,166.43,666.00,-179.18,21.19,67.79,-119.77,160.23,170.56,145.56,153.54,666.00,-94.88,19.17,11.39,134.18
5.24,1.82,103.01,14.57,165.89,666.00,-179.05,20.76,67.65,-120.25,156.90,170.02,139.22,153.64,666.00,-94.97,27.37,11.49,134.08
5.37,0.75,103.13,13.84,166.43,666.00,-179.18,20.54,67.69,-120.37,154.69,170.21,136.57,153.99,-83.66,-95.14,31.16,11.69,133.59
5.50,0.45,103.13,13.55,166.43,666.00,-179.18,20.49,67.47,-120.60,154.17,170.05,135.73,154.11,-83.52,-95.22,32.52,11.85,133.13
5.63,0.29,103.13,13.44,166.43,666.00,-179.18,20.60,67.38,-120.66,153.89,170.07,135.33,153.84,-83.62,-95.00,32.68,12.11,133.32
5.76,0.20,103.01,13.44,165.89,666.00,-179.05,20.57,67.38,-120.66,153.43,169.52,134.28,152.74,-84.42,-94.56,31.41,11.61,133.12
5.91,0.22,103.01,13.40,165.89,666.00,-179.05,20.53,67.47,-120.60,152.86,169.42,131.44,150.97,666.00,-93.67,29.64,10.31,133.65
6.06,1.49,103.01,14.05,165.89,666.00,-179.05,20.48,67.47,-120.90,152.87,167.54,129.77,145.37,666.00,-91.22,20.37,14.36,134.51
6.19,0.65,103.14,13.13,164.55,666.00,-179.12,20.14,67.96,-120.86,145.05,165.52,119.95,141.93,666.00,-90.39,18.52,6.99,134.08
6.32,0.23,103.01,12.34,165.89,666.00,-179.05,20.18,68.05,-120.80,131.46,159.13,108.27,131.15,666.00,-86.50,13.79,5.80,135.14
6.46,0.13,103.24,11.49,167.08,666.00,-179.07,13.03,67.77,-121.43,96.56,148.81,92.14,118.86,666.00,-82.46,20.05,3.57,135.54
6.59,-0.36,103.23,10.93,168.98,666.00,-179.13,18.76,67.73,-121.84,53.71,143.31,77.55,113.50,666.00,-80.36,22.98,0.07,136.05
6.73,-0.19,103.13,10.01,170.28,666.00,-179.28,19.55,67.87,-121.68,24.77,107.22,61.36,96.16,666.00,-72.10,25.36,2.98,136.22
6.86,-0.36,103.23,9.48,170.91,666.00,-179.18,21.16,68.13,-121.86,13.55,64.09,48.10,79.14,666.00,-71.41,25.65,1.70,137.82
6.99,-0.42,103.23,9.42,170.91,666.00,-179.18,21.40,67.90,-122.31,8.69,35.63,36.57,52.30,666.00,-52.68,10.91,3.34,144.32
7.20,-0.28,103.23,9.89,170.91,666.00,-179.18,20.64,68.00,-122.56,5.44,32.06,26.41,45.47,666.00,-49.40,9.77,3.20,149.07
7.33,-0.00,103.36,11.04,169.49,666.00,-179.25,22.45,68.14,-123.22,5.09,32.50,19.35,45.56,666.00,-49.25,10.04,6.71,150.07
7.46,0.09,103.46,11.27,167.18,666.00,-179.30,23.39,68.98,-122.49,1.88,26.14,19.47,16.94,666.00,-26.48,21.99,6.82,153.78
7.58,0.08,103.59,10.95,165.06,666.00,-179.11,22.71,68.89,-122.55,1.65,25.96,20.49,4.43,17.97,-20.94,32.92,8.24,159.27
7.71,0.32,103.72,10.92,165.57,666.00,-179.23,22.58,68.67,-122.17,2.97,26.09,12.48,4.59,666.00,-21.01,19.44,9.39,160.92
7.84,0.29,103.59,11.03,166.88,666.00,-179.16,13.08,68.62,-122.28,2.49,25.93,18.22,4.60,666.00,-21.37,18.97,10.73,155.91
7.97,0.13,103.59,11.19,166.88,666.00,-179.16,13.64,68.15,-122.92,3.19,24.78,19.14,7.89,666.00,-12.96,19.40,15.51,166.82
8.10,0.12,103.59,10.97,168.73,666.00,-179.22,10.91,68.37,-123.82,2.39,25.13,20.71,7.36,666.00,-13.12,22.02,15.01,165.99
8.23,0.01,103.58,10.51,170.61,666.00,-179.27,13.33,68.33,-124.00,2.21,25.30,20.95,5.57,666.00,-12.07,28.29,15.23,166.94
8.36,-0.02,103.58,10.32,170.61,666.00,-179.27,20.01,68.60,-124.50,2.03,24.97,21.19,5.69,666.00,-11.91,22.22,15.54,167.17
8.49,0.26,103.58,10.41,170.61,666.00,-179.27,16.60,68.64,-124.32,2.08,24.92,19.12,6.23,666.00,-12.02,19.93,13.63,163.70
8.62,0.25,103.58,10.71,170.61,666.00,-179.27,16.93,68.87,-124.09,2.94,24.68,18.79,9.50,53.67,-14.23,33.13,14.21,160.76
8.75,-0.28,103.46,9.18,170.11,666.00,-179.15,21.58,68.94,-123.50,2.98,25.86,21.74,20.34,48.32,-15.86,38.04,10.91,158.79
8.87,-0.44,103.45,8.50,169.05,666.00,-179.35,21.86,69.07,-123.02,3.83,26.96,29.69,27.16,666.00,-27.36,14.30,11.69,155.32
9.00,-0.17,103.45,8.17,169.05,666.00,-179.35,22.28,68.71,-122.59,7.21,30.78,39.53,42.42,666.00,-37.59,19.25,8.27,152.49
9.13,-0.25,103.45,8.54,170.95,666.00,-179.40,23.71,68.35,-122.46,10.66,37.99,48.98,58.04,666.00,-48.49,29.62,1.91,148.55
9.26,-0.44,103.45,8.23,170.95,666.00,-179.40,23.41,68.12,-122.69,20.41,52.70,61.33,73.34,-72.28,-63.52,33.39,9.21,149.44
9.39,0.03,103.45,8.36,172.87,666.00,-179.46,22.57,67.85,-123.10,95.85,92.21,91.29,90.69,666.00,-66.81,11.75,3.39,146.43
9.52,0.62,103.57,9.27,173.35,666.00,-179.58,19.04,67.81,-123.29,143.50,121.71,108.55,99.63,666.00,-68.22,6.31,8.03,143.83
9.65,1.08,103.57,10.62,173.35,666.00,-179.58,19.46,67.81,-123.29,156.05,156.46,121.71,116.80,666.00,-76.51,4.06,7.08,142.13
9.79,1.13,103.80,11.73,170.65,666.00,-179.50,17.52,68.34,-122.76,159.10,161.79,126.86,123.38,666.00,-79.65,15.56,8.00,141.82
9.92,1.34,103.58,12.62,171.44,666.00,-179.53,20.65,68.49,-122.30,160.95,169.58,133.06,134.29,666.00,-86.45,14.50,9.62,140.78
10.06,1.57,103.58,12.99,171.44,666.00,-179.53,20.45,68.49,-122.30,161.58,171.85,137.66,143.25,666.00,-90.06,16.57,8.97,137.65
10.19,1.84,103.58,13.32,169.55,666.00,-179.47,20.08,67.64,-121.90,161.28,171.43,139.05,145.78,666.00,-90.45,18.44,9.32,136.98
10.32,2.09,103.68,13.44,170.17,666.00,-179.37,20.16,67.46,-122.25,158.33,171.37,133.72,147.23,666.00,-90.61,24.91,10.77,136.56
10.46,2.16,103.68,13.58,170.17,666.00,-179.37,19.45,67.56,-122.80,157.57,170.72,131.85,147.33,666.00,-90.93,26.32,10.61,135.86
10.59,2.27,103.68,13.67,170.17,666.00,-179.37,19.17,67.92,-122.93,156.41,169.51,131.24,146.91,666.00,-90.90,27.06,11.40,135.42
10.80,2.30,103.68,13.88,170.17,666.00,-179.37,20.00,67.69,-123.15,155.77,169.38,131.00,146.89,666.00,-91.10,27.84,12.67,135.54
10.95,2.34,103.68,13.87,171.22,666.00,-179.17,20.33,67.29,-123.21,155.63,169.71,131.18,147.05,666.00,-91.09,28.11,13.15,135.80
11.06,2.37,103.58,13.81,170.61,666.00,-179.27,20.35,67.36,-123.14,155.76,169.78,131.25,146.71,666.00,-90.60,28.31,13.85,136.14
11.20,2.41,103.81,13.74,169.84,666.00,-179.24,20.29,67.36,-123.14,155.74,169.76,131.09,146.60,666.00,-91.15,27.90,13.03,136.63
11.34,2.44,103.81,13.57,169.84,666.00,-179.24,20.34,67.55,-123.10,155.11,168.90,129.59,144.50,666.00,-91.32,21.72,12.03,136.72
11.47,2.46,103.81,13.47,169.84,666.00,-179.24,20.58,67.90,-123.22,153.36,167.98,125.15,142.16,666.00,-90.51,20.68,11.14,137.16
11.61,2.36,103.68,13.47,170.17,666.00,-179.37,7.52,67.95,-123.34,147.95,165.06,118.47,135.81,666.00,-88.73,15.79,7.72,137.49
11.74,2.29,103.58,13.48,170.61,666.00,-179.27,20.95,67.74,-123.27,140.40,159.62,110.86,126.93,666.00,-86.86,12.37,6.88,138.22
11.88,1.53,103.58,11.91,170.61,666.00,-179.27,19.81,67.57,-123.62,106.44,148.70,94.63,116.10,666.00,-82.34,17.55,10.85,139.08
12.01,0.67,103.68,10.89,171.22,666.00,-179.17,19.73,67.52,-123.81,52.06,139.27,78.77,109.60,666.00,-79.98,19.12,3.41,138.70
12.14,0.11,103.81,10.07,171.70,666.00,-179.30,19.19,67.66,-124.47,26.77,102.05,65.08,94.21,666.00,-72.38,21.65,2.95,138.76
12.27,0.02,103.80,9.59,173.58,666.00,-179.35,19.95,67.99,-124.48,14.44,68.42,52.23,81.25,666.00,-71.46,24.45,8.29,138.96
12.40,-0.17,104.03,9.99,176.48,666.00,-179.43,19.19,67.86,-124.64,9.91,49.06,45.75,69.69,666.00,-71.57,12.12,4.41,138.38
12.52,-0.21,103.90,9.66,176.86,666.00,-179.56,22.75,67.74,-125.11,6.48,34.34,37.85,51.89,666.00,-54.18,8.33,10.45,139.54
12.66,-1.20,103.90,9.63,176.86,666.00,-179.56,20.53,68.00,-125.30,3.44,33.28,27.60,50.28,666.00,-53.01,10.14,0.23,140.33
12.79,-0.61,104.03,10.20,173.57,666.00,-179.58,22.97,68.24,-124.89,3.33,26.93,23.30,28.41,57.49,-40.54,35.80,5.86,143.45
12.92,0.86,104.03,11.48,172.76,666.00,-179.32,22.79,68.24,-124.89,2.84,26.99,20.25,28.11,666.00,-40.29,15.95,3.16,144.11
13.06,1.01,103.91,11.30,169.41,666.00,-179.34,20.37,68.39,-124.43,1.24,27.25,23.24,27.99,666.00,-39.48,26.43,1.55,133.87
13.32,0.81,103.81,11.20,171.70,666.00,-179.30,20.26,68.32,-124.71,2.12,26.87,23.43,28.00,666.00,-39.96,25.73,1.10,129.68
13.44,0.48,103.67,10.87,175.01,666.00,-179.28,20.54,68.28,-126.13,3.38,25.49,22.84,4.34,666.00,-1.91,25.06,13.57,155.54
13.57,0.25,103.80,10.58,175.47,666.00,-179.41,20.11,68.67,-127.10,3.25,25.33,23.98,4.03,666.00,-1.06,26.36,13.43,160.43
13.70,0.11,103.80,10.42,175.47,666.00,-179.41,20.26,68.74,-127.11,3.05,25.47,24.21,4.23,666.00,-1.19,26.29,13.46,160.40
13.83,0.11,103.90,10.36,174.16,666.00,-179.25,22.37,68.64,-127.17,3.10,25.59,23.84,3.99,666.00,-0.91,26.19,13.44,162.24
13.96,0.37,103.80,10.35,173.58,666.00,-179.35,21.76,68.08,-126.25,2.75,25.50,21.99,4.06,666.00,-0.76,24.72,13.54,163.28
14.09,0.37,103.80,10.42,173.58,666.00,-179.35,21.88,68.08,-126.25,2.33,25.50,20.81,4.06,666.00,-0.76,19.72,14.02,163.60
14.22,0.25,103.67,9.26,175.01,666.00,-179.28,21.65,68.07,-125.95,3.13,26.86,23.92,12.96,43.71,-5.92,40.30,12.19,152.88
14.36,-0.25,103.57,8.81,174.42,666.00,-179.38,22.29,68.07,-125.95,4.65,31.06,35.36,33.04,666.00,-27.61,16.96,5.54,148.84
14.49,-0.27,103.67,8.76,175.01,666.00,-179.28,21.12,68.32,-124.71,5.89,31.07,48.06,32.98,666.00,-27.77,25.84,12.70,144.14
14.61,-0.35,103.67,8.74,175.85,666.00,-179.54,21.56,67.94,-123.97,10.52,50.49,56.47,70.46,-69.27,-62.34,36.48,7.56,137.54
14.74,0.05,103.54,8.96,177.32,666.00,-179.46,22.89,67.54,-124.03,41.65,59.49,78.80,78.16,666.00,-65.20,27.94,7.97,138.52
14.87,0.85,103.67,10.36,177.77,666.00,-179.59,7.26,67.36,-123.85,148.38,137.00,108.66,103.57,666.00,-82.14,5.56,3.63,141.41
15.01,1.31,103.67,12.20,177.77,666.00,-179.59,18.26,67.53,-123.20,158.11,165.19,121.49,121.92,666.00,-95.15,6.50,3.18,142.78
15.14,1.49,103.80,13.01,175.47,666.00,-179.41,19.82,67.42,-122.66,159.72,169.14,131.67,129.09,666.00,-100.67,14.73,7.76,164.00
15.27,1.93,103.68,13.55,172.04,666.00,-179.43,19.07,67.61,-121.79,157.26,171.48,137.65,142.52,666.00,-109.62,22.16,14.52,-179.90
15.41,1.76,103.68,13.99,172.04,666.00,-179.43,18.36,67.24,-120.45,159.58,173.76,152.40,155.98,666.00,-117.35,21.62,8.57,178.59
15.54,0.62,103.67,14.80,172.87,666.00,-179.68,20.16,66.74,-119.57,159.58,174.34,163.51,162.32,666.00,-119.50,26.62,23.41,-175.37
15.68,0.72,103.57,13.69,173.35,666.00,-179.58,20.55,66.65,-119.03,158.53,174.43,168.61,172.86,666.00,-123.72,29.65,32.36,-174.50
15.81,1.72,103.57,14.58,173.35,666.00,-179.58,20.78,65.56,-120.57,159.09,174.67,172.10,178.00,666.00,55.34,27.66,33.41,-177.31
15.94,2.45,103.58,14.90,171.44,666.00,-179.53,20.46,66.00,-120.72,158.62,174.57,171.02,178.26,56.14,54.78,32.78,33.35,-177.97
16.09,3.11,103.45,15.37,169.05,666.00,-179.35,20.75,66.36,-120.02,158.21,173.91,169.96,177.97,666.00,55.54,26.79,33.36,-177.80
16.22,3.20,103.68,15.12,168.31,666.00,-179.32,20.86,66.45,-119.96,157.50,173.56,167.45,177.53,58.42,56.40,34.34,33.65,-178.09
16.36,3.38,103.82,14.94,168.01,666.00,-179.19,20.70,66.04,-120.84,157.30,172.86,164.14,174.34,666.00,58.49,27.58,34.94,-177.12
16.49,3.25,103.59,14.38,167.92,666.00,-178.96,20.79,66.13,-121.38,160.52,172.41,164.10,171.13,666.00,-118.37,18.19,28.63,178.56
16.62,2.43,103.59,13.36,167.92,666.00,-178.96,18.31,66.62,-121.34,153.05,171.80,138.93,162.70,82.40,-114.41,31.52,22.24,174.12
16.76,2.60,103.59,13.80,167.92,666.00,-178.96,5.32,66.85,-121.11,148.19,171.80,123.71,162.70,-87.77,-114.41,38.42,13.32,169.04
16.89,1.88,103.69,14.78,170.40,666.00,-178.92,22.19,66.89,-121.23,143.40,169.40,117.02,146.34,666.00,-108.87,20.49,8.51,164.42
17.03,2.03,103.81,14.65,170.88,666.00,-179.04,18.17,66.76,-121.09,130.92,163.21,106.69,133.47,666.00,-100.70,15.56,5.08,152.03
17.17,2.26,103.91,14.00,171.48,666.00,-178.94,21.63,66.89,-121.45,89.30,148.75,89.80,117.60,666.00,-89.83,21.25,10.55,150.59
17.31,1.15,103.91,12.22,173.34,666.00,-179.00,21.44,67.24,-122.18,43.25,136.95,73.55,109.39,666.00,-84.37,24.96,2.64,143.96
17.44,0.53,103.80,10.95,174.64,666.00,-179.15,19.81,67.51,-122.68,18.77,94.18,54.61,91.57,-66.75,-71.44,32.51,2.46,140.46
17.57,-0.01,104.03,9.79,175.66,666.00,-179.18,23.32,68.13,-123.00,12.28,56.37,46.09,73.33,666.00,-67.92,18.68,0.22,139.44
17.70,0.12,103.90,10.10,177.92,666.00,-179.36,21.18,68.13,-123.82,8.90,38.12,36.82,53.73,666.00,-52.30,9.40,14.15,138.87
17.83,-0.62,104.02,9.90,178.35,666.00,-179.49,20.42,68.10,-124.23,5.60,34.06,28.37,47.38,666.00,-49.62,8.24,1.84,142.99
17.96,-0.59,103.90,10.51,176.86,666.00,-179.56,22.36,68.10,-124.23,4.84,28.81,22.63,25.53,666.00,-28.41,18.34,8.17,146.20
18.09,-0.08,103.80,11.32,172.52,666.00,-179.55,21.95,67.96,-124.47,2.00,29.13,21.80,25.29,666.00,-27.33,21.24,1.32,152.63
18.22,0.11,103.80,11.03,172.52,666.00,-179.55,22.43,67.92,-122.93,1.37,29.13,23.04,25.29,666.00,-27.33,25.67,0.73,151.11
18.36,0.34,104.03,11.02,171.72,666.00,-179.52,20.93,67.75,-122.98,1.34,26.55,23.17,3.89,666.00,-6.81,26.83,10.45,163.92
18.49,0.82,103.90,11.08,173.11,666.00,-179.45,17.53,67.71,-123.08,1.99,26.40,22.95,3.90,666.00,-7.17,28.73,10.72,164.79
18.62,0.48,103.80,11.01,173.58,666.00,-179.35,7.74,67.96,-123.98,2.33,27.39,23.32,5.17,666.00,-7.00,24.84,11.25,166.49
18.75,0.28,103.80,10.90,175.47,666.00,-179.41,19.97,68.25,-125.30,2.25,27.68,23.34,6.74,666.00,-9.24,24.41,10.99,165.96
18.88,-0.03,103.67,10.82,175.85,666.00,-179.54,20.24,68.35,-125.84,2.84,27.72,20.06,7.94,666.00,-11.18,19.93,10.58,164.26
19.00,-0.07,103.67,10.68,175.85,666.00,-179.54,19.92,68.09,-126.78,2.57,27.72,19.78,7.94,666.00,-11.18,16.93,10.41,165.96
19.14,-0.41,103.44,9.17,176.75,666.00,-179.56,21.49,68.09,-126.78,1.58,25.70,22.06,20.86,42.55,-16.51,35.52,9.03,161.23
19.27,-0.71,103.55,8.60,175.39,666.00,-179.41,21.28,68.31,-125.84,0.73,25.97,28.76,22.19,666.00,-16.75,13.16,10.38,160.65
19.39,-0.39,103.44,7.83,174.80,666.00,-179.51,22.98,68.95,-124.32,1.21,28.30,38.71,42.29,666.00,-43.64,17.14,3.40,153.76
19.52,-0.39,103.55,8.22,173.46,666.00,-179.36,23.72,68.99,-123.62,2.31,31.29,47.49,51.24,666.00,-51.46,23.88,7.20,152.82
19.66,-0.11,103.55,8.15,173.46,666.00,-179.36,22.81,68.58,-123.06,5.92,44.14,54.12,69.06,-67.35,-61.54,39.11,5.90,150.84
19.79,0.14,103.32,8.47,174.32,666.00,-179.39,21.65,67.82,-122.68,20.30,52.74,69.19,75.40,666.00,-68.89,29.89,5.64,149.69
19.92,0.35,103.09,9.29,175.22,666.00,-179.41,18.67,67.74,-122.45,119.16,103.88,96.16,94.10,666.00,-72.00,11.33,4.20,147.10
20.06,0.74,103.22,10.98,176.81,666.00,-179.34,16.84,67.56,-122.49,153.28,144.98,114.47,109.55,666.00,-79.83,4.66,4.14,146.15
20.19,0.70,103.22,12.13,176.81,666.00,-179.34,18.28,67.61,-122.92,159.88,157.42,125.35,118.78,666.00,-84.40,11.47,2.28,144.83
20.32,0.56,103.22,12.85,176.81,666.00,-179.34,18.17,67.65,-122.73,156.86,168.38,132.17,134.28,666.00,-94.27,20.66,7.06,150.06
20.46,0.68,103.22,13.57,174.82,666.00,-179.29,20.08,67.69,-122.02,162.36,172.95,149.73,148.72,666.00,-108.68,15.56,11.73,162.48
20.59,1.07,103.09,14.05,173.23,666.00,-179.36,19.96,67.29,-120.04,161.10,174.00,161.72,158.09,666.00,-115.23,24.06,12.51,164.15
20.73,0.79,103.00,14.06,168.67,666.00,-179.36,22.08,66.75,-119.96,158.45,174.20,162.38,169.38,59.89,-120.00,32.22,24.03,173.36
20.86,1.00,103.00,14.44,169.76,666.00,-179.16,22.33,65.77,-120.95,158.40,174.21,165.86,176.53,63.16,56.19,30.69,27.76,169.46
20.99,1.31,103.00,14.40,169.76,666.00,-179.16,21.36,65.99,-121.33,158.21,173.62,167.75,177.79,666.00,55.65,28.19,28.70,168.67
21.13,1.57,103.00,14.22,169.76,666.00,-179.16,20.09,66.62,-121.34,158.19,173.33,168.57,177.65,666.00,55.61,27.22,28.65,168.06
21.26,1.00,103.13,13.40,169.42,666.00,-179.03,20.56,67.07,-121.71,157.14,173.03,165.04,176.28,59.42,57.23,31.27,28.16,167.00
21.39,1.10,103.01,12.48,168.90,666.00,-178.90,21.08,66.84,-121.93,157.71,172.47,166.38,174.31,666.00,58.01,22.69,27.02,165.75
21.53,0.56,103.12,11.62,167.61,666.00,-178.75,17.90,66.79,-121.81,157.34,171.99,162.42,170.84,666.00,-119.51,23.14,24.15,164.11
21.66,0.30,103.02,11.37,168.04,666.00,-178.65,19.61,66.35,-121.76,152.68,171.43,148.60,166.77,666.00,-117.62,26.75,18.60,160.62
21.79,0.32,103.01,11.29,168.90,666.00,-178.90,22.37,66.22,-122.53,153.46,171.36,138.47,159.30,86.23,-112.27,32.04,21.61,163.19
21.93,0.11,103.23,10.91,170.06,666.00,-178.93,20.28,66.58,-122.65,150.20,171.76,129.41,155.39,666.00,-110.82,25.89,13.71,157.06
22.06,0.43,103.13,11.56,170.51,666.00,-178.83,4.21,67.47,-122.86,149.51,170.95,121.55,146.66,666.00,-105.22,20.13,2.85,149.63
22.20,0.48,103.10,12.10,171.49,666.00,-178.85,3.39,67.64,-121.90,140.41,162.93,109.87,130.73,666.00,-87.73,13.65,10.79,157.21
22.34,0.93,103.13,12.26,170.51,666.00,-178.83,23.38,67.59,-121.78,109.97,156.36,95.13,123.17,666.00,-79.56,17.05,2.93,146.09
22.47,0.56,103.59,11.45,169.79,666.00,-179.02,16.11,67.50,-121.54,40.06,124.76,74.02,103.75,666.00,-57.03,19.53,0.77,141.68
22.60,0.73,103.59,10.79,169.79,666.00,-179.02,7.09,67.68,-120.59,19.61,80.97,56.64,86.19,666.00,-50.70,23.32,6.70,143.41
22.76,0.29,103.80,10.11,174.64,666.00,-179.15,15.26,67.47,-120.83,12.81,80.41,45.30,86.17,666.00,-50.96,15.20,4.86,145.46
22.89,0.50,104.02,9.95,179.41,666.00,-179.29,19.97,67.48,-121.66,10.37,40.40,39.36,57.41,666.00,-34.57,9.60,3.10,153.15
23.03,-0.20,103.90,9.28,179.81,666.00,-179.42,21.14,67.97,-122.96,8.22,33.30,32.07,42.00,666.00,-30.36,9.21,4.92,158.30
23.17,-0.49,103.80,8.96,177.37,666.00,-179.46,23.42,68.40,-123.41,7.25,30.92,25.63,28.29,666.00,-14.06,11.13,7.80,158.00
23.31,-0.14,103.90,10.87,174.98,666.00,-179.51,22.47,68.00,-123.47,6.76,30.77,21.00,20.90,666.00,-13.30,19.97,6.24,163.41
23.44,-0.03,103.90,11.09,174.98,666.00,-179.51,21.14,67.87,-123.11,5.00,30.77,25.53,20.90,666.00,-13.30,26.44,4.94,165.71
23.60,0.28,103.90,11.16,174.98,666.00,-179.51,21.66,67.58,-123.32,5.09,30.14,25.93,4.60,666.00,-6.16,28.02,8.38,169.99
23.73,0.18,103.67,11.13,175.85,666.00,-179.54,20.75,67.68,-124.08,4.85,29.99,25.71,3.54,666.00,-5.04,27.97,8.39,171.15
23.86,-0.01,103.90,11.06,176.86,666.00,-179.56,20.99,68.05,-124.52,4.69,30.19,25.78,3.86,666.00,-5.39,28.33,8.98,172.91
23.99,-0.15,103.90,10.97,176.86,666.00,-179.56,20.97,68.30,-124.41,4.40,29.87,25.40,3.84,666.00,-5.40,27.89,9.71,173.54
24.12,-0.13,103.90,10.93,176.86,666.00,-179.56,21.73,68.00,-124.40,4.26,29.55,24.41,4.82,666.00,-4.63,26.36,9.97,174.47
24.28,-0.05,103.67,10.99,177.77,666.00,-179.59,22.25,67.96,-124.58,3.45,29.30,21.13,4.91,666.00,-4.84,21.28,9.17,172.82
24.40,-0.17,103.67,8.54,177.77,666.00,-179.59,22.27,68.13,-124.24,3.48,29.30,23.54,4.91,48.89,-4.84,38.84,9.17,172.82
24.53,-0.15,103.67,8.37,177.77,666.00,-179.59,22.84,68.56,-123.78,3.25,28.91,32.74,28.61,666.00,-12.22,14.24,7.00,156.16
24.66,-1.68,103.80,8.41,177.37,666.00,-179.46,21.83,68.55,-122.95,0.64,31.08,43.69,40.22,666.00,-34.61,21.42,5.92,149.90
24.79,-1.29,103.67,8.39,177.77,666.00,-179.59,21.18,68.24,-122.64,7.93,39.86,55.80,62.12,-67.76,-55.03,30.80,3.98,147.09
24.93,-1.06,103.67,9.51,177.77,666.00,-179.59,20.64,67.69,-122.24,23.44,61.32,69.50,79.90,666.00,-73.32,29.81,3.37,141.43
25.10,-2.22,103.67,10.40,177.77,666.00,-179.59,19.63,67.52,-122.07,136.13,106.02,103.63,94.28,666.00,-80.35,8.42,4.40,149.66
25.24,-2.47,103.67,11.37,177.77,666.00,-179.59,19.01,67.46,-122.25,147.03,165.20,114.22,122.37,666.00,-100.12,16.92,3.11,147.73
25.37,-2.50,103.67,11.77,177.77,666.00,-179.59,18.47,67.73,-121.84,150.73,169.20,124.52,131.47,666.00,-103.00,24.89,6.02,151.66
25.51,-2.64,103.57,11.79,176.35,666.00,-179.44,17.94,67.74,-121.32,150.12,172.98,132.55,147.02,84.48,-109.71,30.77,12.01,150.90
25.64,-3.22,103.44,11.77,174.80,666.00,-179.51,19.01,67.16,-121.42,156.18,173.72,158.03,159.61,666.00,-114.37,17.60,7.85,148.69
25.78,-3.22,103.35,12.37,173.35,666.00,-179.36,19.62,67.38,-120.58,157.01,173.47,167.59,164.28,666.00,-116.50,19.16,17.98,149.61
25.91,-2.75,102.87,14.47,173.22,666.00,-179.14,20.43,66.83,-119.59,152.64,170.14,167.86,171.28,61.22,60.01,34.39,31.40,149.81
26.07,-3.66,103.10,14.37,172.36,666.00,-179.11,21.95,66.00,-120.72,151.09,169.49,178.40,176.18,666.00,59.02,29.63,32.87,148.76
26.21,-3.38,103.00,16.11,171.73,666.00,-179.21,23.25,66.44,-121.17,151.67,168.43,173.15,176.75,58.56,58.85,31.56,34.68,149.69
26.34,-2.95,103.00,16.77,170.86,666.00,-178.96,10.80,66.80,-120.99,151.22,168.12,169.36,175.52,666.00,59.23,29.68,32.78,149.46
26.48,-2.72,103.00,15.95,170.86,666.00,-178.96,14.47,66.89,-120.93,151.40,168.18,164.95,172.39,666.00,60.35,27.46,29.39,149.63
26.62,-2.82,103.00,14.47,170.86,666.00,-178.96,15.00,66.58,-121.74,152.15,168.86,153.62,166.79,666.00,-116.13,25.94,24.32,149.94
26.75,-2.85,103.00,14.45,170.86,666.00,-178.96,14.91,66.57,-122.35,145.77,168.94,130.20,163.06,-89.30,-114.99,41.66,21.04,149.82
26.89,-2.59,103.00,13.98,172.84,666.00,-179.01,14.54,66.70,-121.88,144.51,169.40,124.96,154.07,666.00,-113.03,27.45,14.88,151.72
27.02,-3.29,103.00,11.94,172.84,666.00,-179.01,15.61,66.80,-121.90,140.31,168.67,117.94,144.38,666.00,-111.47,13.04,5.53,152.31
27.17,-4.15,103.22,10.59,173.95,666.00,-179.03,15.05,67.06,-122.00,121.27,165.21,101.68,128.36,666.00,-106.54,23.91,13.24,154.65
27.31,-4.46,103.22,9.67,173.95,666.00,-179.03,15.47,67.46,-121.43,79.45,159.75,87.32,120.73,666.00,-102.59,15.16,2.70,151.19
27.44,-4.67,103.32,9.24,175.42,666.00,-179.18,15.86,67.69,-121.20,21.54,123.09,66.34,99.29,666.00,-84.62,26.08,2.26,146.83
27.57,-4.58,103.34,8.90,176.40,666.00,-179.21,16.49,67.73,-121.02,9.55,58.62,52.49,78.74,666.00,-75.78,7.99,2.14,143.93
27.70,-4.17,103.22,8.55,176.81,666.00,-179.34,18.68,67.59,-120.87,5.02,44.25,40.54,68.66,666.00,-64.19,10.45,1.81,143.75
27.84,-3.40,103.44,10.04,178.70,666.00,-179.62,17.80,67.68,-121.11,3.35,31.52,28.20,48.07,666.00,-52.02,7.93,2.89,142.50
27.96,-3.48,103.44,9.66,177.84,666.00,-179.36,19.44,67.74,-121.54,2.38,31.62,22.03,47.80,666.00,-51.83,12.69,7.09,138.65
28.10,-3.11,103.44,10.50,176.75,666.00,-179.56,19.54,68.23,-121.51,1.77,31.91,17.80,48.00,666.00,-51.69,20.73,10.93,138.49
28.23,-3.15,103.44,10.14,174.80,666.00,-179.51,18.31,68.30,-121.43,1.17,26.77,18.33,10.07,666.00,-14.75,21.88,6.82,146.08
28.36,-3.10,103.44,9.81,174.80,666.00,-179.51,18.48,68.17,-121.08,0.96,26.77,18.95,10.07,666.00,-14.75,23.32,7.42,142.78
28.49,-2.98,103.45,10.08,175.89,666.00,-179.31,18.02,68.04,-121.24,1.00,27.12,18.35,4.46,666.00,-0.28,23.22,8.24,156.68
28.62,-2.92,103.22,10.05,176.81,666.00,-179.34,17.66,67.39,-122.54,0.93,26.93,19.35,4.57,666.00,0.65,24.14,10.68,159.75
28.75,-2.97,103.44,9.95,177.84,666.00,-179.36,17.92,67.39,-122.54,0.71,27.14,19.48,4.66,666.00,0.43,24.34,10.19,159.78
28.88,-3.16,103.21,9.64,178.79,666.00,-179.39,17.93,68.42,-123.12,0.56,26.89,19.68,4.74,666.00,0.22,24.22,9.64,160.72
29.00,-3.33,103.44,9.61,179.80,666.00,-179.42,18.05,68.42,-124.02,-0.49,24.43,18.02,8.96,666.00,-1.18,18.92,10.23,159.77
29.14,-3.67,103.44,8.97,179.80,666.00,-179.42,18.24,68.63,-124.09,-1.46,23.51,20.41,13.87,666.00,-3.30,15.89,9.70,158.59
29.27,-4.14,103.32,7.55,176.29,666.00,-179.44,17.80,68.83,-123.85,-3.41,23.12,31.08,23.16,666.00,-17.99,21.60,7.87,159.77
29.40,-3.94,103.45,7.59,173.95,666.00,-179.26,17.37,69.19,-121.71,-2.98,28.18,43.07,49.01,666.00,-48.25,20.72,1.90,144.22
29.53,-3.30,103.46,7.73,171.18,666.00,-178.95,18.36,68.93,-120.70,1.95,28.74,54.68,48.69,-66.19,-47.75,32.88,11.77,163.52
29.66,-2.57,103.33,9.32,171.53,666.00,-179.08,17.50,68.04,-120.18,55.93,67.50,82.56,83.64,666.00,-81.19,15.31,16.33,142.60
29.79,-2.10,103.10,10.26,172.36,666.00,-179.11,16.91,67.51,-120.41,126.91,102.72,100.00,93.07,666.00,-85.34,14.76,26.06,137.54
29.92,-1.79,103.09,11.33,174.34,666.00,-179.16,18.28,67.51,-120.72,145.37,156.31,114.27,114.63,666.00,-98.07,18.98,6.70,160.05
30.06,-2.27,102.99,12.07,175.73,666.00,-179.31,16.46,68.03,-121.31,152.37,167.94,127.95,133.37,666.00,-104.51,21.85,8.97,159.89
30.19,-3.06,102.99,12.12,175.73,666.00,-179.31,15.83,68.75,-120.74,151.06,171.56,134.07,149.21,666.00,-110.95,29.78,3.37,156.66
30.33,-4.46,103.09,11.97,174.34,666.00,-179.16,13.51,68.57,-121.09,153.19,172.38,150.82,155.34,666.00,-113.32,22.80,13.01,157.51
30.46,-4.07,103.32,11.53,173.46,666.00,-179.13,14.63,68.22,-121.27,157.03,173.38,166.65,167.96,666.00,-118.31,14.41,14.45,154.87
30.60,-3.49,103.22,13.25,173.95,666.00,-179.03,12.61,67.46,-121.81,149.21,171.73,153.42,173.29,60.32,58.79,38.71,18.51,154.46
30.74,-3.79,103.35,14.20,174.44,666.00,-179.16,11.37,67.12,-122.93,150.11,171.36,157.89,173.95,58.43,59.23,33.40,22.19,154.27
30.87,-4.05,103.35,14.72,174.44,666.00,-179.16,10.81,67.20,-123.47,150.45,170.92,157.38,173.98,59.37,59.66,32.95,22.72,154.57
31.01,-3.89,103.22,13.37,173.95,666.00,-179.03,12.18,67.43,-123.55,150.63,170.44,152.98,172.38,64.45,59.51,35.60,22.66,154.28
31.16,-3.60,103.33,10.99,172.61,666.00,-178.88,14.54,67.34,-123.83,151.18,170.51,142.69,170.74,88.40,61.21,40.53,22.28,153.79
31.30,-3.86,103.35,10.87,173.58,666.00,-178.90,13.39,67.16,-124.18,148.47,171.21,133.35,166.36,-88.81,-113.75,42.00,20.35,153.11
31.44,-4.05,103.23,11.92,173.09,666.00,-178.78,11.62,67.70,-123.95,148.66,170.95,130.70,159.15,-86.39,-109.80,31.48,15.08,151.14
31.57,-4.15,103.36,11.32,171.64,666.00,-178.85,11.52,67.88,-123.30,145.34,170.16,125.76,150.10,666.00,-108.29,20.38,9.30,149.18
31.71,-4.28,103.23,10.41,173.09,666.00,-178.78,10.93,67.81,-122.46,141.27,169.51,119.36,146.11,666.00,-106.72,13.31,2.24,148.85
31.84,-4.51,103.23,10.19,173.09,666.00,-178.78,11.18,67.60,-122.09,111.05,165.15,96.30,132.44,-61.32,-102.88,38.54,1.93,149.39
31.97,-5.09,103.23,9.85,173.09,666.00,-178.78,11.44,67.68,-121.72,91.41,153.55,90.43,117.85,666.00,-97.27,14.12,2.80,148.88
32.10,-5.19,103.22,9.53,175.06,666.00,-178.83,11.67,67.95,-121.31,38.03,137.80,72.40,107.03,666.00,-92.20,20.04,3.61,150.76
32.24,-5.13,103.22,9.28,177.04,666.00,-178.88,13.81,68.13,-121.26,14.46,90.04,54.48,90.01,666.00,-85.77,25.00,2.14,149.24
32.37,-4.72,103.34,8.95,177.50,666.00,-179.01,14.39,68.53,-121.51,8.06,48.40,45.17,70.69,666.00,-78.39,14.44,2.61,148.59
32.50,-4.22,103.32,8.60,176.52,666.00,-178.98,15.02,68.44,-122.40,5.45,39.58,36.35,59.66,666.00,-63.26,17.54,0.23,150.02
32.63,-4.20,103.45,8.27,176.98,666.00,-179.11,16.11,68.49,-122.52,3.16,32.45,27.22,45.96,666.00,-53.84,11.12,1.33,152.32
32.76,-3.85,103.45,9.09,176.98,666.00,-179.11,16.67,68.50,-122.83,2.17,28.53,20.11,24.38,666.00,-26.88,14.64,6.31,158.64
32.89,-3.51,103.45,9.54,176.98,666.00,-179.11,16.40,68.32,-123.18,0.79,28.22,19.82,16.69,666.00,-24.47,23.30,4.25,157.88
33.02,-3.30,103.45,9.25,175.89,666.00,-179.31,16.87,68.19,-123.34,-0.45,27.80,20.30,8.21,666.00,-10.69,25.76,8.21,158.56
33.15,-3.23,103.45,9.32,175.03,666.00,-179.06,17.13,68.29,-123.58,-0.72,27.59,20.25,5.21,666.00,-1.17,26.34,9.83,162.27
33.28,-3.20,103.45,9.33,176.98,666.00,-179.11,16.78,68.28,-124.30,-1.02,27.44,20.15,4.63,666.00,-0.21,26.48,10.85,163.51
33.40,-3.32,103.57,9.31,178.52,666.00,-179.03,16.49,68.38,-125.36,-1.16,26.75,20.22,3.77,666.00,0.30,26.74,11.21,167.05
33.53,-3.36,103.57,9.41,178.52,666.00,-179.03,16.41,68.86,-125.33,-1.04,26.09,20.26,4.15,666.00,-0.00,26.27,11.68,167.65
33.66,-1.15,103.54,9.55,179.49,666.00,-179.06,16.59,68.75,-125.08,1.88,24.80,18.77,7.51,666.00,0.54,19.14,11.74,166.70
33.79,-0.74,103.54,8.34,179.49,666.00,-179.06,19.08,68.73,-124.86,2.45,24.04,22.60,10.65,45.78,0.77,38.46,10.28,162.93
33.91,-0.92,103.67,8.09,178.00,666.00,-179.14,19.46,68.90,-124.51,2.44,23.21,26.74,21.10,666.00,-1.43,12.40,8.76,155.17
34.04,-0.54,103.57,7.69,176.58,666.00,-178.98,19.02,69.15,-122.43,3.46,26.36,37.11,38.14,666.00,-30.16,16.73,3.57,146.76
34.16,-0.47,103.57,8.82,176.58,666.00,-178.98,17.33,68.97,-121.65,7.76,28.33,46.49,46.57,666.00,-40.47,22.53,7.04,155.25
34.30,-0.39,103.58,9.00,174.66,666.00,-178.93,15.11,68.31,-121.21,15.37,36.61,54.59,62.57,-72.68,-59.16,33.65,8.87,163.51
34.43,-0.09,103.45,8.30,176.12,666.00,-178.85,16.58,67.81,-121.25,51.80,55.18,77.71,78.84,666.00,-80.18,23.91,5.49,160.62
34.57,0.50,103.34,9.56,177.50,666.00,-179.01,13.65,68.04,-121.02,125.07,125.41,102.64,98.90,666.00,-88.13,10.29,4.90,161.22
34.70,0.84,103.44,11.08,178.94,666.00,-179.16,13.06,68.00,-120.90,148.35,159.47,120.97,116.55,666.00,-98.49,9.06,6.16,160.79
34.84,0.44,103.21,12.65,179.91,666.00,-179.19,15.84,67.82,-121.55,154.02,170.54,129.82,134.61,666.00,-105.39,22.63,1.59,157.45
34.97,-0.09,103.44,13.05,178.94,666.00,-179.16,13.13,67.64,-121.90,153.17,172.93,133.90,142.73,79.02,-108.13,30.14,5.99,157.61
35.10,-0.12,103.22,13.50,177.91,666.00,-179.14,16.69,68.08,-121.44,158.08,175.95,151.08,158.66,666.00,-114.74,23.87,8.99,157.33
35.24,-0.66,103.10,13.56,172.36,666.00,-179.11,16.47,68.19,-119.11,158.51,174.08,163.74,170.49,666.00,-118.18,29.02,7.17,155.92
35.37,0.23,103.00,14.28,170.86,666.00,-178.96,15.16,67.49,-118.86,156.27,172.59,169.80,175.76,666.00,59.25,27.24,20.53,157.82
35.50,0.60,103.00,14.18,170.86,666.00,-178.96,15.05,67.11,-120.47,155.90,170.71,173.02,179.91,666.00,57.85,28.94,17.92,155.34
35.63,0.78,103.00,13.86,171.96,666.00,-178.75,12.18,68.12,-121.94,155.40,169.91,172.83,178.68,666.00,57.75,28.64,23.26,155.86
35.79,-0.14,102.98,11.78,170.97,666.00,-178.73,13.72,68.82,-121.88,154.96,169.58,165.70,177.79,61.55,57.78,30.89,22.64,155.70
35.92,-0.48,103.13,11.96,171.60,666.00,-178.62,12.76,68.44,-121.87,154.79,169.90,160.64,175.45,666.00,58.66,29.62,21.96,155.16
36.05,-0.72,103.13,12.44,171.60,666.00,-178.62,13.89,67.54,-122.79,154.74,169.82,155.79,170.21,666.00,61.35,26.50,20.48,154.86
36.19,-0.53,103.24,11.90,170.29,666.00,-178.47,16.32,67.54,-122.79,151.04,170.01,143.03,167.42,79.71,-116.11,31.44,17.55,153.93
36.32,0.02,103.24,12.62,170.29,666.00,-178.47,13.36,67.23,-122.26,148.20,169.87,133.90,159.74,666.00,-114.31,28.00,12.81,152.69
36.45,0.35,103.24,13.26,170.29,666.00,-178.47,6.05,67.41,-122.22,141.65,168.77,122.85,150.65,666.00,-110.36,28.79,11.36,151.96
36.59,-0.53,103.24,12.29,170.29,666.00,-178.47,5.75,67.76,-122.04,136.67,166.71,116.96,145.41,666.00,-107.86,15.96,4.72,148.53
36.72,-1.27,103.34,10.82,171.76,666.00,-178.62,9.75,67.81,-122.16,113.59,159.42,100.11,131.23,666.00,-100.44,14.68,1.85,147.79
36.86,-0.43,103.24,11.34,172.23,666.00,-178.52,8.32,67.81,-122.46,60.75,141.33,78.64,114.48,666.00,-94.40,19.97,2.27,145.40
36.99,0.12,103.23,11.15,173.09,666.00,-178.78,9.27,67.81,-122.46,29.49,121.45,61.17,103.23,666.00,-83.67,23.54,1.64,144.01
37.12,0.01,103.22,10.14,175.06,666.00,-178.83,11.12,67.91,-123.53,17.56,73.37,49.24,82.57,666.00,-79.39,18.61,1.81,143.56
37.26,-0.11,103.45,9.95,176.12,666.00,-178.85,13.36,68.18,-123.94,13.85,49.36,41.27,66.00,666.00,-76.20,11.37,3.22,146.08
37.60,-0.48,103.45,10.77,175.89,666.00,-179.31,17.58,68.59,-124.19,1.01,27.95,24.32,19.33,666.00,-15.82,22.36,3.83,154.00
37.81,-0.53,103.45,10.54,173.95,666.00,-179.26,18.76,68.56,-123.78,0.38,26.38,24.76,8.73,666.00,-11.89,26.98,7.10,161.90
37.94,-0.22,103.45,10.74,173.95,666.00,-179.26,19.04,68.27,-122.97,0.18,25.68,24.75,5.13,666.00,-7.32,25.07,9.82,171.09
38.07,-0.09,103.68,10.75,172.27,666.00,-178.97,19.06,67.85,-123.43,0.23,25.94,24.73,4.73,666.00,-6.96,27.06,9.82,171.09
38.20,0.02,103.45,10.67,175.26,666.00,-178.60,19.28,67.75,-124.51,0.47,25.64,24.63,4.49,27.59,-7.76,30.10,11.20,169.67
38.32,-0.10,103.45,10.44,177.21,666.00,-178.65,19.26,68.06,-125.04,0.97,25.60,22.80,4.65,666.00,-8.19,24.09,10.95,167.04
38.45,-0.38,103.44,10.22,179.17,666.00,-178.71,18.54,68.71,-125.98,0.40,25.56,21.49,4.82,666.00,-8.63,18.96,7.95,163.58
38.58,-0.71,103.43,9.73,-176.06,666.00,-179.07,19.15,68.71,-125.98,0.14,25.47,21.75,5.46,666.00,-9.64,15.32,5.64,161.94
38.71,-1.13,103.56,8.32,-175.66,666.00,-179.20,19.30,68.99,-127.00,-1.70,20.05,29.08,21.34,666.00,-25.16,11.45,5.79,161.64
38.83,-0.97,103.57,8.55,177.44,666.00,-179.24,15.54,69.28,-124.34,1.07,23.88,42.20,40.36,666.00,-48.85,17.10,0.45,152.29
38.97,-0.78,103.45,8.49,173.10,666.00,-179.00,16.53,69.03,-123.44,5.08,29.58,51.56,53.84,-64.47,-61.48,32.99,8.78,161.03
39.10,-0.06,103.22,8.26,173.95,666.00,-179.03,16.54,67.65,-123.34,23.51,29.10,67.56,53.80,-75.29,-61.43,32.61,30.73,164.04
39.23,0.50,103.09,8.72,177.45,666.00,-179.01,13.89,67.99,-124.07,108.57,89.45,94.27,89.86,666.00,-85.70,18.80,6.41,156.46
39.36,0.88,102.99,9.50,178.88,666.00,-179.16,13.41,68.48,-124.03,147.32,145.48,114.79,108.35,666.00,-93.88,8.11,11.30,152.29
39.49,0.43,102.86,11.15,178.42,666.00,-179.04,15.66,69.19,-124.28,151.73,162.89,123.91,126.65,666.00,-102.63,17.13,8.04,155.54
39.62,-0.83,102.86,12.16,178.42,666.00,-179.04,16.08,69.37,-124.76,150.60,166.83,128.73,134.28,666.00,-105.36,28.22,7.32,153.78
39.76,-0.99,102.76,12.98,177.82,666.00,-179.14,17.34,69.42,-124.58,156.12,170.24,146.52,147.67,666.00,-109.41,13.79,10.35,154.77
39.89,-1.18,102.77,13.27,173.72,666.00,-179.04,10.05,68.96,-123.68,155.21,170.44,159.65,159.87,666.00,-114.37,17.83,10.82,153.25
40.04,-0.84,102.77,13.12,171.70,666.00,-178.99,11.97,67.85,-122.88,156.14,170.41,168.34,165.47,666.00,-115.90,23.60,13.86,152.60
40.20,-1.22,102.77,12.14,171.70,666.00,-178.99,10.58,67.55,-121.75,155.60,169.15,177.08,175.82,666.00,58.44,20.93,20.72,152.26
40.35,-0.97,102.86,12.76,176.38,666.00,-178.99,12.99,66.65,-122.67,154.19,168.23,177.79,179.39,666.00,58.49,27.21,24.66,152.43
40.50,-0.78,102.86,12.76,176.38,666.00,-178.99,12.02,67.31,-123.11,154.65,167.93,174.24,177.64,666.00,59.45,24.29,24.46,152.33
40.64,-0.70,103.00,12.66,173.96,666.00,-178.81,12.98,68.21,-121.87,154.99,167.87,170.69,173.59,666.00,59.61,23.05,22.53,151.90
40.77,-0.98,102.88,13.18,171.45,666.00,-178.63,11.07,68.31,-120.98,155.77,167.94,163.97,168.22,666.00,60.67,22.56,20.92,151.49
40.90,-1.29,102.78,13.27,171.93,666.00,-178.53,11.92,67.50,-121.32,152.32,168.37,147.36,165.60,666.00,-115.33,26.36,18.77,151.88
41.04,-1.36,102.87,12.74,173.45,666.00,-178.68,8.63,67.49,-121.92,150.15,170.36,135.34,157.13,666.00,-111.38,28.20,14.39,151.53
41.17,-1.61,102.78,12.01,171.93,666.00,-178.53,14.84,68.24,-121.76,146.49,170.97,127.31,147.48,666.00,-109.66,22.07,8.64,151.89
41.30,-1.95,102.78,11.48,171.93,666.00,-178.53,7.51,68.92,-121.05,140.68,170.84,118.18,140.73,666.00,-107.73,8.72,10.33,152.82
41.44,-1.63,102.89,10.73,170.57,666.00,-178.38,9.06,68.97,-120.86,119.77,165.37,101.99,126.39,666.00,-105.79,10.68,0.55,157.76
41.58,-1.52,102.79,10.60,169.92,666.00,-178.48,8.90,68.86,-119.91,62.24,143.55,80.29,108.65,666.00,-99.21,20.63,0.12,157.48
41.74,-1.12,102.78,9.97,171.93,666.00,-178.53,12.45,68.64,-119.85,22.43,91.22,53.11,90.37,666.00,-89.12,25.02,6.01,158.81
41.87,-0.90,102.99,9.42,177.99,666.00,-178.91,14.87,68.57,-121.09,15.27,55.05,45.84,76.64,666.00,-86.43,11.83,0.59,157.20
42.00,-0.88,103.08,9.61,-178.53,666.00,-179.12,15.04,68.97,-121.34,11.89,34.71,38.91,58.11,666.00,-69.76,6.67,0.67,154.11
42.13,-1.03,103.21,8.77,-178.10,666.00,-179.24,9.85,69.29,-122.49,8.38,28.54,31.03,41.50,666.00,-50.13,6.44,2.81,153.85
42.26,-1.12,103.44,9.42,-177.15,666.00,-179.27,17.72,69.57,-123.22,5.17,28.60,23.35,41.61,666.00,-50.48,13.32,2.99,149.83
42.39,-0.35,103.44,9.74,-177.15,666.00,-179.27,20.95,69.77,-122.98,3.57,28.60,22.67,41.61,666.00,-50.48,20.67,10.47,151.40
42.51,-0.18,103.57,9.76,178.29,666.00,-179.49,19.94,69.42,-122.25,2.62,29.58,22.22,41.80,666.00,-49.78,29.23,14.97,145.23
42.64,0.03,103.80,9.97,177.37,666.00,-179.46,19.94,69.16,-122.06,3.26,29.97,22.97,41.82,666.00,-49.76,26.70,14.38,144.25
42.77,0.14,103.67,10.13,178.84,666.00,-179.39,19.98,68.59,-122.17,4.18,24.74,22.93,6.08,666.00,-6.27,23.60,10.42,169.60
42.90,0.41,103.67,10.04,-179.23,666.00,-179.44,20.56,68.24,-123.46,4.86,24.53,19.06,6.26,666.00,-3.78,20.31,11.36,171.02
43.02,0.53,103.67,9.74,-179.23,666.00,-179.44,20.28,68.56,-123.78,4.41,24.36,19.21,5.88,666.00,-3.81,20.60,11.28,169.70
43.16,0.20,103.89,9.87,-178.29,666.00,-179.47,18.98,68.58,-124.91,3.48,23.52,22.23,5.84,666.00,-5.55,23.42,11.57,168.27
43.29,0.11,103.79,10.09,-178.81,666.00,-179.57,20.41,68.58,-124.91,2.71,23.44,19.26,5.92,666.00,-5.41,17.76,10.04,170.97
43.42,-0.68,103.67,8.16,179.69,666.00,-179.65,19.99,69.10,-123.13,3.61,25.10,26.42,23.79,666.00,-18.62,13.14,4.99,161.32
43.66,-0.77,103.44,7.91,178.70,666.00,-179.62,20.39,69.06,-122.80,7.66,24.96,40.16,23.69,666.00,-18.38,17.63,14.45,166.40
43.79,-1.00,103.21,8.14,-179.21,666.00,-179.44,21.95,68.91,-122.12,15.67,32.35,54.19,52.93,-71.38,-53.15,35.31,16.67,163.98
44.04,-1.22,103.21,7.84,-179.21,666.00,-179.44,22.63,68.65,-121.93,84.49,57.94,88.55,79.08,666.00,-78.84,11.38,7.28,153.83
44.17,-1.01,103.31,8.25,-178.67,666.00,-179.34,21.93,68.51,-122.10,131.76,128.87,104.75,100.81,666.00,-84.36,10.29,4.96,152.10
44.30,-0.64,103.21,9.10,-178.10,666.00,-179.24,16.23,68.52,-122.41,149.19,157.34,120.84,116.01,666.00,-92.90,7.63,6.81,152.45
44.44,-0.73,103.21,10.19,-179.21,666.00,-179.44,17.85,68.87,-122.00,152.57,167.25,128.66,132.09,666.00,-100.29,16.06,2.13,149.32
44.57,-0.79,103.32,10.83,177.38,666.00,-179.24,19.19,68.73,-121.94,153.79,168.96,137.71,138.85,666.00,-104.30,24.97,10.00,154.72
44.70,-0.66,103.32,11.39,177.38,666.00,-179.24,19.57,68.56,-121.46,156.92,171.22,148.71,151.01,666.00,-108.92,18.64,13.47,158.03
44.84,-0.44,103.22,11.38,176.81,666.00,-179.34,20.89,67.95,-121.16,158.34,172.49,162.35,164.48,666.00,-115.54,19.20,6.42,154.47
44.97,-0.16,103.09,11.89,178.34,666.00,-179.27,18.51,67.77,-120.90,158.05,172.22,166.40,167.69,666.00,-115.98,28.01,17.74,157.59
45.10,-0.19,102.99,12.08,177.75,666.00,-179.37,20.15,67.59,-121.25,156.95,170.92,170.29,175.73,666.00,60.62,26.91,24.10,157.95
45.24,-0.27,103.11,11.83,179.34,666.00,-179.29,21.55,67.40,-122.52,156.70,170.02,174.24,179.00,666.00,60.78,29.21,24.76,157.59
45.38,-0.51,103.11,11.60,179.34,666.00,-179.29,17.12,67.38,-123.43,156.10,169.40,174.49,178.79,666.00,60.87,28.45,26.71,157.36
45.51,-0.57,103.22,11.95,175.93,666.00,-179.08,14.95,67.73,-123.24,154.73,168.51,171.38,177.52,666.00,60.29,29.17,26.29,156.61
45.67,-0.17,103.23,11.56,173.09,666.00,-178.78,15.98,67.71,-122.82,153.59,168.19,162.39,175.01,66.36,60.52,30.20,25.89,156.20
45.81,-0.35,103.23,11.49,171.14,666.00,-178.72,15.93,67.34,-123.22,153.72,167.98,160.14,171.04,666.00,61.43,24.88,27.38,156.97
45.94,-0.32,103.23,11.06,171.14,666.00,-178.72,16.07,67.83,-122.87,153.60,168.03,156.58,168.79,666.00,62.00,28.44,21.02,153.80
46.07,-0.41,103.23,11.22,171.14,666.00,-178.72,15.54,68.06,-122.64,149.11,167.48,140.02,162.55,86.21,-112.77,34.95,16.82,151.20
46.20,-0.49,103.23,11.18,171.14,666.00,-178.72,15.14,67.94,-122.59,146.10,166.16,131.46,155.20,-88.59,-111.88,33.29,18.28,150.75
46.34,-0.48,103.10,11.13,172.59,666.00,-178.65,15.24,68.06,-122.95,139.50,164.69,121.84,149.97,-87.65,-110.74,30.23,11.56,150.89
46.47,-0.79,103.23,11.14,173.09,666.00,-178.78,16.17,68.11,-123.07,133.05,161.07,114.78,139.71,666.00,-109.19,16.06,5.87,150.85
46.60,-0.71,103.23,10.50,173.09,666.00,-178.78,10.15,68.37,-123.48,107.72,152.80,97.00,124.69,666.00,-105.59,19.94,12.47,151.46
46.73,-0.94,103.23,10.05,173.09,666.00,-178.78,10.37,68.61,-123.56,61.79,146.25,80.02,116.91,666.00,-103.62,22.74,0.80,152.41
46.86,-1.93,103.21,8.55,179.91,666.00,-179.19,14.16,69.15,-123.56,31.97,119.69,64.69,100.14,666.00,-94.29,25.11,0.81,153.73
46.99,-1.95,103.44,8.17,178.94,666.00,-179.16,13.22,69.42,-122.85,19.06,91.99,54.13,90.65,666.00,-93.77,22.19,1.26,154.96
47.12,-1.44,103.67,8.79,178.84,666.00,-179.39,17.72,69.24,-122.68,13.93,56.18,47.28,76.40,666.00,-92.74,14.34,0.44,156.70
47.25,-0.51,103.67,8.74,178.84,666.00,-179.39,17.35,68.93,-122.06,10.27,38.02,40.67,60.46,666.00,-80.13,8.00,1.74,159.02
47.39,-0.18,103.67,8.59,178.84,666.00,-179.39,20.95,68.58,-122.24,6.87,34.50,32.52,54.75,666.00,-75.37,4.68,1.18,159.97
47.52,-0.45,103.67,8.70,178.84,666.00,-179.39,21.92,68.98,-122.18,5.77,28.19,25.88,39.06,666.00,-64.49,7.44,0.60,162.36
47.65,-0.11,103.67,9.85,179.69,666.00,-179.65,20.81,69.12,-122.55,4.74,25.32,20.33,21.05,666.00,-32.24,18.26,3.33,158.54
47.78,-0.13,103.67,9.98,179.69,666.00,-179.65,20.55,69.34,-122.85,3.01,25.32,21.88,21.05,666.00,-32.24,21.54,0.95,151.65
47.91,-0.03,103.57,9.89,178.29,666.00,-179.49,20.98,69.39,-122.67,2.80,23.68,21.84,6.07,666.00,-13.38,23.37,7.87,157.48
48.04,-0.01,103.67,10.07,179.69,666.00,-179.65,21.62,68.87,-122.89,3.87,23.57,19.77,5.31,666.00,-3.94,21.75,9.43,166.80
48.16,0.06,103.66,10.17,-177.31,666.00,-179.50,18.85,68.40,-123.75,2.94,23.90,23.08,5.00,666.00,-3.21,25.28,11.00,165.34
48.29,0.06,103.56,10.07,-175.89,666.00,-179.65,16.39,68.35,-125.24,4.21,23.99,18.43,3.66,666.00,1.59,20.74,11.03,166.09
48.42,0.27,103.66,9.67,-175.39,666.00,-179.55,21.08,68.59,-126.45,4.37,23.77,19.78,3.89,666.00,1.79,21.41,11.20,166.20
48.54,0.01,103.66,9.77,-175.39,666.00,-179.55,20.81,68.73,-126.81,4.15,23.39,19.58,5.79,666.00,0.30,20.54,10.69,165.95
48.67,0.12,103.66,9.65,-175.39,666.00,-179.55,18.53,68.63,-126.87,3.84,23.39,19.66,5.79,666.00,0.30,15.87,9.67,171.76
48.80,-0.28,103.57,8.95,-177.83,666.00,-179.60,19.86,68.74,-126.40,3.35,23.34,21.85,5.73,50.91,0.88,41.39,8.97,-158.24
48.93,-0.60,103.54,8.19,-178.80,666.00,-179.57,20.29,68.89,-125.22,3.15,26.20,29.75,30.12,54.07,-49.12,53.03,10.04,-163.47
49.06,-0.51,103.44,8.38,-178.24,666.00,-179.47,21.25,68.89,-125.22,5.74,27.34,40.79,40.20,65.43,-61.71,62.50,9.05,-161.06
49.18,-0.25,103.44,8.89,-178.24,666.00,-179.47,21.69,68.89,-125.22,8.94,33.53,49.01,59.90,71.22,-80.21,68.39,8.57,-157.29
49.31,-0.64,103.44,8.44,-178.24,666.00,-179.47,21.33,68.05,-123.28,19.59,60.44,61.09,82.03,70.68,-96.46,107.74,0.61,-160.12
49.44,-0.57,103.34,8.59,-176.81,666.00,-179.62,16.15,67.74,-123.27,109.52,101.32,94.66,92.31,666.00,-98.27,16.80,11.96,-161.15
49.57,-0.16,103.31,9.05,-175.82,666.00,-179.65,15.27,67.83,-123.81,153.49,160.39,119.09,111.69,666.00,-101.81,6.81,13.47,-166.66
49.71,-0.19,103.21,10.66,-177.22,666.00,-179.50,18.89,68.39,-124.01,157.62,165.87,131.10,117.52,666.00,-102.58,11.52,16.10,-167.89
49.84,-0.08,103.31,11.56,178.26,666.00,-179.49,15.71,68.96,-123.38,158.03,172.15,139.54,138.10,666.00,-107.42,20.07,13.98,-173.09
49.97,0.27,103.22,11.98,176.81,666.00,-179.34,22.45,69.40,-121.77,159.86,172.66,153.27,146.69,666.00,-110.71,18.10,21.41,-176.57
50.10,0.48,103.34,12.26,175.30,666.00,-179.41,13.72,68.56,-121.69,161.02,172.92,169.00,158.63,666.00,-113.99,11.38,16.78,-179.38
50.24,0.45,103.22,12.43,174.82,666.00,-179.29,14.48,68.07,-122.04,158.71,172.13,166.04,166.85,666.00,-115.96,28.53,21.41,176.46
50.37,0.25,103.32,12.64,177.38,666.00,-179.24,14.39,67.14,-123.76,157.56,171.24,168.80,174.15,666.00,61.24,28.44,24.78,170.33
50.50,0.07,103.22,12.59,176.81,666.00,-179.34,14.25,67.46,-123.88,156.54,170.80,166.80,176.17,68.42,61.37,33.72,27.90,169.95
50.63,-0.06,103.22,12.53,176.81,666.00,-179.34,14.49,67.69,-123.65,157.81,170.17,172.67,177.04,666.00,62.71,26.48,28.63,169.02
50.76,-0.28,103.35,12.93,174.44,666.00,-179.16,10.04,68.16,-123.19,157.36,169.78,169.71,174.92,666.00,62.63,25.46,29.17,167.98
50.89,-0.31,103.22,12.69,173.95,666.00,-179.03,14.74,67.85,-122.88,158.41,169.56,166.99,173.10,666.00,63.13,22.20,25.10,164.47
51.02,-0.40,103.22,12.74,173.95,666.00,-179.03,14.43,67.75,-122.33,159.01,169.56,160.71,173.10,666.00,63.13,20.78,16.31,161.66
51.16,-0.53,103.22,13.04,173.95,666.00,-179.03,13.25,67.75,-122.33,155.88,171.15,142.37,160.78,85.79,-110.53,31.15,21.89,165.62
51.29,-0.56,103.10,13.07,173.46,666.00,-178.91,12.83,67.90,-121.34,154.81,170.65,133.16,157.39,666.00,-107.72,25.58,11.87,152.32
51.42,-0.60,103.10,12.94,173.46,666.00,-178.91,13.69,68.09,-120.99,150.80,169.29,124.90,148.02,666.00,-103.02,24.65,5.04,139.49
51.55,-1.10,103.10,12.65,173.46,666.00,-178.91,13.85,68.53,-121.05,143.56,166.57,116.24,137.12,666.00,-98.47,13.01,7.91,141.00
51.69,-1.43,103.09,11.48,176.33,666.00,-179.21,14.74,68.88,-121.17,129.35,164.94,105.51,129.63,666.00,-96.45,12.45,15.31,141.36
51.82,-1.31,102.87,10.68,175.24,666.00,-179.19,14.74,68.88,-121.17,82.50,155.63,87.93,117.48,666.00,-92.84,26.16,27.29,142.25
51.95,-1.39,103.09,9.26,176.33,666.00,-179.21,13.43,69.94,-121.54,38.54,128.58,71.35,102.05,666.00,-81.94,21.48,5.53,144.14
52.09,-1.44,103.09,8.84,176.33,666.00,-179.21,14.03,69.90,-121.73,20.45,101.33,56.49,93.37,666.00,-79.66,25.88,13.37,145.78
52.21,-1.31,103.09,9.11,178.34,666.00,-179.27,14.79,69.90,-121.42,15.09,101.46,49.96,93.31,666.00,-79.67,17.35,13.37,145.78
52.34,-1.20,103.09,9.12,178.34,666.00,-179.27,15.33,69.81,-121.42,12.97,43.97,41.01,66.49,666.00,-66.25,11.43,36.40,145.75
52.47,-1.28,103.21,8.31,-179.21,666.00,-179.44,17.17,69.55,-121.55,9.92,33.73,32.10,48.03,666.00,-53.24,6.15,0.03,150.18
52.59,-1.06,103.21,8.26,-179.21,666.00,-179.44,19.19,69.28,-122.78,7.47,28.97,24.75,29.79,666.00,-41.44,7.75,0.74,153.49
52.74,-0.71,103.31,9.70,-177.79,666.00,-179.60,20.84,69.06,-123.62,5.93,27.45,20.16,22.24,666.00,-25.01,16.03,2.53,154.91
52.91,-0.51,103.44,9.67,-177.38,666.00,-179.73,21.38,68.81,-123.66,4.32,25.86,22.42,9.70,666.00,-12.66,23.06,6.39,161.56
53.05,-0.47,103.79,10.05,-176.91,666.00,-179.63,22.79,68.81,-123.06,5.09,25.79,23.29,5.32,666.00,-7.95,27.42,9.22,171.20
53.19,-0.34,103.67,10.00,-176.46,666.00,-179.75,19.27,69.07,-122.35,5.42,25.45,23.51,4.55,666.00,-6.48,25.82,9.64,175.26
53.33,-0.22,103.67,9.78,-176.46,666.00,-179.75,21.90,69.05,-123.67,5.76,24.94,23.28,4.97,666.00,-5.96,25.24,10.12,175.88
53.46,-0.21,103.89,9.79,-175.57,666.00,-179.78,21.60,68.79,-124.38,6.07,25.15,21.72,5.06,666.00,-6.18,22.05,9.91,172.86
53.59,-0.31,103.89,9.89,-175.57,666.00,-179.78,21.15,68.79,-124.38,5.61,25.15,19.41,5.06,666.00,-6.18,15.33,8.61,172.57
53.75,-0.87,103.79,8.33,-175.01,666.00,-179.68,20.56,68.92,-124.74,4.50,25.04,21.96,4.97,50.01,-6.33,40.47,8.61,172.57
53.87,-0.81,103.79,7.53,-175.01,666.00,-179.68,20.55,69.23,-124.22,2.76,23.25,29.03,34.18,666.00,-45.99,9.75,5.05,165.18
54.01,-0.42,103.79,7.70,-175.01,666.00,-179.68,20.84,69.35,-123.75,3.49,23.25,38.22,34.18,666.00,-45.99,13.72,5.05,165.18
54.14,-0.38,104.02,8.01,-176.02,666.00,-179.66,20.10,69.37,-123.03,3.95,23.49,46.58,58.31,666.00,-68.73,21.21,3.09,162.53
54.27,-0.67,104.02,8.06,-176.02,666.00,-179.66,25.90,69.10,-122.31,7.92,28.08,52.93,71.98,-79.05,-78.28,30.73,1.50,158.54
54.41,-0.99,104.02,7.87,-176.02,666.00,-179.66,22.27,69.01,-122.37,20.42,28.08,66.66,71.98,-86.87,-78.28,31.11,11.56,160.43
54.56,-0.60,103.79,8.14,-175.01,666.00,-179.68,21.45,69.19,-122.32,121.23,141.93,95.80,95.60,666.00,-86.71,11.79,3.67,156.44
54.70,-0.19,103.89,8.69,-175.57,666.00,-179.78,20.92,69.54,-122.14,151.69,167.94,112.09,106.27,666.00,-89.81,4.17,0.87,154.86
54.87,0.01,104.02,10.01,-176.02,666.00,-179.66,22.29,69.71,-122.08,157.88,175.06,127.25,124.15,666.00,-96.65,9.67,3.15,151.84
55.03,-0.15,103.67,10.66,-176.46,666.00,-179.75,20.07,69.62,-122.14,157.14,175.15,135.67,136.75,666.00,-100.47,19.61,14.99,148.90
55.17,-0.35,103.79,10.87,-176.91,666.00,-179.63,19.62,69.35,-122.86,158.17,175.15,146.23,136.66,666.00,-100.65,14.78,14.61,155.21
55.30,-0.29,103.67,10.81,-178.38,666.00,-179.70,19.30,69.30,-122.43,156.81,174.08,153.28,154.60,666.00,-109.00,20.88,9.63,159.24
55.44,-0.43,103.67,9.90,-179.23,666.00,-179.44,20.35,68.92,-121.89,157.86,173.85,167.92,165.87,666.00,-118.22,18.06,0.22,150.99
55.59,-0.34,103.67,11.18,-179.23,666.00,-179.44,17.93,68.69,-122.12,157.02,172.91,169.92,175.15,666.00,57.71,27.78,19.03,172.64
55.74,-0.31,103.67,11.20,-179.23,666.00,-179.44,17.12,68.69,-122.12,155.87,172.07,173.02,179.87,57.34,57.31,31.17,20.35,170.86
55.88,-0.37,103.80,11.41,178.44,666.00,-179.26,18.10,68.30,-123.43,155.58,171.04,174.55,-179.56,666.00,57.58,28.98,25.08,170.97
56.05,-0.57,103.67,12.18,175.01,666.00,-179.28,17.16,68.48,-123.38,154.93,170.52,171.51,179.76,666.00,57.00,27.25,26.15,171.21
56.19,-0.77,103.67,12.39,175.01,666.00,-179.28,14.16,68.71,-122.54,154.15,169.92,165.26,176.80,666.00,57.80,28.33,24.19,171.36
56.36,-1.18,103.80,12.67,174.64,666.00,-179.15,15.43,68.76,-122.66,155.22,169.78,163.79,173.46,666.00,58.75,20.36,22.09,169.65
56.53,-1.35,103.80,11.91,174.64,666.00,-179.15,14.37,68.99,-122.74,154.09,169.78,157.14,173.46,666.00,58.75,14.77,14.37,163.34
56.70,-1.64,103.68,12.25,175.24,666.00,-178.83,12.93,68.99,-122.74,147.56,168.59,135.41,161.69,666.00,-113.63,25.30,24.60,168.86
56.88,-1.75,103.57,11.54,176.58,666.00,-178.98,15.00,69.16,-122.91,141.62,166.55,121.69,148.66,666.00,-108.31,24.19,11.41,154.67
57.03,-2.14,103.79,10.82,-179.65,666.00,-179.32,15.03,69.38,-123.50,135.03,167.33,113.33,148.65,666.00,-107.61,12.69,11.41,154.67
57.21,-1.84,103.66,9.47,-178.15,666.00,-179.24,14.72,69.92,-123.28,110.05,157.29,96.85,122.28,666.00,-94.23,14.16,36.54,162.71
57.37,-1.16,103.89,8.77,-179.12,666.00,-179.22,15.17,70.01,-122.98,54.46,141.35,78.99,108.55,666.00,-87.39,19.67,0.91,147.72
57.54,-0.38,104.02,8.16,179.41,666.00,-179.29,16.25,70.22,-122.73,20.12,141.11,56.46,108.77,666.00,-87.62,29.38,15.93,143.41
57.70,-0.75,103.89,8.75,-179.12,666.00,-179.22,16.40,70.22,-122.73,13.38,141.35,44.82,108.55,666.00,-87.39,11.22,15.93,143.41
