Timestamp,Kinect left shoulder flex.-ext.,WISE left shoulder flex.-ext.,Kinect left shoulder abd.-add.,WISE left shoulder abd.-add.,Kinect left shoulder int.- ext.,WISE left shoulder int.- ext.,Kinect left elbow flex.-ext.,WISE left elbow flex.-ext.,WISE left forearm pro.- sup.,Kinect right shoulder flex.-ext.,WISE right shoulder flex.-ext.,Kinect right shoulder Abd.-Add.,WISE right shoulder abd.-add.,Kinect right shoulder int.-ext.,WISE right shoulder int.-ext.,Kinect right elbow flex.-ext.,WISE right elbow flex.-ext.,WISE right forearm pro.-sup.
0.00,3.47,100.56,2.32,178.98,666.00,-179.52,21.50,69.21,-131.75,1.84,19.36,10.90,5.48,-58.04,6.90,45.07,17.41,159.81
0.21,3.57,100.55,2.46,-179.88,666.00,-179.77,21.41,69.21,-131.75,1.94,18.99,10.88,5.83,-57.97,6.07,43.84,17.46,160.10
0.34,3.52,100.55,2.42,-179.88,666.00,-179.77,21.40,69.22,-132.76,2.12,19.01,10.86,5.81,-57.61,6.39,45.03,17.49,160.41
0.47,3.51,100.55,2.37,-179.88,666.00,-179.77,21.69,69.22,-132.76,2.13,19.01,10.90,5.81,-57.79,6.39,45.52,17.58,160.32
0.62,3.45,100.55,2.31,-179.88,666.00,-179.77,21.17,69.16,-134.35,2.03,18.99,11.00,5.83,-58.10,6.07,45.07,17.55,160.01
0.76,3.37,100.55,2.89,-179.88,666.00,-179.77,19.65,68.91,-135.45,1.90,18.99,11.02,5.83,-58.05,6.07,43.82,17.43,160.10
0.90,-0.62,100.68,24.99,179.56,31.53,-179.65,36.97,68.68,-138.25,1.83,18.98,11.06,5.70,666.00,6.16,24.65,17.41,160.03
1.04,-0.86,100.78,24.33,178.90,39.33,-179.75,32.87,68.84,-138.63,1.74,19.23,11.30,5.81,666.00,5.97,24.32,17.31,159.89
1.18,-0.99,100.78,23.21,178.90,76.07,-179.75,37.37,69.78,-135.12,2.02,18.92,11.59,5.79,666.00,6.28,24.66,17.66,160.20
1.31,-1.22,100.68,21.52,179.56,82.53,-179.65,40.10,69.12,-134.96,2.10,19.14,11.58,5.66,666.00,6.48,26.37,17.34,160.06
1.44,-1.50,100.68,20.64,179.56,85.29,-179.65,43.29,68.97,-134.72,2.19,19.50,11.55,6.15,666.00,6.69,26.17,17.52,160.19
1.57,-1.69,100.68,20.09,179.56,86.56,-179.65,44.85,68.78,-134.53,2.13,19.70,11.74,6.32,666.00,6.88,26.07,17.72,160.31
1.72,-1.75,100.68,20.14,179.56,86.58,-179.65,44.23,68.91,-134.47,2.21,19.84,11.84,6.30,666.00,6.88,24.83,17.60,160.02
1.85,-2.35,100.68,22.51,179.56,75.34,-179.65,34.97,69.19,-133.37,2.11,19.84,11.63,6.30,-68.12,6.88,54.55,17.60,160.02
2.02,2.23,100.68,4.77,179.56,80.50,-179.65,86.32,69.11,-130.70,1.79,19.70,11.63,6.69,24.16,6.59,31.04,17.64,159.95
2.16,3.40,100.91,3.29,174.65,81.03,-179.79,88.46,65.76,-137.82,1.40,19.86,11.66,7.64,25.68,6.45,36.71,17.51,160.23
2.31,3.77,100.91,2.98,175.96,666.00,-179.58,22.25,65.76,-137.82,1.23,19.97,11.28,7.50,-64.07,5.86,58.34,17.35,160.10
2.45,3.87,100.78,3.00,176.46,666.00,-179.71,22.29,67.58,-136.74,1.18,20.36,11.16,6.93,-63.11,1.84,56.89,16.10,156.02
2.58,3.94,100.91,3.41,173.57,666.00,-179.54,20.33,68.12,-134.50,1.17,20.97,11.00,6.26,23.57,1.21,31.16,17.31,160.46
2.72,3.77,100.92,3.88,171.20,666.00,-179.49,19.69,68.30,-133.32,0.95,21.01,10.88,6.13,22.63,1.65,33.00,17.16,161.24
2.85,3.67,100.56,4.03,167.85,666.00,-179.56,19.55,67.96,-132.60,0.72,20.81,10.87,6.53,23.71,0.98,38.49,16.83,160.39
3.00,3.59,100.57,4.15,169.16,666.00,-179.35,19.59,67.69,-132.00,0.50,20.97,11.06,6.88,25.01,0.91,38.83,16.70,160.72
3.14,3.53,100.57,4.20,169.16,666.00,-179.35,19.65,68.08,-131.66,0.61,20.99,11.06,7.04,-60.70,1.08,57.09,16.97,160.23
3.27,3.41,100.69,4.36,169.81,666.00,-179.48,19.48,68.28,-131.90,0.67,21.47,10.99,7.32,25.17,1.52,38.95,16.92,160.28
3.41,2.73,100.56,4.80,170.25,666.00,-179.60,19.59,68.25,-132.61,0.18,21.34,10.40,7.47,24.82,1.45,39.50,17.00,160.46
3.57,2.73,100.69,4.65,172.22,666.00,-179.52,19.91,68.28,-133.02,0.19,21.22,10.28,6.75,24.89,1.01,38.46,16.94,160.66
3.78,3.04,100.69,4.25,172.22,666.00,-179.52,20.00,68.28,-133.02,0.49,21.21,10.53,6.40,-61.58,0.98,58.44,16.83,160.64
3.93,3.09,100.69,4.16,172.22,666.00,-179.52,20.02,67.96,-132.70,0.61,21.21,10.50,6.40,25.10,0.98,31.06,16.78,160.46
4.07,3.23,100.79,3.86,174.04,666.00,-179.66,20.14,67.96,-132.70,0.71,21.60,10.66,6.29,24.63,0.66,30.99,16.64,160.14
4.21,3.36,100.68,3.67,174.65,666.00,-179.56,20.98,68.03,-132.82,0.92,21.36,10.68,6.52,-67.27,0.87,54.19,16.88,160.33
4.35,3.38,100.79,3.31,174.04,666.00,-179.66,21.58,68.33,-132.84,0.97,21.48,10.83,6.61,24.16,1.01,36.42,16.88,160.33
4.48,3.40,100.79,3.29,174.04,666.00,-179.66,22.01,67.83,-130.43,0.74,21.00,10.73,6.56,-62.28,1.31,57.96,16.63,160.13
4.64,3.86,100.91,3.17,173.57,666.00,-179.54,22.06,68.10,-130.93,0.74,21.11,10.80,6.44,-63.28,1.07,57.33,16.68,160.00
4.77,4.08,100.91,3.08,173.57,666.00,-179.54,22.36,68.10,-130.93,0.61,21.30,10.79,6.61,24.13,1.25,37.33,16.66,159.85
4.89,3.79,100.79,3.60,174.04,666.00,-179.66,22.24,67.76,-131.20,0.28,21.01,10.31,6.71,22.99,1.49,32.18,16.87,160.16
5.02,3.27,100.79,4.08,174.04,666.00,-179.66,21.78,67.45,-130.27,-0.24,21.19,9.86,6.54,23.14,1.64,32.60,16.33,159.64
5.15,3.21,100.79,3.81,174.04,666.00,-179.66,21.67,66.45,-128.66,0.63,21.26,9.91,6.23,24.13,3.09,31.01,16.45,160.95
5.28,3.50,100.56,3.31,172.68,666.00,-179.65,22.29,67.17,-132.29,6.75,21.81,9.83,5.72,666.00,5.75,16.67,13.97,157.76
5.41,3.33,100.47,3.52,163.65,666.00,-179.37,21.20,67.56,-131.84,15.55,28.39,9.86,2.90,666.00,13.58,23.61,12.52,157.10
5.54,2.72,100.25,3.47,157.60,666.00,-179.28,20.40,67.47,-130.19,27.83,49.31,12.40,-3.01,-167.50,21.74,31.99,1.08,162.80
5.67,-0.50,100.02,1.04,156.03,666.00,-179.27,27.62,67.25,-130.42,35.22,59.37,28.19,-8.14,-146.97,21.71,41.07,4.20,165.91
5.80,-1.23,99.79,1.67,156.65,666.00,-179.29,22.38,67.26,-130.72,72.75,74.14,37.82,-24.67,666.00,20.67,9.16,5.10,170.86
5.94,-1.94,99.79,6.71,156.65,666.00,-179.29,17.57,67.26,-130.72,62.77,84.32,21.63,-57.85,-172.35,-70.86,32.19,10.58,173.64
6.07,0.81,99.90,10.35,157.52,666.00,-179.19,8.17,67.78,-131.62,79.82,98.40,36.14,-126.54,-162.76,-69.24,31.02,16.85,175.72
6.20,-1.47,99.90,6.33,157.52,666.00,-179.19,16.65,67.74,-130.79,88.19,118.42,74.39,-154.81,666.00,19.32,28.91,12.37,179.84
6.33,-2.14,100.13,6.10,156.87,666.00,-179.16,21.89,67.29,-129.11,111.21,121.25,164.37,-156.24,666.00,19.59,19.99,10.07,-179.08
6.46,-2.61,100.15,6.18,157.98,666.00,-179.18,20.29,66.87,-128.85,111.01,121.25,164.29,-156.58,666.00,19.69,24.06,18.99,178.92
6.59,-2.86,100.15,6.44,157.98,666.00,-179.18,19.63,66.87,-128.85,110.91,128.48,163.85,-163.06,666.00,22.80,24.26,19.50,-176.45
6.72,-3.00,100.02,6.02,158.26,666.00,-179.31,9.84,67.04,-127.90,111.19,128.33,164.51,-163.06,666.00,22.97,24.01,19.50,-176.45
6.87,-3.43,100.12,5.86,161.41,666.00,-179.24,9.55,67.27,-127.68,112.27,128.39,165.58,-163.91,666.00,23.19,21.10,15.72,-176.18
7.01,-3.61,100.12,5.94,161.41,666.00,-179.24,9.09,67.59,-127.99,113.28,128.14,165.19,-168.42,666.00,23.15,18.67,17.15,-175.51
7.16,1.24,99.89,4.81,159.82,666.00,-179.23,6.89,67.57,-127.69,118.73,127.93,167.57,-168.05,666.00,23.03,19.53,15.16,-177.33
7.32,-2.59,99.89,10.77,159.82,666.00,-179.23,4.26,67.01,-127.08,116.38,127.93,152.03,-168.05,666.00,23.03,18.92,15.54,-178.95
7.46,-3.30,100.25,10.32,158.82,666.00,-179.07,10.92,67.30,-126.79,119.76,132.34,149.61,-176.07,666.00,26.20,20.01,16.00,-175.58
7.60,0.75,100.03,9.76,155.06,666.00,-179.02,9.04,67.57,-125.46,127.00,133.00,152.11,-179.23,666.00,28.61,21.98,16.84,-172.05
7.73,-0.13,100.19,9.08,146.96,666.00,-178.72,11.75,67.57,-125.46,124.55,132.52,149.09,177.55,666.00,29.63,24.90,17.58,-175.26
7.87,1.27,100.33,9.41,146.86,666.00,-178.59,2.11,67.54,-124.03,122.35,131.99,162.84,173.69,666.00,30.52,15.21,18.23,-174.49
8.00,2.03,100.38,7.84,147.20,666.00,-179.40,10.62,67.76,-123.80,123.87,132.19,162.45,174.28,666.00,31.23,13.39,16.15,-175.17
8.13,3.54,102.27,6.99,173.75,666.00,177.26,9.90,67.99,-125.00,121.14,133.32,160.22,167.12,666.00,37.65,15.72,17.51,-174.38
8.28,3.53,102.27,6.44,173.75,666.00,177.26,8.99,66.84,-128.03,122.83,132.50,156.35,164.48,666.00,37.99,13.06,17.25,-174.46
8.41,2.98,101.49,7.12,-179.89,666.00,177.92,17.97,67.19,-128.66,118.21,131.76,137.41,160.31,666.00,37.01,21.73,15.24,-175.16
8.55,2.97,101.49,7.92,-179.89,666.00,177.92,14.71,67.19,-128.66,115.09,131.97,135.12,155.16,666.00,37.00,22.37,17.47,-174.33
8.70,2.80,101.49,5.13,-179.89,666.00,177.92,16.19,68.76,-126.70,108.79,130.77,122.72,151.73,666.00,38.66,28.02,17.55,-171.77
8.84,2.42,101.49,6.20,-179.89,666.00,177.92,12.63,69.56,-124.77,90.62,123.04,90.95,141.23,-56.59,37.11,30.35,22.60,-171.89
8.97,2.82,101.86,6.62,152.27,666.00,-177.28,12.79,68.54,-125.73,63.40,109.75,66.29,128.76,-26.27,-71.36,39.07,18.51,-174.58
9.10,1.67,101.49,6.52,154.53,666.00,-177.72,15.80,68.38,-128.80,29.96,97.87,33.74,105.69,-25.52,-70.62,39.97,12.27,-174.42
9.23,1.15,101.49,5.47,154.53,666.00,-177.72,18.55,68.47,-129.13,19.64,57.09,30.57,41.03,666.00,2.02,20.56,20.90,-177.34
9.37,1.07,102.24,5.70,163.66,666.00,-178.69,19.25,69.47,-130.42,13.22,50.37,25.53,36.90,666.00,-2.69,12.08,19.21,-178.97
9.50,1.48,102.34,7.10,163.26,666.00,-178.79,18.77,69.47,-130.42,6.72,36.48,21.95,24.21,666.00,-10.89,14.96,9.48,175.86
9.63,1.93,102.34,7.66,163.26,666.00,-178.79,18.63,69.71,-129.30,2.25,24.08,20.30,14.02,666.00,-12.74,18.38,22.64,176.23
9.77,2.61,102.69,7.27,163.17,666.00,-178.88,18.81,69.71,-129.30,1.39,19.23,18.79,10.08,666.00,-15.39,19.21,16.47,174.43
9.90,3.02,103.16,7.18,161.91,666.00,-178.82,18.63,68.85,-129.69,0.55,17.26,19.93,7.85,666.00,-17.94,23.60,12.11,172.03
10.03,3.15,103.16,7.27,161.91,666.00,-178.82,18.77,68.79,-129.57,1.19,15.21,18.96,4.77,666.00,-16.74,18.61,15.48,170.20
10.17,3.23,103.16,7.34,161.91,666.00,-178.82,19.06,68.79,-129.57,1.41,15.21,18.62,4.77,666.00,-16.74,21.53,15.48,170.20
10.30,3.28,102.92,7.34,162.53,666.00,-178.85,17.96,68.53,-128.35,1.50,14.96,19.70,4.81,666.00,-16.97,22.00,18.39,165.23
10.43,3.24,103.03,7.30,163.19,666.00,-178.75,18.81,68.80,-128.85,1.90,16.76,20.34,5.68,666.00,-13.93,25.98,16.83,167.71
10.57,3.17,102.79,7.04,162.79,666.00,-178.98,19.48,69.05,-129.04,1.75,16.42,20.97,5.71,666.00,-13.39,22.84,16.61,167.12
10.70,3.22,102.79,7.17,162.79,666.00,-178.98,21.87,68.87,-129.09,1.61,16.42,21.10,5.71,666.00,-13.39,25.91,16.60,166.67
10.83,3.23,102.79,7.21,162.79,666.00,-178.98,8.37,68.35,-128.17,2.06,16.44,19.93,5.71,666.00,-13.06,21.72,16.73,166.41
10.96,3.27,102.56,7.24,163.44,666.00,-179.02,20.71,68.34,-127.87,2.54,15.76,17.83,5.66,666.00,-12.32,19.96,17.41,166.87
11.11,3.74,102.44,6.99,162.87,666.00,-178.89,20.15,68.34,-127.87,2.08,15.31,18.01,5.50,666.00,-12.24,20.39,16.90,166.44
11.25,3.62,102.44,6.99,162.87,666.00,-178.89,20.91,68.34,-127.87,1.74,15.31,17.79,5.50,666.00,-12.24,20.87,17.01,166.36
11.37,3.39,102.33,6.39,162.18,666.00,-179.00,20.24,68.23,-128.34,-0.76,14.14,18.33,5.90,666.00,-8.03,20.88,18.69,170.55
11.51,3.21,102.33,6.57,162.18,666.00,-179.00,12.33,68.01,-128.57,-3.10,11.45,18.35,7.14,666.00,0.63,20.95,24.36,168.94
11.66,3.31,102.42,6.38,168.83,666.00,-179.04,19.51,68.01,-128.97,-3.06,9.40,18.21,7.79,11.12,-1.00,37.16,23.11,176.23
11.80,4.15,102.42,5.76,168.83,666.00,-179.04,19.35,68.43,-128.82,-2.06,12.19,20.92,5.18,21.24,-12.25,31.76,18.06,166.52
11.95,4.19,102.33,5.96,164.13,666.00,-179.05,19.31,68.38,-129.00,-1.02,12.19,21.68,5.18,26.44,-11.20,32.38,20.13,170.86
12.07,3.95,102.34,6.29,163.26,666.00,-178.79,19.38,68.38,-129.00,-0.49,14.26,22.10,3.67,29.75,-14.40,33.14,18.45,164.76
12.24,3.62,102.21,6.31,163.55,666.00,-178.93,19.17,68.00,-129.87,0.68,17.72,23.81,3.97,31.75,-18.88,36.02,19.17,172.21
12.38,3.30,102.21,6.27,163.55,666.00,-178.93,19.19,68.14,-130.24,0.88,19.91,23.92,3.89,666.00,-22.15,28.22,17.65,171.25
12.52,2.95,102.11,7.40,163.96,666.00,-178.83,19.00,68.02,-130.40,1.54,19.80,22.79,3.94,666.00,-21.80,25.35,17.65,171.75
12.67,2.98,101.88,7.60,162.64,666.00,-178.81,18.82,67.84,-130.22,2.42,19.59,22.82,3.88,666.00,-21.58,22.39,18.64,176.28
12.81,2.78,101.89,7.69,160.64,666.00,-178.76,18.73,67.76,-129.80,2.82,22.10,22.85,6.30,666.00,-28.59,25.54,17.57,176.11
12.96,3.27,101.77,7.75,160.03,666.00,-178.64,18.94,67.35,-129.85,4.71,21.98,19.83,6.15,666.00,-28.51,18.57,18.78,177.98
13.11,2.94,101.77,7.41,160.03,666.00,-178.64,18.29,67.44,-130.39,6.55,21.98,20.04,6.15,666.00,-28.51,21.38,16.03,175.27
13.26,2.28,101.64,7.73,160.28,666.00,-178.77,18.66,67.63,-130.75,10.40,21.85,20.05,6.31,666.00,-28.59,18.94,18.63,174.48
13.41,1.75,101.66,7.85,161.29,666.00,-178.79,19.22,67.51,-130.91,18.66,21.85,19.81,6.37,666.00,-28.81,17.13,21.27,174.72
13.55,1.68,101.54,7.12,160.66,666.00,-178.67,19.54,67.66,-130.27,29.99,52.48,19.54,16.59,666.00,-19.93,19.66,8.08,177.97
13.71,0.51,101.09,4.79,157.84,666.00,-178.64,19.59,67.30,-130.13,52.95,61.07,31.09,20.24,666.00,-15.13,7.87,16.60,-178.67
13.86,1.94,100.62,3.47,159.09,666.00,-178.70,19.10,67.10,-131.06,49.13,76.56,37.18,35.11,-173.10,-7.49,47.17,10.37,-176.85
14.01,1.71,100.62,3.85,161.28,666.00,-178.75,17.85,67.12,-131.36,69.73,97.59,58.85,136.58,-56.24,1.99,52.41,7.64,-173.89
14.17,1.10,100.49,4.32,161.59,666.00,-178.88,8.01,67.53,-130.41,111.52,120.76,142.17,173.94,666.00,13.42,14.77,14.76,-171.39
14.45,1.01,100.59,6.05,162.40,666.00,-178.77,7.61,67.35,-130.23,118.93,125.95,161.20,175.52,666.00,16.20,13.64,14.22,-170.56
14.60,-2.49,100.71,6.74,163.08,666.00,-178.89,6.52,67.35,-130.23,118.52,131.81,161.76,176.21,666.00,19.63,18.98,15.87,-169.50
14.75,0.42,100.83,6.59,165.00,666.00,-178.80,6.72,66.63,-128.55,122.36,133.85,163.08,175.45,666.00,21.18,19.99,20.13,-167.96
14.87,-1.02,100.71,6.93,165.36,666.00,-178.93,6.92,66.63,-128.55,121.89,134.28,163.38,174.65,666.00,23.25,19.31,20.69,-166.23
15.02,0.18,100.71,6.97,165.36,666.00,-178.93,5.71,66.73,-128.49,123.36,134.20,164.51,173.66,666.00,23.46,18.94,21.48,-167.93
15.18,0.06,100.60,6.59,165.84,666.00,-178.83,9.77,67.03,-128.51,122.08,132.90,163.77,171.55,666.00,23.48,17.65,20.10,-168.10
15.32,-1.73,100.60,6.26,165.84,666.00,-178.83,7.35,67.06,-127.80,117.94,132.07,161.15,168.79,666.00,23.68,17.81,20.22,-167.91
15.46,-2.88,100.60,5.67,165.84,666.00,-178.83,12.03,66.99,-127.38,114.04,131.05,156.54,167.19,666.00,23.61,18.28,18.75,-168.85
15.61,-1.66,100.60,5.78,165.84,666.00,-178.83,17.86,66.99,-127.38,111.55,127.48,139.96,163.06,666.00,22.78,16.85,19.36,-169.05
15.75,1.54,100.48,3.53,165.16,666.00,-178.71,17.51,66.99,-127.38,101.68,120.83,120.26,155.13,666.00,20.11,21.42,16.80,-170.11
15.89,2.13,100.35,3.38,165.53,666.00,-178.84,16.92,66.96,-127.86,90.90,114.38,91.92,147.23,666.00,17.34,20.39,22.95,-171.62
16.02,2.41,100.35,3.48,165.53,666.00,-178.84,17.22,66.91,-128.27,71.25,98.02,57.88,112.63,666.00,-80.85,27.21,19.51,-172.99
16.15,2.09,100.35,3.92,165.53,666.00,-178.84,16.64,66.91,-128.27,49.81,94.44,41.55,102.63,-167.80,-80.48,30.87,11.22,-173.79
16.28,1.26,100.35,4.68,165.53,666.00,-178.84,16.94,67.29,-128.70,38.54,75.26,29.84,54.42,666.00,-80.01,21.83,11.15,-175.37
16.42,1.06,100.93,5.01,169.09,666.00,-178.99,16.98,67.59,-128.72,23.43,68.32,26.96,43.86,666.00,3.17,28.45,11.18,-175.49
16.55,1.08,101.16,6.62,168.19,666.00,-178.97,17.70,67.71,-128.55,19.36,52.79,24.41,26.16,666.00,0.02,14.19,12.35,-177.22
16.69,1.11,101.39,7.92,167.32,666.00,-178.94,18.30,68.04,-127.86,12.22,39.22,21.69,14.84,666.00,0.31,21.65,13.56,-176.74
16.82,1.53,101.52,7.81,164.82,666.00,-178.76,18.68,68.20,-127.21,7.22,30.44,19.15,9.20,666.00,-2.03,21.46,18.83,-178.84
16.95,2.08,101.39,7.65,165.15,666.00,-178.89,18.92,68.20,-127.21,3.84,27.00,17.81,7.53,666.00,-2.63,21.13,15.62,-178.48
17.09,2.63,101.62,7.52,166.50,666.00,-178.91,18.93,67.85,-127.38,2.39,20.78,17.65,5.02,666.00,-3.79,19.48,17.62,-179.84
17.22,2.82,101.74,7.43,168.29,666.00,-178.83,19.20,68.10,-127.98,1.49,18.79,17.58,4.17,666.00,-3.60,25.72,17.71,-179.47
17.35,2.77,101.97,7.46,167.47,666.00,-178.80,19.16,68.22,-128.04,1.50,17.59,17.51,3.89,666.00,-6.67,26.44,18.02,179.01
17.48,2.88,101.75,7.44,166.16,666.00,-178.78,19.11,68.49,-127.63,1.38,17.92,17.54,4.68,666.00,-8.36,26.45,20.33,-179.99
17.61,2.99,101.62,7.29,167.69,666.00,-178.71,18.49,68.15,-127.80,1.39,18.05,17.62,5.02,666.00,-9.01,26.16,21.36,-179.75
17.78,3.09,101.51,7.19,169.15,666.00,-178.86,18.77,68.15,-127.80,1.13,18.33,17.95,5.66,666.00,-10.27,22.46,20.77,179.44
17.92,3.16,101.51,7.26,169.15,666.00,-178.86,18.67,68.04,-128.27,1.06,18.14,17.85,5.52,666.00,-11.11,22.24,18.66,178.80
18.08,3.07,101.61,7.40,168.66,666.00,-178.96,28.85,67.86,-128.31,2.20,19.06,17.41,5.26,666.00,-11.80,21.05,17.90,177.65
18.22,2.93,101.39,7.32,167.32,666.00,-178.94,26.60,67.63,-128.54,3.91,21.01,17.56,5.35,666.00,-10.50,20.80,17.44,176.89
18.35,2.34,101.27,7.18,166.70,666.00,-178.82,21.21,67.35,-128.82,9.16,27.43,18.20,5.98,666.00,-6.78,24.05,13.16,178.32
18.48,1.93,101.04,7.17,165.31,666.00,-178.80,20.94,67.35,-128.82,16.06,33.66,18.31,7.24,666.00,-3.45,22.28,15.15,179.04
18.65,1.17,100.71,7.06,164.33,666.00,-178.68,21.46,67.09,-128.22,30.32,33.33,20.72,7.03,666.00,-3.39,22.24,28.21,178.84
18.78,1.69,100.36,5.00,163.18,666.00,-178.80,20.86,67.05,-128.41,38.01,64.65,22.81,18.85,-169.97,2.57,32.52,13.90,-177.46
18.91,1.94,100.26,4.13,163.64,666.00,-178.69,8.21,67.05,-128.41,47.58,81.07,31.25,40.92,-172.04,7.13,53.66,6.69,-174.40
19.05,2.21,100.26,4.02,163.64,666.00,-178.69,18.77,67.09,-128.22,85.75,90.71,79.09,95.92,666.00,-80.49,18.04,14.14,-173.42
19.19,1.47,100.26,3.68,163.64,666.00,-178.69,19.14,67.21,-128.06,93.83,104.03,99.14,160.14,666.00,14.08,25.21,14.22,-172.13
19.35,0.08,100.26,4.82,163.64,666.00,-178.69,11.56,66.84,-127.63,113.66,118.20,144.62,171.65,666.00,18.82,17.28,15.49,-170.62
19.48,0.10,100.47,6.00,166.22,666.00,-178.96,8.30,66.99,-126.98,121.30,129.23,158.35,175.35,666.00,23.03,15.79,14.67,-170.15
19.61,-0.17,100.70,6.32,167.68,666.00,-178.98,7.12,67.18,-126.03,124.50,134.32,162.06,175.91,666.00,24.34,18.44,15.62,-169.27
19.74,-0.05,100.70,7.49,167.68,666.00,-178.98,5.55,67.00,-125.85,126.24,139.20,164.04,174.88,666.00,28.09,20.75,19.31,-166.97
19.88,0.16,100.70,7.95,167.68,666.00,-178.98,4.91,66.35,-125.53,126.57,139.32,164.17,174.14,666.00,29.36,20.97,19.99,-166.90
20.03,0.19,100.71,8.14,166.63,666.00,-178.73,4.70,66.18,-125.36,126.63,138.86,164.90,173.58,666.00,28.87,20.14,19.58,-167.22
20.18,-0.78,100.58,4.58,167.01,666.00,-178.86,6.27,66.84,-125.50,125.68,137.84,168.12,171.99,666.00,29.33,18.45,18.69,-166.39
20.35,0.49,100.47,7.78,166.22,666.00,-178.96,5.75,67.14,-125.51,124.44,136.83,163.65,170.47,666.00,29.40,18.80,17.75,-166.29
20.48,-2.10,100.35,6.82,165.53,666.00,-178.84,12.53,67.28,-126.17,115.42,134.13,148.65,167.42,666.00,29.00,21.92,18.56,-165.25
20.64,0.65,100.48,3.87,165.16,666.00,-178.71,16.81,67.34,-126.29,100.91,124.60,119.08,157.48,666.00,26.84,25.30,22.31,-166.64
20.79,0.37,100.48,4.82,165.16,666.00,-178.71,18.12,67.67,-126.30,57.91,111.13,52.56,138.13,-51.49,19.28,57.45,19.14,-169.30
20.92,0.79,100.58,4.58,167.01,666.00,-178.86,18.49,68.15,-127.80,50.22,96.41,43.62,105.60,-162.87,-79.55,33.17,13.25,-168.11
21.05,-1.29,100.34,5.21,170.38,666.00,-178.92,21.09,70.22,-128.49,37.90,77.61,27.45,64.69,666.00,-80.82,17.25,21.22,-169.17
21.22,-5.48,100.92,8.36,171.43,666.00,-179.04,26.12,71.18,-128.43,20.32,57.14,24.39,37.27,666.00,-8.56,8.64,13.61,-171.60
21.37,-12.34,101.51,12.02,167.94,-159.10,-179.06,30.20,73.84,-129.38,12.43,57.96,19.96,37.11,666.00,-7.94,14.36,6.06,-173.71
21.50,-17.59,101.98,14.69,164.26,176.72,-178.96,41.26,74.71,-129.61,9.45,26.91,19.37,10.70,666.00,-16.44,15.36,11.84,-173.90
21.64,-19.72,102.21,16.74,163.55,-155.97,-178.93,128.40,75.36,-136.36,8.45,21.88,19.12,6.44,666.00,-18.69,16.94,13.72,-174.83
21.77,-21.81,102.44,18.72,162.87,-157.60,-178.89,130.57,72.95,-149.18,8.36,22.18,19.27,6.28,666.00,-17.46,17.88,15.38,-176.40
21.94,-24.62,102.43,20.56,166.81,-165.31,-178.99,157.39,72.55,-154.74,8.34,22.92,19.27,7.24,666.00,-16.61,19.34,21.09,-176.84
22.08,-26.90,102.20,20.44,167.59,-163.56,-179.02,158.57,71.52,-162.64,8.65,23.75,19.61,7.74,666.00,-17.25,20.12,19.41,-178.12
22.21,-28.97,102.19,20.66,168.51,-160.25,-179.28,160.87,69.44,-172.92,8.75,23.79,19.58,8.15,666.00,-16.58,20.36,15.46,179.51
22.34,-29.84,98.61,20.74,176.82,-158.39,-178.70,161.34,70.34,-169.87,8.82,19.39,19.58,7.82,666.00,-18.81,19.22,15.13,179.14
22.47,-30.69,100.91,20.63,-179.68,-156.51,179.42,161.88,70.68,-167.84,8.83,21.67,19.52,10.03,666.00,-18.99,19.34,15.94,179.50
22.60,-30.99,100.90,20.63,177.67,-150.66,179.01,146.32,71.03,-165.21,8.79,21.56,19.24,10.40,666.00,-19.10,18.19,16.53,179.22
22.74,-31.58,102.17,20.60,165.99,-151.91,179.86,146.37,71.10,-173.60,8.89,23.18,18.99,8.93,666.00,-16.88,17.92,16.49,178.75
22.87,-32.25,99.29,20.66,164.09,-156.20,-179.90,143.07,70.90,-179.13,8.88,20.08,19.19,8.50,666.00,-16.96,16.69,16.36,178.01
23.00,-33.24,100.78,21.16,166.71,-157.33,-179.99,142.86,69.83,-179.40,8.23,21.62,18.23,8.65,666.00,-16.41,18.52,16.36,177.47
23.14,-34.55,100.98,21.27,166.85,-158.93,177.48,142.61,68.91,-179.87,8.43,22.33,18.43,11.55,666.00,-15.69,18.40,16.38,177.41
23.27,-35.46,101.54,21.38,165.50,-159.25,176.95,141.82,68.66,-178.52,8.50,22.86,18.62,12.00,666.00,-14.85,18.52,16.43,177.19
23.40,-36.24,101.15,21.48,164.40,-159.61,176.62,141.88,67.31,-178.22,8.45,22.58,18.71,12.24,666.00,-14.00,18.24,16.48,177.35
23.53,-36.43,103.43,21.39,164.34,-158.83,175.82,142.10,66.98,-175.33,8.28,25.25,18.89,13.17,666.00,-12.84,20.53,16.46,177.52
23.67,-35.94,103.20,21.48,168.29,-157.39,179.51,142.28,66.69,-174.48,8.18,24.53,18.95,9.20,666.00,-14.45,19.69,16.46,177.00
23.80,-36.04,102.98,21.94,169.30,-158.98,179.93,141.11,68.04,-175.47,8.02,24.27,18.90,8.75,666.00,-14.49,17.29,16.55,176.99
23.94,-35.62,103.22,22.19,170.68,-159.02,-179.64,141.26,68.43,-173.89,7.94,24.44,19.02,8.36,666.00,-14.85,18.50,16.55,176.99
24.07,-35.20,103.45,22.50,169.88,-158.72,-179.60,141.27,69.46,-172.81,7.49,24.50,18.72,8.18,666.00,-15.49,18.74,16.54,177.20
24.21,-35.05,103.55,23.14,167.57,-158.52,-179.65,141.29,70.89,-171.42,6.94,24.31,18.37,7.79,666.00,-15.92,18.78,16.16,176.77
24.34,-35.13,104.31,23.79,161.57,-159.25,178.39,141.57,70.87,-171.22,6.54,24.92,18.09,9.98,666.00,-14.82,17.38,16.67,176.58
24.48,-35.27,105.35,24.02,156.42,-160.88,176.60,141.10,70.35,-171.49,6.16,26.51,17.63,11.66,666.00,-12.60,16.28,16.52,174.81
24.61,-35.34,104.86,23.93,153.04,-159.48,174.48,142.39,69.13,-172.62,6.19,26.04,17.74,14.88,666.00,-10.80,17.06,17.12,176.50
24.75,-35.70,104.12,23.78,148.21,-159.65,170.61,142.43,67.93,-171.54,6.24,26.06,17.74,18.33,666.00,-8.28,17.19,17.37,176.89
24.88,-36.00,104.21,23.57,150.87,-160.06,171.46,142.42,67.93,-171.54,6.43,25.90,18.02,17.41,666.00,-9.39,18.24,17.28,176.73
25.01,-36.13,103.62,23.49,150.99,-160.12,171.05,142.51,68.27,-169.01,6.76,25.29,18.21,17.85,666.00,-9.66,18.29,17.11,176.41
25.15,-35.99,103.62,23.02,150.99,-160.23,171.05,142.21,68.03,-169.88,7.20,25.16,18.73,16.71,666.00,-9.11,19.08,17.44,176.68
25.30,-35.42,102.69,22.46,157.92,-159.53,175.72,142.35,69.19,-169.80,7.55,22.97,18.75,12.01,666.00,-12.38,18.34,17.44,176.68
25.44,-34.32,101.50,21.02,158.44,-159.32,177.57,141.44,70.36,-172.77,7.84,21.46,18.68,10.05,666.00,-13.30,17.59,17.08,176.50
25.58,-34.09,99.55,20.47,154.28,-159.11,177.62,141.27,68.93,-176.55,7.98,19.16,18.68,10.16,666.00,-13.26,17.84,17.55,176.30
25.71,-33.93,100.37,20.46,158.74,-158.76,177.72,141.14,68.37,-176.89,7.34,20.13,17.95,9.97,666.00,-12.68,17.97,17.51,177.29
25.84,-34.10,101.29,20.03,162.35,-158.42,177.70,141.71,68.37,-177.97,7.72,21.01,18.35,9.93,666.00,-12.97,18.67,17.53,176.73
25.97,-34.72,104.28,20.25,171.42,-158.62,-178.58,141.79,67.69,178.96,7.85,23.74,18.27,6.08,666.00,-15.05,18.88,17.61,176.83
26.10,-34.92,103.69,20.42,167.51,-158.72,-179.06,140.62,67.69,178.96,7.68,23.23,16.90,6.63,666.00,-14.58,18.00,17.49,176.75
26.24,-34.95,103.45,19.88,166.14,-158.28,-179.50,140.86,68.39,178.91,7.84,23.03,17.45,7.06,666.00,-14.54,17.15,17.24,177.08
26.38,-34.99,102.09,20.07,160.65,-158.26,-179.44,140.53,69.00,-179.35,7.71,21.59,17.49,6.62,666.00,-14.17,15.90,17.48,176.95
26.52,-34.37,102.10,19.76,161.74,-157.83,-179.23,140.22,70.46,-175.81,6.76,20.21,17.69,6.31,666.00,-15.16,16.62,19.17,176.56
26.65,-28.11,102.77,18.57,166.39,-162.69,-179.54,145.30,70.43,-170.73,5.39,19.59,17.67,6.85,666.00,-17.22,16.90,20.24,177.03
26.78,-20.86,103.23,17.03,164.97,-153.80,-179.48,129.88,69.60,-166.83,0.78,17.52,19.01,7.99,666.00,-16.13,19.29,18.01,171.05
26.91,-12.42,103.58,14.28,163.03,34.14,-179.51,129.51,63.91,-149.30,-3.49,12.59,18.50,11.11,666.00,5.97,21.80,26.19,179.82
27.05,-3.13,103.94,10.05,161.22,37.10,-179.54,128.05,60.46,-146.75,-4.00,13.25,16.70,12.57,666.00,-1.75,24.74,25.48,178.98
27.18,3.60,103.49,7.49,157.22,39.91,-179.45,123.31,62.13,-146.27,-3.36,16.27,16.38,10.52,666.00,-19.15,24.99,18.40,177.75
27.32,4.60,103.36,7.69,155.74,38.89,-179.53,119.47,62.13,-146.27,-1.43,18.94,16.03,8.10,666.00,-21.30,22.23,17.07,176.24
27.45,4.63,103.29,11.64,149.72,39.11,-179.22,120.76,61.01,-128.35,-2.77,19.81,17.32,7.00,666.00,-18.98,22.58,20.09,177.39
27.58,-0.07,103.08,24.14,147.92,-85.50,-178.96,51.33,62.22,-128.83,-1.65,19.61,18.63,6.66,666.00,-18.58,22.92,20.69,177.20
27.73,0.90,103.08,23.48,147.92,-84.52,-178.96,51.16,68.50,-124.25,0.10,19.94,17.90,7.15,666.00,-17.67,21.09,17.86,176.78
27.87,0.97,103.18,23.26,150.05,-82.55,-178.90,57.42,71.32,-124.45,0.57,19.87,17.59,7.10,666.00,-17.29,20.76,17.60,177.48
28.00,6.55,103.32,35.00,149.95,666.00,-178.77,14.02,71.20,-125.51,1.79,20.03,19.40,6.77,666.00,-17.05,20.82,18.56,176.88
28.14,2.13,103.44,6.85,150.48,666.00,-178.88,21.29,69.49,-129.83,1.43,20.71,19.94,6.58,666.00,-16.45,21.67,19.22,176.07
28.27,1.67,103.30,7.33,150.58,666.00,-179.02,21.82,66.89,-133.07,1.91,20.96,18.09,6.86,666.00,-15.33,19.78,19.27,176.69
28.40,1.44,103.17,7.63,153.15,666.00,-179.01,21.90,66.18,-133.23,1.91,20.79,17.62,7.08,666.00,-15.34,23.21,19.09,176.27
28.55,1.24,102.93,7.02,155.21,666.00,-179.10,22.77,66.28,-133.85,1.99,20.48,18.13,7.26,666.00,-16.00,22.84,18.84,175.40
28.68,1.15,103.05,7.65,155.77,666.00,-179.22,22.19,68.47,-133.21,2.32,20.60,17.32,7.40,666.00,-16.08,22.34,19.07,175.18
28.82,1.07,103.25,6.91,156.14,666.00,-179.21,22.16,69.97,-132.46,2.76,20.80,18.28,7.41,666.00,-16.10,22.41,18.69,174.80
28.96,0.87,103.05,7.87,155.77,666.00,-179.22,17.46,70.15,-132.41,3.79,20.60,17.53,7.40,666.00,-16.08,21.44,18.04,173.89
29.10,0.36,102.80,7.53,153.70,666.00,-179.18,17.80,69.51,-132.67,9.37,24.16,18.82,6.76,666.00,-10.77,20.81,13.88,177.41
29.24,-0.11,102.72,7.28,150.71,666.00,-178.98,22.48,68.54,-131.20,17.34,36.92,18.40,8.59,666.00,-5.18,21.00,10.66,177.09
29.37,0.00,102.27,6.94,146.68,666.00,-178.91,22.04,67.98,-127.74,29.01,44.61,20.11,9.35,666.00,-2.10,27.79,12.48,177.50
29.50,-2.43,101.81,5.01,145.65,666.00,-178.94,22.75,67.68,-127.02,41.90,67.85,23.81,18.63,-174.84,5.57,38.63,12.40,-177.58
29.63,0.20,101.68,3.41,145.72,666.00,-179.08,22.12,67.55,-125.96,54.38,89.13,40.69,80.63,-170.27,-78.57,73.50,12.65,-174.39
29.77,0.10,101.45,3.43,145.97,666.00,-179.12,22.49,68.66,-125.33,92.76,100.19,96.17,159.69,-47.87,15.00,30.15,13.53,-171.52
29.90,-0.52,101.57,2.65,147.50,666.00,-179.03,16.81,68.82,-125.39,112.82,115.70,140.46,175.25,666.00,18.73,18.67,15.57,-167.38
30.04,-0.27,101.44,3.65,147.59,666.00,-179.16,16.60,68.90,-124.51,117.55,126.32,152.05,178.36,666.00,21.61,18.45,18.26,-165.24
30.17,0.04,101.43,4.13,149.26,666.00,-179.21,21.25,67.96,-124.47,119.85,129.09,155.22,177.88,666.00,23.06,17.74,18.81,-164.46
30.30,-0.06,101.29,4.20,151.14,666.00,-179.39,11.86,67.33,-124.76,120.27,130.43,155.44,176.21,666.00,26.36,17.39,18.65,-165.50
30.44,0.60,101.20,4.87,151.41,666.00,-179.29,19.98,67.43,-124.69,120.38,130.18,154.56,174.61,666.00,25.81,17.21,17.73,-165.73
30.57,-0.24,101.29,4.36,152.97,666.00,-179.44,16.44,67.68,-124.69,120.15,130.19,154.92,173.52,666.00,26.22,17.24,17.52,-165.31
30.70,0.75,101.29,3.15,152.97,666.00,-179.44,15.01,68.09,-124.94,122.67,130.44,157.81,172.23,666.00,26.50,16.64,17.15,-165.38
30.86,1.25,101.29,2.57,152.97,666.00,-179.44,16.47,68.35,-125.13,123.44,130.50,158.72,171.03,666.00,27.23,17.00,17.88,-165.07
30.99,1.48,101.06,2.78,151.56,666.00,-179.42,13.62,68.25,-125.19,123.54,130.45,157.91,169.56,666.00,28.16,17.76,18.10,-164.24
31.12,1.47,101.20,2.88,151.41,666.00,-179.29,19.67,67.95,-125.18,121.95,129.79,155.05,168.49,666.00,28.15,18.54,17.94,-164.56
31.25,1.14,101.31,2.47,150.37,666.00,-179.14,21.73,67.71,-125.11,115.69,126.19,143.52,165.56,666.00,27.00,19.24,18.23,-165.63
31.38,1.23,101.20,2.64,149.62,666.00,-179.25,20.46,67.90,-125.06,97.36,120.69,105.60,161.32,666.00,25.76,26.11,18.47,-166.89
31.51,1.27,101.20,2.84,149.62,666.00,-179.25,21.38,67.91,-125.37,88.70,110.48,87.15,148.47,666.00,21.14,12.65,13.61,-168.96
31.65,0.82,101.29,3.27,151.14,666.00,-179.39,21.00,67.92,-126.19,53.59,92.96,42.49,100.63,666.00,-77.18,25.46,13.76,-171.61
31.78,0.51,101.42,4.55,154.66,666.00,-179.35,20.94,68.17,-126.79,40.04,74.70,29.87,48.17,666.00,-77.73,17.41,21.91,-172.85
31.92,0.30,101.51,5.15,156.25,666.00,-179.49,20.99,68.28,-127.03,22.81,66.30,28.72,36.32,666.00,5.97,26.39,12.62,-172.72
32.05,-0.13,101.74,6.62,157.62,666.00,-179.51,21.89,68.40,-127.09,17.42,52.82,22.88,23.42,666.00,4.03,17.45,11.36,-173.60
32.19,-0.40,102.09,6.96,157.67,-78.46,-179.59,32.81,68.58,-127.05,9.96,35.00,20.61,13.22,666.00,-0.10,18.61,21.08,-174.76
32.32,0.24,102.55,6.40,158.41,666.00,-179.58,14.68,68.53,-126.93,4.76,28.80,18.28,10.04,666.00,0.52,17.89,12.46,-177.78
32.45,1.45,102.56,5.43,157.62,666.00,-179.32,22.88,69.04,-126.41,2.01,19.58,19.22,6.42,666.00,-0.74,18.42,17.47,-178.67
32.58,2.52,102.69,5.28,154.70,666.00,-179.34,21.83,69.10,-124.39,1.00,16.84,19.26,5.83,666.00,-3.01,20.76,19.16,179.26
32.71,3.14,102.69,5.23,153.02,666.00,-179.29,21.01,68.91,-123.91,0.48,17.17,19.08,6.11,666.00,-3.51,21.20,21.92,-179.43
32.84,3.01,102.69,6.09,153.02,666.00,-179.29,19.55,68.45,-123.53,1.02,19.39,18.42,6.93,666.00,-2.24,20.50,21.51,-178.54
32.97,3.11,102.46,6.25,153.43,666.00,-179.33,19.85,68.54,-124.07,1.36,19.35,18.05,7.10,666.00,-1.62,20.08,20.90,-178.38
33.10,3.10,102.56,6.23,155.85,666.00,-179.27,21.17,68.69,-125.04,1.63,19.30,17.89,6.67,666.00,-0.61,20.37,19.64,-178.78
33.23,3.18,102.68,5.74,156.43,666.00,-179.39,9.23,69.06,-126.00,1.63,18.76,18.40,6.66,666.00,-0.90,20.48,18.92,-179.74
33.36,2.83,102.66,6.08,155.56,87.33,-179.37,33.83,68.92,-125.64,1.98,18.41,18.06,6.63,666.00,-1.02,20.04,18.91,-179.98
33.50,2.82,102.69,5.73,154.70,666.00,-179.34,10.10,68.74,-125.16,1.94,18.29,18.35,6.57,666.00,-0.79,19.94,19.21,-179.57
33.63,2.78,102.79,5.85,154.42,666.00,-179.44,10.83,69.09,-124.99,1.98,18.56,18.60,6.50,666.00,-0.83,20.05,19.03,-179.81
33.77,2.88,102.80,5.97,155.38,666.00,-179.23,9.88,68.97,-125.46,1.95,18.85,18.43,6.14,666.00,-0.93,20.14,18.93,179.89
33.90,2.81,102.78,5.92,157.87,666.00,-179.54,17.80,68.81,-126.11,2.36,18.80,18.02,6.53,666.00,-1.56,19.80,18.77,178.71
34.03,2.53,102.65,5.85,159.10,666.00,-179.47,22.40,68.66,-127.29,2.50,18.62,18.42,6.49,666.00,-1.92,19.85,18.90,178.20
34.17,2.37,102.77,5.93,159.67,666.00,-179.59,22.91,68.51,-127.93,3.30,21.79,18.60,6.33,666.00,0.23,19.96,16.95,179.27
34.30,2.13,102.55,5.76,158.41,666.00,-179.58,23.92,68.46,-128.11,6.89,24.11,18.41,5.89,666.00,2.32,23.48,16.17,179.18
34.43,1.47,102.32,5.52,155.34,666.00,-179.51,24.11,68.09,-127.68,14.52,33.37,18.38,5.46,666.00,7.35,22.42,10.81,-178.93
34.57,1.12,102.10,5.50,152.30,666.00,-179.45,22.98,67.79,-127.26,23.23,38.93,18.95,5.24,666.00,8.80,26.75,16.52,-178.73
34.70,1.19,101.78,5.77,149.53,666.00,-179.29,22.90,67.79,-127.26,31.59,38.62,19.59,4.71,-166.35,9.23,32.13,31.91,-178.00
34.83,1.41,101.65,4.07,149.65,666.00,-179.43,28.15,67.62,-127.61,43.76,75.32,25.65,9.70,-162.62,14.05,30.15,14.60,-172.91
34.96,1.91,101.43,3.88,151.00,666.00,-179.26,7.84,67.30,-128.60,48.76,81.45,33.85,14.87,-169.32,15.07,56.09,17.79,-172.13
35.10,1.51,101.18,3.85,152.21,666.00,-179.54,9.24,67.31,-129.13,67.94,98.00,51.18,170.90,-60.03,18.24,55.16,14.28,-169.20
35.23,0.25,101.28,2.36,151.93,666.00,-179.64,12.17,67.26,-129.41,71.94,112.53,58.97,-179.36,-62.29,21.88,65.86,9.62,-166.36
35.36,0.72,101.64,3.48,154.99,666.00,-179.57,11.52,67.45,-128.76,115.34,115.53,148.01,178.83,666.00,22.36,18.61,16.38,-167.01
35.50,0.49,101.63,3.63,156.88,666.00,-179.61,7.59,67.45,-128.76,118.50,129.07,155.36,179.20,666.00,25.83,16.56,19.05,-166.19
35.74,-0.34,101.73,3.11,158.47,666.00,-179.76,26.36,66.97,-128.79,119.69,131.14,158.43,177.10,666.00,28.42,15.86,19.61,-165.96
35.91,-0.16,101.73,3.27,158.47,666.00,-179.76,29.66,67.17,-129.04,119.72,130.92,158.17,176.92,666.00,28.23,15.79,18.70,-166.11
36.04,-0.14,101.50,3.48,159.08,666.00,-179.79,9.42,67.15,-129.75,119.75,129.83,158.21,175.29,666.00,27.78,15.75,17.61,-165.78
36.18,-0.67,101.73,3.20,158.47,666.00,-179.76,11.82,67.15,-129.75,120.20,130.38,159.50,175.38,666.00,27.74,15.84,16.68,-165.97
36.31,-1.07,101.63,2.83,156.88,666.00,-179.61,12.08,67.23,-128.99,120.75,131.34,160.41,174.36,666.00,28.49,16.18,17.05,-165.44
36.45,-1.00,101.86,2.97,156.34,666.00,-179.58,11.35,66.97,-128.39,120.96,131.78,160.64,172.55,666.00,29.25,15.95,17.31,-164.86
36.58,-0.74,101.74,2.95,155.73,666.00,-179.46,11.79,67.32,-128.00,120.76,130.88,160.17,171.07,666.00,29.05,15.47,17.96,-164.82
36.72,-0.43,101.74,3.11,155.73,666.00,-179.46,16.03,67.42,-127.94,118.70,130.16,156.52,170.52,666.00,28.60,16.16,17.22,-164.98
36.85,-0.38,101.86,2.94,156.34,666.00,-179.58,16.09,67.63,-127.41,113.79,127.80,146.85,168.96,666.00,28.53,18.01,16.31,-165.85
36.98,-0.38,101.74,1.82,155.73,666.00,-179.46,21.98,67.52,-127.17,101.84,119.18,118.77,163.08,666.00,26.70,23.07,21.86,-167.54
37.14,0.08,101.86,2.25,156.34,666.00,-179.58,21.33,67.57,-127.29,86.27,113.50,81.41,156.38,666.00,25.24,19.39,19.83,-167.68
37.27,0.75,101.86,2.21,158.24,666.00,-179.63,19.77,67.72,-127.95,63.43,100.35,46.49,127.49,666.00,-72.71,22.30,15.73,-169.96
37.41,0.69,101.86,2.39,160.18,666.00,-179.68,20.74,68.07,-129.09,38.57,84.06,32.34,69.11,-163.31,-74.34,30.05,14.60,-170.91
37.54,-0.21,101.95,4.74,163.79,666.00,-179.87,22.62,68.13,-129.21,28.48,65.56,26.33,34.95,666.00,8.28,27.15,20.58,-172.54
37.72,-0.05,101.95,6.15,163.79,666.00,-179.87,22.49,68.28,-128.57,16.87,55.57,22.84,25.89,666.00,6.22,21.80,15.05,-174.67
37.87,0.63,102.89,6.74,162.07,666.00,-179.76,21.81,68.67,-126.69,9.46,41.12,20.63,14.73,666.00,5.89,23.56,15.59,-176.78
38.01,1.08,102.77,6.66,159.67,666.00,-179.59,21.92,68.90,-125.75,6.58,30.87,19.58,9.23,666.00,3.91,20.92,14.76,-179.05
38.15,1.63,102.91,6.57,157.67,666.00,-179.41,21.98,68.99,-125.16,5.41,25.70,18.35,6.30,666.00,3.04,19.71,15.42,179.45
38.28,2.15,102.91,6.28,157.67,-88.20,-179.41,32.85,68.93,-125.04,5.02,23.07,18.23,6.67,666.00,-0.29,18.97,17.76,177.98
38.42,2.40,103.00,6.15,159.11,666.00,-179.56,22.72,68.84,-125.62,4.49,21.85,18.40,6.70,666.00,-0.51,19.11,19.08,178.17
38.56,2.49,102.77,5.92,159.67,666.00,-179.59,22.58,68.85,-125.93,3.73,21.39,18.75,7.19,666.00,-1.70,19.02,18.43,177.90
38.70,2.46,102.77,5.98,159.67,666.00,-179.59,21.78,68.95,-125.34,2.33,20.46,18.78,8.03,666.00,0.92,19.93,20.49,176.67
38.84,2.52,102.77,6.17,159.67,666.00,-179.59,21.21,68.80,-124.68,1.11,18.05,18.96,9.37,666.00,9.97,21.33,25.44,178.90
38.97,2.52,103.00,6.37,160.90,666.00,-179.61,20.74,68.78,-124.07,1.09,18.08,18.63,8.57,666.00,9.19,20.81,24.05,178.71
39.10,2.63,102.77,5.98,159.67,-22.73,-179.59,37.85,68.69,-124.13,0.42,17.89,18.88,8.52,666.00,9.42,21.68,21.41,-170.62
39.25,2.79,102.91,5.90,159.44,666.00,-179.46,21.10,68.85,-122.96,0.08,18.02,19.17,8.38,666.00,9.52,26.65,22.12,-168.92
39.38,2.94,102.91,6.14,157.67,666.00,-179.41,20.80,68.77,-122.42,0.44,18.25,18.65,5.67,666.00,-4.62,21.10,20.21,176.43
39.52,2.98,103.00,5.97,159.11,666.00,-179.56,11.18,68.54,-122.65,0.78,18.33,18.38,6.37,666.00,-4.76,19.66,20.83,176.69
39.65,2.99,102.89,5.60,160.23,666.00,-179.71,10.52,68.68,-123.31,0.82,18.19,19.08,6.57,666.00,-5.39,20.72,20.27,176.34
39.80,2.76,102.99,5.49,161.70,666.00,-179.86,16.28,68.83,-124.80,2.54,18.26,19.55,6.76,666.00,-5.71,20.11,19.88,175.52
39.95,2.48,102.87,5.42,161.14,85.30,-179.74,34.88,68.66,-125.14,5.77,22.24,20.08,5.65,666.00,-1.76,19.99,14.80,175.47
40.10,1.58,102.64,5.72,158.08,666.00,-179.67,24.18,68.25,-125.19,16.84,29.50,19.67,5.08,666.00,4.00,22.50,12.43,175.90
40.24,1.54,102.33,5.77,153.59,666.00,-179.46,23.83,68.19,-124.25,29.39,40.19,19.57,6.01,666.00,6.39,23.84,19.80,179.79
40.37,1.50,101.89,3.98,151.96,666.00,-179.23,23.04,67.80,-125.13,40.37,70.18,23.93,17.94,-176.88,10.64,57.28,14.92,-174.63
40.50,1.46,101.52,2.79,152.53,666.00,-179.40,9.97,67.83,-126.78,67.79,95.81,52.34,141.53,-59.73,17.88,56.90,2.13,-169.62
40.63,0.08,101.41,2.84,156.58,666.00,-179.39,12.06,67.86,-127.91,76.04,110.03,63.92,169.18,-65.95,20.53,70.39,14.25,-167.64
40.76,-0.80,101.74,4.38,160.68,666.00,-179.35,9.75,68.30,-128.87,131.92,133.72,167.38,178.71,666.00,24.98,17.75,3.57,-163.19
40.90,-2.87,102.29,7.58,166.91,666.00,-179.58,14.67,68.97,-128.42,134.52,150.46,164.10,-179.12,666.00,31.43,21.51,10.62,-160.22
41.03,-1.55,102.76,9.54,169.23,666.00,-179.85,14.61,68.62,-127.28,142.39,155.89,168.42,-178.27,666.00,33.10,18.50,18.90,-158.80
41.16,-1.98,102.77,9.31,168.35,666.00,-179.59,28.92,67.24,-125.54,139.81,159.58,174.62,-178.61,666.00,35.01,18.35,23.85,-156.79
41.30,-0.34,102.54,10.57,165.16,666.00,-179.52,22.55,65.84,-124.52,139.83,158.50,167.70,179.91,666.00,36.24,19.97,25.47,-155.80
41.43,-0.46,102.42,10.38,166.58,666.00,-179.45,12.99,65.57,-124.94,138.45,157.75,164.94,179.20,666.00,36.64,22.32,24.29,-157.76
41.60,-1.24,102.42,11.73,166.58,666.00,-179.45,27.08,66.92,-125.83,139.54,156.23,166.86,177.39,666.00,37.02,20.72,23.20,-158.86
41.74,-4.70,102.29,11.45,166.91,666.00,-179.58,28.16,68.88,-126.16,135.00,154.88,160.89,176.04,666.00,37.06,21.14,21.10,-159.73
41.87,-5.77,102.42,11.84,166.58,666.00,-179.45,28.12,69.10,-127.25,129.17,150.29,151.49,172.17,666.00,37.09,24.19,24.88,-159.84
42.00,-6.05,102.18,11.88,164.20,666.00,-179.64,26.93,68.36,-125.77,116.68,146.45,135.88,170.33,666.00,36.52,27.57,24.04,-159.73
42.13,-4.53,101.74,9.87,162.70,666.00,-179.40,24.97,67.83,-125.45,96.77,130.90,102.14,159.24,-47.66,31.25,31.94,27.04,-161.01
42.26,-4.65,101.84,9.31,163.42,666.00,-179.29,27.19,67.16,-125.91,75.50,111.07,64.14,135.64,-64.35,22.43,32.03,37.52,-163.67
42.38,-4.84,101.63,8.64,167.34,666.00,-179.39,24.04,67.38,-126.81,39.27,97.60,38.42,107.80,-164.01,-75.94,33.67,29.90,-164.07
42.51,-6.31,101.83,8.96,171.89,666.00,-179.48,27.13,68.46,-129.94,20.26,69.28,26.58,51.00,666.00,-78.76,16.64,19.83,-168.65
42.64,-2.48,102.40,9.09,-178.82,44.11,-179.80,34.69,70.14,-131.52,12.26,42.99,22.93,27.73,666.00,-13.36,12.75,28.31,-173.94
42.77,-1.82,103.08,10.22,-177.88,42.52,-179.82,32.61,70.48,-131.24,5.00,32.14,21.13,20.03,666.00,-18.01,12.55,8.68,-179.90
42.93,-0.55,103.34,9.64,-179.01,666.00,179.97,15.33,69.96,-129.13,-1.01,19.84,20.16,12.63,666.00,-21.75,14.47,15.40,178.68
43.22,2.13,103.67,9.44,176.69,666.00,-179.79,16.24,68.71,-126.91,-2.17,20.37,20.11,12.30,666.00,-20.75,18.28,7.34,-177.58
43.35,2.20,103.35,9.91,169.26,666.00,-179.71,17.33,67.50,-125.74,-1.73,17.76,19.36,8.81,666.00,-22.29,20.19,18.37,-179.87
43.48,2.35,103.35,10.13,169.26,666.00,-179.71,22.15,68.58,-126.14,-1.28,18.87,19.08,9.53,666.00,-21.35,24.35,18.22,177.89
43.65,1.85,103.09,10.03,172.13,666.00,-179.56,16.00,69.17,-128.91,-0.72,18.69,19.21,9.78,666.00,-18.89,20.23,17.50,178.34
43.78,1.49,103.22,9.91,172.63,666.00,-179.69,9.98,70.10,-128.85,-0.63,16.61,20.29,8.44,666.00,-6.20,21.29,19.58,-178.22
43.92,1.24,103.44,9.71,168.82,666.00,-179.81,20.19,70.48,-129.10,-1.08,14.49,20.72,8.11,666.00,5.46,22.69,22.34,177.71
44.05,1.00,103.45,9.50,166.95,666.00,-179.75,19.90,69.57,-128.64,-1.11,13.47,20.64,7.30,666.00,10.24,22.95,21.91,179.89
44.18,1.19,103.58,9.41,166.65,666.00,-179.62,20.10,69.24,-127.61,-1.24,15.88,23.93,5.32,666.00,-2.08,27.14,16.52,172.09
44.31,1.64,103.45,9.51,165.10,666.00,-179.70,20.40,69.14,-127.66,-1.18,16.12,21.93,4.96,666.00,-5.13,26.86,17.31,171.58
44.43,1.23,103.35,9.34,163.66,666.00,-179.55,21.03,69.54,-127.62,-0.44,16.04,21.86,4.78,666.00,-4.80,24.89,18.63,170.62
44.57,1.36,103.24,9.36,161.32,666.00,-179.37,20.54,69.18,-127.48,-0.10,15.95,21.03,4.57,666.00,-4.26,23.71,19.72,171.05
44.70,1.18,103.13,9.31,160.67,666.00,-179.48,20.56,68.79,-127.83,-0.11,15.87,20.93,4.67,666.00,-4.12,23.73,19.72,171.05
44.93,0.90,103.01,9.26,161.93,666.00,-179.41,19.86,68.60,-128.88,1.01,19.54,21.71,5.14,666.00,-2.56,23.62,18.02,171.12
45.07,0.73,103.01,9.23,161.93,666.00,-179.41,22.23,68.87,-129.79,1.40,19.54,21.29,5.14,666.00,-2.56,23.22,18.02,171.12
45.20,0.64,103.00,9.23,163.78,666.00,-179.46,26.25,68.69,-129.83,1.53,19.50,21.43,5.24,666.00,-3.00,23.22,17.97,169.77
45.33,0.97,103.12,9.50,164.32,666.00,-179.58,20.06,68.69,-129.83,2.06,19.62,23.59,5.39,666.00,-3.09,24.12,17.97,169.77
45.46,1.64,103.23,9.92,164.97,666.00,-179.48,20.41,68.90,-130.32,1.87,20.43,22.68,5.05,666.00,-1.76,23.66,17.68,170.86
45.59,1.65,103.23,9.92,164.97,666.00,-179.48,19.98,68.90,-130.32,1.85,20.44,22.89,5.03,666.00,-1.43,23.72,17.66,170.53
45.72,1.69,103.23,9.96,164.97,666.00,-179.48,19.87,68.85,-130.50,2.16,20.46,22.90,5.01,666.00,-1.11,23.51,17.58,170.51
45.85,1.61,103.23,9.90,164.97,666.00,-179.48,19.79,68.67,-130.54,2.09,20.61,23.16,5.00,666.00,-1.09,23.91,17.43,170.50
45.99,0.97,103.23,9.77,164.97,666.00,-179.48,19.76,68.74,-130.66,2.24,20.60,23.01,5.03,666.00,-1.42,24.25,17.72,170.34
46.11,1.01,103.23,9.78,164.97,666.00,-179.48,21.20,68.53,-131.19,2.19,20.74,25.47,5.08,666.00,-2.07,25.60,18.01,172.23
46.25,0.90,103.35,9.86,163.66,666.00,-179.55,20.22,68.28,-134.72,3.04,21.77,24.25,5.40,666.00,-7.37,23.30,17.35,174.23
46.37,0.51,103.36,10.04,161.86,666.00,-179.49,20.53,67.72,-137.34,2.89,24.23,24.32,6.97,666.00,-16.13,22.96,15.39,175.42
46.50,0.99,103.24,10.40,161.32,666.00,-179.37,27.05,67.31,-137.23,2.81,27.36,25.02,9.20,666.00,-27.92,23.85,11.62,168.45
46.63,1.50,103.36,10.60,160.10,666.00,-179.44,19.46,67.10,-136.41,3.02,28.68,25.41,9.72,666.00,-29.66,23.77,13.10,-178.06
46.76,1.40,103.36,10.59,160.10,666.00,-179.44,19.15,67.10,-136.41,3.15,28.64,25.31,10.56,666.00,-30.23,15.96,13.56,-179.13
46.89,1.84,103.36,10.77,160.10,666.00,-179.44,11.23,67.73,-135.65,4.12,28.21,23.83,10.47,666.00,-29.44,20.96,13.75,-178.77
47.02,1.09,103.49,10.14,161.62,666.00,-179.36,23.66,67.95,-135.42,3.73,27.82,23.78,10.28,666.00,-29.50,15.44,12.05,178.23
47.15,0.99,103.36,10.18,161.86,666.00,-179.49,22.30,68.24,-134.44,4.03,27.69,21.82,10.44,666.00,-29.57,19.84,10.30,168.65
47.28,0.58,103.46,10.10,162.51,666.00,-179.39,20.44,68.65,-131.14,4.29,24.61,21.72,7.73,666.00,-18.37,19.28,14.28,172.70
47.41,0.88,103.59,10.20,161.27,666.00,-179.46,20.23,68.55,-131.50,4.08,24.68,22.66,7.15,666.00,-17.87,20.12,13.99,170.25
47.54,1.45,103.59,10.38,161.27,666.00,-179.46,19.29,67.94,-136.14,3.55,24.85,25.29,7.20,666.00,-17.89,23.30,13.82,170.13
47.66,1.53,103.46,10.40,162.51,666.00,-179.39,19.66,67.56,-137.28,3.49,24.67,24.71,7.35,666.00,-18.08,23.65,14.02,169.71
47.79,1.26,103.58,10.29,163.03,666.00,-179.51,14.48,67.23,-137.25,3.93,24.80,23.74,7.51,666.00,-18.15,21.21,14.18,168.45
47.92,1.36,103.58,10.27,164.83,666.00,-179.57,18.04,67.42,-136.91,3.80,24.74,24.68,7.66,666.00,-18.59,20.44,13.95,168.16
48.05,2.01,103.45,10.43,165.10,666.00,-179.70,17.95,67.69,-136.65,3.77,24.61,26.31,7.82,666.00,-18.67,24.28,13.82,167.80
48.18,1.58,103.45,10.31,165.10,666.00,-179.70,13.61,68.11,-135.08,3.61,24.83,24.98,6.99,666.00,-15.88,22.45,14.33,170.12
48.31,1.41,103.58,10.28,166.65,666.00,-179.62,15.15,68.26,-134.74,3.38,24.91,24.86,6.99,666.00,-16.24,23.47,14.38,168.92
48.45,1.33,103.45,10.28,166.95,666.00,-179.75,17.39,67.72,-134.65,3.90,25.08,23.72,7.04,666.00,-13.49,21.89,13.30,169.37
48.58,1.13,103.47,10.23,166.02,666.00,-179.72,18.16,67.53,-134.46,5.49,28.73,21.36,6.98,666.00,-10.69,22.47,9.31,169.90
48.74,0.62,103.21,10.40,166.61,666.00,-179.99,20.24,67.30,-134.68,11.99,30.31,20.13,7.63,666.00,-9.90,13.30,12.05,169.14
48.89,0.08,102.99,10.26,164.60,666.00,-179.71,27.05,67.46,-134.34,20.49,40.92,20.04,9.19,666.00,-5.18,24.08,10.34,171.68
49.01,-2.54,102.42,9.66,159.68,666.00,-179.50,18.42,67.94,-131.17,37.99,61.35,22.39,17.16,666.00,1.38,27.22,9.94,174.47
49.16,-3.70,101.97,7.75,157.07,666.00,-179.47,19.70,67.63,-129.44,40.15,83.41,37.88,49.79,-174.49,-79.91,57.80,0.54,177.97
49.30,-1.47,101.75,7.91,156.78,666.00,-179.26,21.64,67.46,-129.79,73.16,102.88,65.53,155.30,-64.65,16.24,66.22,12.61,-178.22
49.44,-1.70,101.86,7.98,161.29,666.00,-179.47,21.65,67.71,-129.86,131.89,103.03,162.16,151.93,666.00,16.48,15.34,40.07,178.33
49.58,-1.23,102.41,8.58,165.47,666.00,-179.65,10.29,68.07,-129.09,141.12,149.10,170.86,-179.72,666.00,31.49,19.30,15.85,-167.56
49.72,0.45,102.64,9.48,166.70,5.53,-179.67,33.45,68.23,-126.31,145.31,160.79,172.87,-176.97,666.00,33.89,21.62,15.57,-162.86
49.85,1.61,102.66,9.85,165.72,8.34,-179.65,31.16,66.76,-124.35,145.13,162.38,172.68,-176.70,666.00,36.55,23.32,24.68,-161.18
49.99,2.39,102.77,10.41,164.45,666.00,-179.49,27.73,66.11,-124.02,148.22,162.02,177.85,-177.22,666.00,37.02,15.08,26.67,-162.17
50.15,2.16,102.65,10.46,163.90,666.00,-179.37,27.28,65.98,-124.58,147.58,161.04,177.03,-178.73,666.00,37.77,14.97,25.73,-162.42
50.31,1.35,102.55,11.07,163.21,666.00,-179.47,26.29,67.58,-124.75,145.12,159.98,162.50,179.66,63.75,38.26,31.82,24.80,-162.01
50.45,0.86,102.55,11.17,161.31,666.00,-179.42,16.40,68.79,-124.38,146.18,159.53,170.93,178.62,666.00,39.00,21.27,25.17,-161.62
50.58,0.73,102.55,11.04,161.31,666.00,-179.42,27.75,68.44,-124.55,145.95,159.27,170.25,177.85,666.00,39.98,22.50,26.06,-160.73
50.71,0.62,102.55,11.15,163.21,666.00,-179.47,25.45,67.99,-125.00,146.09,159.23,170.77,177.37,666.00,39.93,21.78,26.36,-161.18
50.83,0.55,102.52,11.28,164.18,666.00,-179.50,10.93,66.61,-125.72,145.86,159.04,170.53,176.72,666.00,39.83,22.06,27.02,-161.32
50.96,0.51,102.54,11.37,165.16,666.00,-179.52,26.35,66.62,-126.03,144.20,158.76,168.76,175.91,666.00,40.05,25.33,27.90,-161.32
51.10,0.30,102.65,11.13,165.83,666.00,-179.42,28.33,66.79,-126.20,141.37,158.82,169.29,175.57,666.00,36.56,25.81,28.86,-156.55
51.23,0.11,102.64,10.48,164.74,666.00,-179.62,9.32,67.05,-127.10,140.13,157.95,175.44,176.55,666.00,17.86,25.63,31.09,-160.75
51.37,-0.06,102.77,10.01,166.39,666.00,-179.54,7.93,67.03,-128.11,139.04,157.45,175.94,176.69,666.00,13.90,27.55,33.54,-149.76
51.49,-0.17,102.86,9.76,167.91,666.00,-179.69,6.57,66.93,-128.57,138.85,155.85,176.05,176.72,666.00,12.79,27.71,35.49,-150.53
51.62,-0.39,102.76,9.71,167.25,666.00,-179.80,12.34,67.29,-128.70,137.86,154.93,171.89,176.03,666.00,18.22,27.96,35.98,-147.00
51.75,-0.61,102.77,9.94,166.39,666.00,-179.54,12.93,67.11,-128.52,140.28,154.50,167.53,175.41,666.00,27.98,29.12,35.20,-156.30
51.87,-0.76,102.87,10.20,165.96,666.00,-179.64,9.39,66.78,-127.91,141.50,154.12,163.54,175.71,69.85,47.23,35.00,33.37,-170.62
52.04,-0.83,103.09,10.16,167.15,666.00,-179.66,10.62,66.40,-128.38,141.69,153.81,162.90,175.42,73.98,57.82,35.31,32.59,-170.56
52.26,-0.94,103.00,10.05,167.58,666.00,-179.56,10.74,67.00,-128.81,141.42,153.53,162.28,175.05,74.11,57.02,35.66,32.23,-171.45
52.40,-1.03,103.00,9.97,167.58,666.00,-179.56,10.84,67.35,-128.82,140.51,153.26,161.86,174.89,69.32,56.96,34.63,32.26,-171.53
52.53,-1.09,103.00,10.04,167.58,666.00,-179.56,12.70,67.18,-129.17,139.66,153.48,164.21,173.89,52.89,47.64,30.80,35.07,-165.18
52.67,-0.54,103.12,8.68,168.11,666.00,-179.69,9.31,66.85,-129.46,133.76,153.32,172.32,174.87,-0.79,15.92,38.25,37.39,-174.22
52.80,-0.37,103.00,7.98,167.58,666.00,-179.56,19.40,66.64,-129.98,133.20,152.54,171.62,173.35,-2.89,3.14,38.18,45.88,-157.03
52.93,-0.76,103.00,9.17,167.58,666.00,-179.56,6.97,66.93,-130.10,133.00,151.67,171.75,173.08,-1.25,5.45,38.42,45.59,-158.04
53.06,-0.21,102.86,7.94,167.91,666.00,-179.69,13.87,66.69,-130.20,132.59,150.63,170.96,173.35,0.24,5.71,38.86,46.07,-157.45
53.19,-0.88,102.76,8.85,169.23,666.00,-179.85,9.61,66.47,-130.43,131.89,150.05,170.25,173.17,1.08,6.03,39.08,45.65,-157.71
53.32,-1.06,102.86,9.10,169.88,666.00,-179.74,19.68,66.62,-131.09,130.84,149.12,169.13,172.42,1.15,5.68,38.28,44.96,-158.60
53.45,-1.29,102.86,9.62,169.88,666.00,-179.74,7.85,66.76,-131.32,130.05,148.62,168.03,171.77,1.83,5.62,38.76,44.82,-158.35
53.57,-1.35,102.63,9.62,170.71,666.00,-179.77,19.76,66.76,-131.32,130.39,147.67,166.89,171.29,2.85,5.35,38.93,45.72,-158.17
53.70,-1.42,102.63,9.47,170.71,666.00,-179.77,7.44,66.60,-131.67,123.62,145.91,155.07,169.98,11.18,4.87,44.02,48.21,-157.33
53.83,-1.73,102.64,9.84,168.69,666.00,-179.72,12.90,66.53,-131.55,117.17,143.71,147.35,169.22,7.89,4.64,41.96,48.54,-158.40
53.99,-1.39,102.64,8.49,168.69,666.00,-179.72,22.69,66.33,-131.07,106.32,132.02,120.75,162.04,-75.10,5.28,37.00,48.80,-159.26
54.12,-1.97,102.41,8.94,165.47,666.00,-179.65,24.10,66.28,-131.38,80.39,113.69,73.53,143.56,-71.67,3.44,31.29,38.00,-165.19
54.25,-1.88,102.41,8.79,167.47,666.00,-179.70,15.06,66.60,-132.80,56.61,95.44,43.92,104.00,666.00,-89.96,9.43,43.16,-166.21
54.40,-4.44,102.86,9.70,177.05,666.00,-179.70,20.41,67.11,-134.18,15.86,76.72,24.03,61.39,666.00,-84.89,17.56,18.39,-173.66
54.54,-3.45,103.11,10.71,-177.99,41.51,179.95,33.13,68.15,-135.88,11.21,49.17,22.25,27.93,666.00,-11.13,8.08,8.62,-175.08
54.66,-2.73,103.44,11.15,-175.66,666.00,179.77,29.90,68.32,-136.24,5.16,31.38,21.18,13.88,666.00,-12.15,14.82,27.31,-172.25
54.80,-0.69,103.89,10.45,-178.52,666.00,-179.93,24.99,68.42,-135.17,-2.66,18.73,27.84,4.82,666.00,-9.11,27.70,12.58,-166.43
55.05,0.55,104.35,10.23,174.91,666.00,-179.96,20.73,68.06,-132.31,-1.70,18.31,25.22,4.33,666.00,-8.51,24.96,12.86,-166.52
55.18,1.11,104.25,9.97,171.74,666.00,-179.74,21.99,67.77,-130.59,-1.36,18.58,22.26,4.25,666.00,-7.89,22.55,13.32,-168.32
55.31,1.08,104.25,9.93,171.74,666.00,-179.74,18.38,67.93,-129.24,-0.55,19.41,22.04,5.29,666.00,-6.54,21.41,13.45,-169.29
55.44,1.23,104.15,10.10,174.02,666.00,-179.70,23.23,68.07,-129.61,-0.48,18.68,20.92,5.50,666.00,-5.17,19.71,14.53,-169.58
55.57,1.24,104.02,10.16,176.25,666.00,-179.89,21.66,68.01,-129.66,-1.13,15.43,21.07,6.15,666.00,13.20,19.88,21.78,-171.21
55.70,1.10,104.02,9.66,178.12,666.00,-179.94,20.96,68.45,-129.33,-1.78,14.13,21.52,6.84,666.00,12.51,20.09,22.57,-171.74
55.83,0.97,104.02,9.19,180.00,666.00,-180.00,12.54,68.53,-129.57,-2.42,13.61,22.08,6.24,666.00,10.71,21.74,21.15,-170.58
55.96,1.04,104.02,9.09,180.00,666.00,-180.00,20.60,68.31,-129.68,-2.57,13.37,22.88,4.36,666.00,4.36,23.47,20.22,-171.55
56.09,1.11,104.15,9.09,178.55,666.00,179.93,20.70,68.41,-129.22,-3.17,13.47,24.16,3.94,666.00,3.58,26.08,19.92,-171.86
56.21,1.20,104.02,9.52,176.25,666.00,-179.89,19.21,68.41,-129.22,-3.46,14.33,23.62,3.89,666.00,3.35,26.81,19.54,-173.04
56.34,1.28,104.12,9.66,175.76,666.00,-179.99,17.87,68.41,-129.22,-3.53,14.94,22.79,4.66,666.00,3.18,26.36,19.14,-173.11
56.47,1.23,104.12,9.68,177.61,666.00,179.96,17.54,68.37,-128.39,-3.46,15.06,22.21,4.72,666.00,2.73,25.62,18.82,-173.31
56.60,1.17,104.12,9.65,177.61,666.00,179.96,17.53,68.51,-128.75,-3.49,15.08,21.98,4.55,666.00,3.22,25.55,18.63,-173.34
56.72,1.11,104.15,9.67,178.55,666.00,179.93,17.36,68.51,-128.75,-3.61,15.07,21.78,4.25,666.00,2.66,25.50,18.46,-173.86
56.85,1.13,104.02,9.66,178.12,666.00,-179.94,18.12,68.51,-128.75,-3.65,14.95,22.73,4.11,666.00,2.76,25.06,18.24,-173.65
56.98,-1.32,104.02,9.69,178.12,666.00,-179.94,18.54,68.51,-128.75,-6.15,14.94,21.03,4.12,666.00,2.43,25.77,17.97,-174.02
57.11,-1.53,104.02,9.50,178.12,666.00,-179.94,17.65,68.51,-128.75,-6.24,14.95,20.96,4.11,666.00,2.76,26.29,17.89,-173.39
57.24,0.47,104.02,9.40,178.12,666.00,-179.94,17.53,68.51,-128.75,-3.72,15.59,21.02,4.11,666.00,2.46,25.32,18.01,-173.15
57.37,0.70,104.02,9.53,178.12,666.00,-179.94,17.29,68.51,-128.75,-2.21,15.59,22.33,4.11,666.00,2.46,24.88,18.91,-172.02
57.49,0.70,103.89,9.65,176.63,666.00,179.98,17.27,68.51,-128.75,-0.61,-150.64,21.29,176.23,666.00,3.73,22.50,170.01,-175.45
57.62,0.26,103.77,10.25,176.19,666.00,-179.89,17.74,68.51,-128.75,1.57,27.81,19.86,6.30,61.24,-3.32,33.44,16.08,-171.81
57.75,-0.22,103.44,10.76,175.66,666.00,-179.77,18.65,67.76,-129.18,9.30,32.20,20.60,6.31,666.00,-0.94,25.43,17.00,-172.61
57.87,-2.09,103.21,10.70,174.59,666.00,-179.74,20.51,67.76,-129.18,16.04,31.99,18.59,6.18,666.00,-0.73,25.51,27.05,-176.21
58.00,-5.38,102.99,11.28,173.50,666.00,-179.72,22.27,66.90,-129.68,23.11,53.52,16.43,9.88,-176.87,2.86,33.66,15.17,-174.27
58.14,-5.44,102.53,9.79,173.26,666.00,-179.72,20.43,66.86,-129.86,34.75,74.79,21.06,22.93,-179.57,7.41,44.00,10.37,-172.34
58.26,-2.97,102.28,8.31,173.13,666.00,-179.73,20.69,67.01,-130.52,61.91,95.34,49.02,135.34,-58.81,13.90,47.98,5.53,-168.94
58.39,-3.68,102.28,7.61,173.13,666.00,-179.73,16.77,67.03,-130.82,105.14,105.78,138.65,165.91,666.00,17.88,1.55,17.23,-170.34
58.52,-1.95,102.40,7.28,173.66,666.00,-179.85,17.45,67.12,-130.46,121.34,125.89,153.27,177.82,666.00,23.28,12.92,18.19,-169.95
58.65,-3.55,102.63,9.33,174.81,666.00,-179.87,16.18,67.60,-129.53,130.73,137.97,160.38,-179.03,666.00,25.87,14.72,14.84,-170.81
58.77,-1.55,102.98,12.15,176.40,666.00,179.98,17.32,67.68,-128.94,143.17,154.59,170.36,-175.73,666.00,31.98,10.35,17.66,-168.27
58.91,-1.57,103.09,12.56,176.99,666.00,-179.92,23.47,66.87,-127.72,149.51,166.10,177.37,-174.00,666.00,33.82,13.54,14.51,-165.55
59.04,-0.67,102.98,15.34,178.42,666.00,179.92,22.41,66.20,-127.39,150.04,168.31,177.73,-173.95,666.00,34.47,16.39,22.24,-162.67
59.17,-0.53,102.86,14.65,175.91,666.00,-179.90,22.14,65.33,-126.47,149.98,167.61,177.40,-174.42,666.00,36.42,14.24,24.43,-162.83
59.31,-0.85,102.76,14.27,176.45,666.00,-179.80,21.15,66.22,-126.39,146.93,165.79,173.88,-176.02,666.00,37.38,18.77,25.27,-163.10
59.44,-2.11,102.51,14.09,174.29,666.00,-179.75,16.73,66.76,-126.48,145.79,165.23,167.94,-176.50,666.00,37.02,22.02,23.95,-163.17
59.58,-3.06,102.40,12.93,173.66,666.00,-179.85,17.63,67.83,-126.36,145.87,165.14,165.94,-176.34,666.00,36.96,22.63,22.78,-164.12
59.71,-3.12,102.41,12.12,172.73,666.00,-179.60,19.19,67.78,-126.24,146.81,164.78,166.42,-179.32,666.00,38.84,21.42,24.72,-161.46
59.84,-2.67,102.31,12.36,171.15,666.00,-179.45,15.01,66.88,-126.02,147.42,164.42,166.66,179.84,666.00,38.65,21.11,24.42,-162.33
59.97,-2.70,102.31,12.13,171.15,666.00,-179.45,21.36,66.59,-126.12,147.00,164.30,164.80,178.94,666.00,39.17,22.97,24.17,-162.32
60.11,-2.64,102.31,11.72,171.15,666.00,-179.45,13.36,66.33,-125.93,147.15,164.53,164.44,178.25,666.00,39.32,23.82,24.30,-161.86
