Timestamp,Kinect left shoulder flex.-ext.,WISE left shoulder flex.-ext.,Kinect left shoulder abd.-add.,WISE left shoulder abd.-add.,Kinect left shoulder int.- ext.,WISE left shoulder int.- ext.,Kinect left elbow flex.-ext.,WISE left elbow flex.-ext.,WISE left forearm pro.- sup.,Kinect right shoulder flex.-ext.,WISE right shoulder flex.-ext.,Kinect right shoulder Abd.-Add.,WISE right shoulder abd.-add.,Kinect right shoulder int.-ext.,WISE right shoulder int.-ext.,Kinect right elbow flex.-ext.,WISE right elbow flex.-ext.,WISE right forearm pro.-sup.
0.00,-2.18,101.58,5.00,-168.94,666.00,-179.42,22.97,69.11,-147.34,-2.08,25.36,16.46,6.82,7.66,8.76,70.18,80.01,162.36
0.20,-1.11,101.48,0.82,174.75,666.00,-178.97,19.89,68.93,-144.48,-0.73,25.22,15.17,7.12,6.46,11.86,69.62,77.88,121.95
0.34,-1.83,101.25,3.91,169.94,666.00,-179.11,20.52,69.03,-142.00,-7.55,24.69,19.10,7.31,10.76,10.86,77.73,78.29,125.51
0.46,-1.82,101.06,5.00,165.19,666.00,-179.03,20.59,69.16,-141.24,-8.22,24.02,17.57,6.93,11.16,10.88,79.14,78.03,126.31
0.60,-2.12,100.93,5.59,162.10,666.00,-179.32,22.02,69.21,-141.07,-8.47,23.69,16.75,6.67,10.37,10.66,79.02,77.97,132.38
0.74,-2.05,100.70,6.67,159.43,666.00,-179.51,21.93,68.89,-140.19,-3.23,23.09,14.14,6.40,6.85,9.97,72.72,78.35,136.37
0.86,-1.28,101.28,6.14,164.17,666.00,-179.46,22.35,68.66,-140.43,-1.38,23.26,13.05,6.57,4.25,9.15,67.96,78.60,135.85
0.99,-1.21,101.06,5.22,166.42,666.00,-178.82,23.56,68.36,-140.82,-1.34,21.55,12.63,5.19,4.47,8.54,69.22,78.01,132.92
1.12,-0.90,101.62,5.14,163.23,666.00,-179.07,23.85,68.18,-138.26,-0.85,21.12,12.61,4.58,4.33,8.81,68.34,78.71,132.75
1.25,-0.87,101.50,5.14,164.36,666.00,-179.68,23.95,68.83,-134.11,-1.01,20.84,12.97,5.48,5.17,8.15,68.11,78.02,133.81
1.37,-0.11,101.03,4.23,164.73,666.00,-179.94,23.77,68.99,-133.76,-2.19,19.54,14.84,6.82,4.80,8.68,68.43,78.66,134.80
1.50,0.20,100.09,3.39,170.73,666.00,179.68,20.38,70.28,-140.59,-2.28,18.68,17.12,7.87,7.13,7.61,70.40,78.62,135.54
1.63,0.04,99.51,1.27,176.04,666.00,179.02,21.03,70.19,-142.50,-7.29,19.10,19.33,9.41,9.59,8.01,75.36,79.52,136.96
1.75,-0.29,98.96,1.08,-174.37,666.00,179.47,20.78,69.20,-141.54,-6.34,20.29,21.47,9.71,10.10,8.26,76.11,78.53,137.72
1.89,-0.30,98.83,0.98,-166.08,666.00,179.95,21.19,69.20,-141.54,-3.77,20.31,16.62,9.43,1.96,7.23,68.65,79.26,137.81
2.02,-0.50,98.71,0.95,-166.56,666.00,-179.93,22.24,67.04,-138.51,-4.39,20.74,17.21,9.96,1.59,9.23,68.08,78.97,138.41
2.14,-0.67,98.95,0.62,-176.29,666.00,178.58,21.42,70.02,-143.25,-4.45,21.08,17.14,11.59,0.94,10.72,67.59,78.78,137.71
2.27,-0.98,98.61,0.44,-176.82,666.00,178.70,21.07,71.22,-144.39,-1.38,19.77,19.74,12.23,4.81,9.79,70.41,79.07,137.89
2.40,-1.04,99.08,0.43,-168.49,666.00,178.59,20.56,71.21,-143.97,-0.89,19.35,20.50,12.56,8.92,7.21,71.32,78.47,137.97
2.53,-0.43,99.44,0.37,-162.75,666.00,179.07,20.07,70.32,-145.91,-4.95,20.07,16.94,12.58,1.38,6.80,67.32,78.80,138.73
2.66,-0.45,99.44,1.09,-158.91,666.00,179.24,20.90,69.27,-145.56,-5.82,21.26,17.49,12.57,-0.42,8.01,66.69,78.51,139.62
2.80,0.01,99.96,1.19,-150.29,666.00,178.59,21.77,66.78,-142.37,-6.15,21.55,18.42,13.66,-0.65,8.30,66.24,78.61,139.89
2.93,-0.85,100.39,1.50,-154.41,666.00,178.63,22.48,66.68,-140.94,-4.20,22.51,17.88,12.53,2.45,10.08,68.18,78.00,139.23
3.08,-1.71,100.91,1.61,-161.87,666.00,179.78,21.40,70.45,-148.35,-6.16,22.70,23.23,11.64,8.18,9.24,79.08,78.66,136.87
3.23,-0.75,101.59,1.37,-173.84,666.00,179.76,20.96,70.84,-145.60,-4.44,22.60,20.19,12.26,3.59,10.04,69.57,78.56,136.84
3.36,9.05,102.99,-0.33,-166.50,666.00,179.76,13.38,69.86,-143.47,-8.13,19.33,19.97,12.46,-2.99,6.24,72.36,75.80,140.34
3.64,9.53,101.53,2.44,-159.54,666.00,178.88,15.33,70.98,-151.04,-7.43,16.69,15.87,12.18,-10.18,4.48,71.99,75.78,142.31
3.77,7.90,101.21,-2.55,-159.98,666.00,177.87,7.98,73.04,-149.27,-6.06,17.84,15.82,10.14,-7.06,2.99,70.54,75.08,157.92
3.90,8.39,101.12,4.87,-158.30,666.00,177.73,19.73,72.74,-148.81,-7.02,18.31,15.81,9.89,-6.25,2.22,71.15,74.50,158.79
4.03,10.49,101.26,6.83,-154.29,666.00,177.28,22.80,71.92,-150.03,-7.57,18.36,16.74,9.87,-3.33,2.72,69.44,73.17,156.40
4.16,10.51,101.14,-2.77,-146.95,666.00,176.65,6.91,72.36,-150.54,-6.59,18.68,18.17,10.81,-0.71,3.55,65.74,72.28,156.99
4.32,8.20,101.08,5.05,-144.83,666.00,176.25,22.90,73.03,-151.24,-7.87,18.52,14.68,10.74,-6.26,3.51,61.70,71.76,162.80
4.45,5.58,100.50,1.71,-142.08,666.00,176.37,11.03,73.71,-152.92,-11.87,19.29,24.00,10.65,17.55,4.61,81.12,77.15,175.23
4.57,3.48,100.36,2.59,-142.09,666.00,176.51,16.11,72.71,-152.75,-13.19,25.81,31.01,11.49,30.88,30.24,89.21,75.99,-175.81
4.70,1.69,100.08,6.76,-140.21,666.00,177.42,22.16,69.88,-153.72,-1.62,28.36,27.03,10.83,37.77,41.21,67.35,82.45,-173.31
4.83,-4.74,99.96,11.27,-138.58,666.00,177.74,29.67,70.25,-154.94,-1.21,29.74,29.44,10.00,45.00,55.70,67.92,84.77,-172.83
4.95,-1.79,100.14,4.37,-137.45,666.00,178.38,24.21,71.72,-156.82,-1.51,29.92,30.76,9.54,46.59,55.00,67.40,84.95,-173.00
5.10,-2.63,100.34,4.31,-137.17,666.00,178.80,23.45,72.46,-157.12,-0.35,30.13,31.25,9.21,47.78,54.60,67.89,83.65,-172.85
5.23,-3.26,100.52,3.50,-141.21,666.00,179.35,23.16,72.62,-157.46,0.46,31.90,31.43,11.98,49.78,60.86,80.88,86.17,-168.14
5.36,-3.84,100.63,4.73,-147.75,666.00,-179.12,23.87,72.42,-157.04,1.98,33.70,30.43,9.03,49.39,60.72,79.90,85.64,-165.77
5.48,-4.69,100.73,6.41,-151.91,666.00,-178.46,25.65,72.26,-156.66,3.05,34.76,29.93,7.19,50.63,62.54,87.30,87.69,-160.83
5.61,-4.99,100.99,7.18,-157.60,666.00,-178.82,26.01,72.16,-156.58,3.63,35.83,29.83,5.24,50.48,66.47,78.96,87.29,-160.86
5.74,-5.35,100.89,7.00,-155.91,666.00,-178.96,27.44,71.95,-156.79,3.64,35.60,29.67,5.35,50.91,66.32,85.69,87.54,-162.80
5.87,-6.14,101.00,6.33,-153.82,666.00,-179.36,28.46,71.75,-158.73,3.73,35.47,29.76,5.39,49.89,65.51,78.97,87.06,-163.00
6.01,-6.21,100.77,6.20,-150.47,666.00,-179.42,28.50,72.08,-160.58,3.56,35.50,29.79,5.49,50.91,65.32,83.64,87.00,-162.85
6.16,-6.02,100.77,6.32,-150.47,666.00,-179.42,28.11,72.10,-161.03,3.03,35.46,29.41,5.60,50.50,64.88,91.61,86.68,-163.63
6.28,-5.29,100.77,5.45,-150.47,666.00,-179.42,27.27,72.38,-161.31,1.53,35.02,28.00,5.61,44.13,59.90,88.97,83.97,-165.04
6.43,-3.86,100.77,3.68,-150.47,666.00,-179.42,25.57,71.71,-161.50,0.82,34.07,26.38,8.66,21.91,33.91,74.83,83.30,-167.66
6.57,-3.65,100.89,3.66,-149.30,666.00,-179.34,25.45,71.66,-161.23,-2.25,33.17,25.99,9.38,-5.04,19.72,72.04,80.41,-169.10
6.71,-3.55,100.91,3.57,-148.52,666.00,-179.59,25.00,71.66,-161.23,-0.69,32.18,17.56,12.74,-29.68,-2.99,67.51,79.04,-171.31
6.83,-3.10,100.89,3.32,-147.52,666.00,-179.39,23.46,71.77,-160.49,-0.04,30.56,18.04,15.92,-49.05,-21.04,63.82,78.61,-172.82
6.96,-3.55,101.00,3.67,-148.28,666.00,-179.50,23.89,71.70,-159.14,0.06,29.18,19.56,19.88,-56.68,-32.43,66.64,77.77,-172.48
7.13,-3.69,100.88,3.76,-147.64,666.00,-179.61,23.79,71.74,-158.54,-1.07,28.15,20.57,21.54,-65.34,-36.45,64.88,76.31,-171.54
7.27,-3.20,100.91,4.51,-146.78,666.00,-179.64,22.98,71.52,-157.89,-1.76,26.42,20.89,24.14,-68.58,-41.98,65.69,75.92,-169.76
7.41,-3.36,100.91,4.00,-146.78,666.00,-179.64,22.52,71.23,-157.81,-1.85,24.97,20.93,25.93,-68.47,-55.40,65.82,73.64,-167.89
7.55,-3.48,100.77,3.72,-148.64,666.00,-179.46,22.19,71.15,-157.50,-1.88,25.57,20.90,25.59,-68.06,-54.29,65.71,73.43,-168.32
7.69,-3.21,100.91,3.25,-148.52,666.00,-179.59,21.38,71.22,-158.22,-1.89,25.71,20.94,25.91,-67.96,-54.05,65.75,72.78,-168.67
7.82,-3.07,100.79,2.79,-146.13,666.00,-179.75,20.91,71.18,-158.40,-1.93,25.17,21.11,26.16,-67.77,-54.29,65.79,72.81,-168.98
7.97,-3.23,100.91,2.89,-145.10,666.00,-179.68,21.42,71.61,-159.47,-2.07,25.16,21.22,25.89,-67.53,-54.08,65.76,72.97,-169.21
8.12,-2.87,100.91,4.24,-143.49,666.00,-179.72,21.38,71.92,-160.42,-2.38,25.09,21.43,26.06,-68.09,-53.66,65.89,72.74,-169.03
8.26,-3.71,100.82,3.63,-140.58,666.00,-179.91,21.84,72.08,-161.44,-2.52,24.53,21.52,26.37,-68.01,-53.85,66.00,72.83,-169.11
8.40,-3.45,101.05,4.88,-139.04,666.00,-179.99,23.15,72.16,-162.80,-2.97,24.55,21.70,26.61,-68.62,-54.32,66.08,72.89,-169.37
8.54,-3.97,100.97,4.62,-136.46,666.00,179.82,23.46,72.43,-163.49,-2.96,24.44,22.23,26.83,-68.59,-54.57,65.79,72.88,-169.67
8.68,-4.30,100.86,4.82,-134.65,666.00,91.72,23.97,72.64,-164.33,-3.35,24.11,21.90,26.78,-68.68,-54.46,66.19,72.51,-169.55
8.82,-4.53,100.77,5.13,-133.50,666.00,91.63,23.75,73.11,-165.00,-3.54,24.02,21.74,26.32,-68.22,-53.99,65.95,72.69,-169.80
8.96,-4.36,100.91,5.17,-133.58,666.00,91.54,25.66,73.05,-164.74,-3.60,24.22,21.65,26.36,-64.05,-54.01,65.69,72.60,-169.79
9.09,-4.55,100.76,5.13,-134.71,666.00,91.59,25.15,73.00,-164.48,-3.66,23.94,21.09,24.33,-52.20,-48.75,67.27,74.05,-170.45
9.22,-3.81,100.64,4.64,-136.70,666.00,179.54,24.55,72.32,-162.32,-4.17,24.10,19.36,20.76,-25.62,-25.80,60.86,75.99,-169.74
9.36,-3.32,100.37,4.13,-141.89,666.00,179.73,22.77,71.59,-160.74,-4.99,24.48,23.64,19.55,-2.90,-21.81,69.26,77.61,-171.53
9.49,-2.85,100.27,3.92,-142.04,666.00,179.63,22.83,71.42,-160.36,-2.89,27.06,33.67,14.53,29.59,9.12,91.54,81.48,-170.76
9.63,-3.98,100.27,4.77,-140.47,666.00,179.59,25.42,71.21,-161.21,-3.52,27.71,27.62,10.49,38.60,34.53,92.54,81.06,-170.49
9.76,-4.98,100.43,4.87,-136.19,666.00,179.33,27.25,71.97,-162.60,-2.41,27.01,26.96,8.26,42.41,48.14,83.80,83.81,-172.57
9.89,-5.12,100.33,3.84,-131.78,666.00,91.37,23.31,72.66,-163.92,-3.06,26.18,26.73,7.28,42.18,49.54,82.26,84.55,-172.67
10.10,-7.39,100.34,6.09,-130.66,666.00,91.41,24.66,73.11,-164.79,-3.80,25.59,26.48,5.98,44.12,49.99,72.47,83.90,-172.72
10.23,-6.83,100.14,5.83,-129.06,666.00,91.20,25.27,72.99,-164.67,-4.05,25.08,26.44,5.78,42.76,48.82,80.42,84.12,-172.18
10.36,-6.94,100.14,6.36,-129.06,666.00,91.20,23.25,73.07,-164.33,-4.21,25.61,26.33,5.49,45.15,48.22,82.19,83.70,-171.73
10.48,-5.80,100.11,5.47,-129.47,666.00,91.41,23.27,72.63,-163.89,-4.32,25.77,26.13,5.29,44.12,47.28,80.94,83.65,-171.71
10.61,-7.41,100.01,6.84,-129.47,666.00,91.27,25.71,72.65,-163.70,-4.47,25.72,25.83,5.55,43.99,47.30,81.15,83.57,-171.73
10.74,-5.93,100.01,5.54,-129.47,666.00,91.27,24.04,72.44,-163.91,-4.67,25.83,25.61,5.62,43.52,46.50,80.61,83.65,-171.77
10.86,-7.84,99.87,7.68,-129.36,666.00,91.36,28.04,72.44,-163.91,-4.61,25.79,25.40,5.35,44.13,45.61,80.93,83.62,-171.80
10.98,-6.87,99.87,6.59,-129.36,666.00,91.36,27.30,72.44,-163.91,-4.69,25.60,25.24,5.57,42.79,44.53,79.78,83.72,-171.95
11.11,-7.30,99.99,6.98,-130.02,666.00,91.25,29.94,72.44,-163.91,-4.64,25.74,25.09,5.96,40.62,43.85,77.94,83.67,-171.79
11.24,-7.16,100.10,6.76,-130.57,666.00,91.37,29.92,72.69,-164.16,-4.76,26.02,24.95,5.83,43.78,43.56,80.14,83.50,-171.74
11.36,-7.72,100.10,7.55,-130.57,-151.07,91.37,30.25,72.60,-164.49,-4.84,26.16,24.89,5.85,41.33,43.20,78.77,83.42,-171.68
11.49,-7.88,99.99,7.15,-130.02,-154.27,91.25,30.83,72.65,-164.76,-4.92,25.63,24.62,5.98,43.15,42.53,86.26,83.39,-172.65
11.63,-7.01,100.01,5.96,-129.47,666.00,91.27,27.76,72.67,-165.40,-4.62,25.10,23.78,5.81,41.34,38.36,86.06,82.74,-174.08
11.76,-5.68,100.00,5.02,-128.94,666.00,91.29,26.71,72.45,-165.80,-4.53,25.22,23.29,6.44,37.05,33.98,84.57,82.07,-174.53
11.88,-5.34,100.02,5.04,-128.41,666.00,91.31,25.23,72.58,-165.92,-4.24,25.42,22.55,7.37,25.67,25.15,75.68,81.77,-175.18
12.00,-9.72,100.03,9.47,-127.40,-148.63,91.35,34.60,72.55,-166.52,-4.22,25.19,20.72,8.38,6.37,10.41,71.68,81.35,-176.83
12.13,-6.02,100.00,6.08,-127.79,666.00,91.56,26.00,72.67,-166.64,-3.08,25.51,9.91,9.19,-30.47,4.56,86.46,80.40,-176.58
12.25,-6.59,100.09,6.45,-128.82,666.00,91.66,26.81,72.68,-166.45,-4.20,26.51,16.30,13.06,-36.26,-11.65,63.48,79.84,-176.47
12.38,-5.94,100.08,6.42,-129.90,666.00,91.62,26.46,72.44,-164.97,-3.46,26.40,17.27,15.60,-48.29,-20.13,68.02,79.05,-175.62
12.51,-5.87,100.08,5.41,-131.02,666.00,91.58,26.69,72.22,-164.53,-2.86,26.19,18.69,18.74,-57.15,-31.05,66.58,77.48,-174.71
12.64,-4.87,100.08,5.24,-131.02,666.00,91.58,24.49,71.89,-163.57,-2.72,25.41,20.22,21.11,-63.34,-35.31,65.32,75.95,-169.97
12.77,-4.78,100.17,5.27,-132.16,666.00,91.67,24.63,71.97,-163.24,-2.53,24.60,20.83,22.53,-64.05,-39.27,64.22,74.85,-167.01
12.90,-4.94,100.16,4.49,-133.38,666.00,91.63,24.33,71.99,-162.41,-2.33,24.66,21.16,22.55,-63.49,-38.97,64.00,74.70,-166.91
13.03,-5.75,100.14,5.53,-133.89,666.00,91.85,26.89,71.72,-161.72,-2.62,24.64,21.24,22.10,-62.96,-38.49,64.89,74.45,-167.44
13.16,-5.73,100.00,5.20,-132.57,666.00,91.98,26.82,71.75,-161.54,-2.73,24.30,21.55,21.87,-62.60,-37.38,64.53,74.37,-168.30
13.29,-4.71,100.73,4.75,-135.21,666.00,-178.91,22.16,72.49,-161.43,-1.94,24.59,21.02,20.88,-61.71,-36.27,65.01,74.49,-167.95
13.42,-4.26,100.61,4.83,-141.66,666.00,-178.81,18.36,74.79,-160.32,-1.74,25.09,20.09,19.86,-61.06,-33.25,65.33,74.48,-168.85
13.55,-3.51,100.17,5.79,-141.35,666.00,-178.99,15.60,75.31,-160.86,-2.58,25.51,19.72,20.96,-59.90,-31.22,65.66,74.40,-170.13
13.70,-2.31,99.93,3.88,-124.93,666.00,92.58,14.22,74.09,-164.72,-3.67,25.41,20.66,23.98,-59.32,-34.55,62.83,73.67,-169.29
13.96,8.20,100.05,-3.51,-124.64,666.00,92.51,10.54,71.48,-166.74,-7.07,25.94,24.12,24.38,-67.15,-33.18,58.98,73.90,-170.12
14.08,7.35,100.18,-3.37,-118.03,666.00,92.05,24.27,70.81,-164.81,-9.91,24.64,26.03,25.58,-70.24,-44.24,56.89,74.45,-171.33
14.21,-12.54,101.90,22.13,-117.98,58.19,92.48,73.56,71.96,-167.60,-11.00,24.54,28.52,27.15,-73.10,-48.57,59.50,74.09,-169.79
14.34,3.65,101.94,-2.23,-117.72,666.00,92.51,29.18,75.61,-172.07,-8.04,23.69,27.53,26.99,-69.08,-49.97,60.22,74.52,-169.84
14.48,5.53,101.39,-2.28,-118.71,666.00,92.03,22.29,75.93,-172.70,-10.23,24.06,15.15,25.88,-55.62,-46.78,82.94,75.19,-170.13
14.61,7.14,100.53,-3.39,-118.93,47.93,91.41,60.76,75.68,-172.05,-13.19,21.87,22.69,22.83,-13.71,-29.30,60.63,79.20,-172.76
14.74,0.81,100.09,6.06,-118.23,666.00,91.08,17.10,73.69,-166.02,-13.74,21.40,25.29,22.13,11.62,-24.41,77.70,79.64,-175.46
14.87,-11.06,99.01,17.19,-117.82,46.33,91.27,52.19,69.60,-166.12,-15.31,24.21,23.77,14.20,27.25,25.73,93.85,79.85,-175.67
14.99,1.75,98.75,6.94,-117.60,666.00,92.03,29.22,69.39,-165.27,-10.72,26.42,23.74,10.18,27.48,42.16,72.20,80.42,-175.69
15.12,9.90,98.30,-1.73,-118.28,666.00,92.46,8.85,69.21,-164.89,-12.31,26.22,25.44,8.65,28.21,49.25,71.50,80.70,-174.78
15.26,9.69,98.33,-0.89,-118.91,666.00,93.02,6.97,71.06,-164.23,-12.58,26.19,24.98,8.06,27.57,48.84,76.51,80.71,-173.52
15.38,8.35,98.33,-3.15,-119.70,666.00,92.99,3.16,73.03,-163.67,-12.71,26.83,25.10,8.16,28.05,47.72,63.77,80.78,-172.56
15.51,8.37,98.42,-3.81,-119.79,666.00,93.12,2.86,71.85,-164.39,-13.05,27.12,25.54,8.06,27.53,47.68,76.14,81.11,-172.27
15.64,8.08,98.42,-4.14,-118.99,666.00,93.15,3.64,71.49,-164.67,-12.51,27.31,25.15,7.69,27.45,47.92,75.95,81.33,-172.58
15.77,8.19,98.64,-4.39,-118.40,666.00,93.47,4.00,70.04,-164.69,-12.84,27.74,25.13,7.53,27.03,47.29,75.43,81.15,-172.64
15.89,8.78,98.55,-5.80,-116.91,666.00,93.40,3.15,70.17,-164.81,-13.20,27.48,25.84,7.55,27.46,46.97,74.90,81.38,-172.66
16.03,8.88,98.55,-6.30,-116.25,666.00,93.43,3.80,71.36,-165.56,-13.15,27.34,25.94,6.86,26.13,46.19,74.26,80.80,-173.19
16.17,6.78,98.57,-4.63,-114.72,666.00,93.51,4.57,72.26,-166.87,-13.53,27.08,25.85,6.41,26.70,44.15,74.35,80.72,-173.40
16.29,5.31,98.73,-0.54,-113.82,666.00,93.49,9.66,72.43,-167.26,-13.91,26.74,24.99,6.86,25.82,41.94,73.71,80.83,-173.31
16.43,8.15,98.75,-6.81,-113.55,666.00,93.52,3.25,73.10,-168.33,-13.85,25.43,23.61,6.55,21.26,37.09,72.17,80.77,-174.88
16.56,10.07,98.84,-4.45,-113.65,666.00,93.65,2.99,73.40,-168.84,-15.95,24.28,24.36,6.82,16.98,25.44,86.43,80.12,-177.08
16.70,10.51,98.88,-0.70,-113.50,666.00,93.44,10.13,73.52,-168.97,-16.63,24.12,24.39,8.12,-1.41,16.02,82.96,78.74,-177.96
16.83,6.65,98.90,-2.25,-113.25,666.00,93.47,7.90,73.52,-168.97,-7.18,24.75,16.10,10.76,-40.24,-4.02,82.23,78.55,-178.82
16.97,9.28,98.91,-7.84,-112.76,666.00,93.50,1.69,73.27,-168.72,-10.02,25.86,19.92,14.93,-52.54,-18.97,64.91,77.04,-178.64
17.09,9.07,99.00,-7.39,-112.85,666.00,93.63,1.67,73.27,-168.72,-9.74,26.07,20.66,17.17,-64.41,-26.56,61.56,77.94,-176.01
17.23,7.50,99.00,-5.17,-112.85,666.00,93.63,4.95,73.10,-168.33,-9.49,25.83,22.89,21.48,-73.64,-37.61,60.19,76.75,-172.96
17.37,7.66,98.99,-3.92,-113.34,666.00,93.60,5.86,72.68,-167.51,-9.63,24.74,22.93,23.34,-77.50,-41.69,59.23,75.79,-169.51
17.49,8.27,98.97,-4.79,-114.12,666.00,93.55,5.44,72.52,-166.93,-9.97,25.02,22.81,23.31,-79.00,-41.63,59.03,74.64,-166.76
17.63,8.25,99.11,-4.76,-114.87,666.00,93.43,5.17,72.20,-166.82,-9.64,25.31,22.83,23.24,-78.91,-41.43,59.10,74.26,-166.87
17.77,8.26,98.96,-5.08,-114.66,666.00,93.52,4.88,72.53,-166.74,-9.73,25.07,22.64,23.31,-79.03,-41.34,59.34,73.86,-166.63
17.89,-0.23,99.16,8.69,-115.12,54.78,93.78,32.45,72.90,-167.10,-9.57,25.22,23.04,23.39,-79.24,-41.63,59.21,73.70,-166.68
18.07,-6.93,99.31,14.65,-115.32,50.93,93.70,45.74,72.90,-167.10,-9.18,25.01,23.46,23.58,-79.36,-41.89,58.93,73.48,-166.75
18.19,-14.17,99.31,19.35,-115.32,47.41,93.70,55.16,73.04,-167.03,-7.32,25.09,24.00,23.56,-75.66,-41.55,58.65,73.45,-166.91
18.33,-11.98,99.31,19.89,-115.32,50.74,93.70,54.96,73.04,-167.03,-8.90,25.16,23.48,23.54,-78.12,-41.22,58.66,73.54,-166.88
18.47,-14.49,99.31,22.09,-115.32,50.67,93.70,58.48,73.04,-167.03,-8.90,24.45,22.59,22.80,-69.41,-39.82,60.17,74.18,-166.78
18.62,-13.60,99.29,21.37,-116.19,51.04,93.64,57.90,73.04,-167.03,-6.98,24.74,15.28,16.56,-54.15,-21.52,84.55,77.38,-168.28
18.84,7.31,99.29,-3.88,-116.19,666.00,93.64,8.53,73.04,-167.03,-5.95,25.25,15.56,15.35,-43.44,-14.01,81.98,79.41,-170.73
18.97,10.92,99.20,-8.30,-115.52,666.00,93.54,1.52,73.04,-167.03,-10.22,25.22,27.46,14.76,-4.58,-8.63,69.72,81.92,-171.30
19.09,10.47,99.44,-9.85,-115.80,666.00,93.59,3.97,73.04,-167.03,-11.61,26.89,26.69,12.60,12.99,12.82,83.74,84.73,-173.42
19.23,10.14,99.35,-9.00,-115.16,666.00,93.49,2.62,72.47,-168.96,-12.10,27.25,27.37,9.54,25.29,33.39,91.02,84.24,-174.24
19.36,12.39,99.47,-13.25,-114.97,666.00,93.65,10.86,72.55,-169.87,-12.64,27.82,28.91,8.89,27.52,47.34,80.90,87.12,-172.72
19.49,9.60,99.47,-7.19,-114.97,666.00,93.65,1.36,72.51,-169.42,-13.03,27.76,29.69,8.38,29.26,49.41,82.84,88.35,-171.21
19.63,9.72,99.59,-8.53,-115.44,666.00,93.54,1.65,72.51,-169.42,-13.51,27.24,30.13,7.92,29.93,52.80,82.93,88.38,-171.08
19.74,9.92,99.46,-9.02,-115.51,666.00,93.62,2.31,72.47,-168.96,-13.75,27.66,30.25,7.86,30.25,52.15,83.74,88.23,-170.33
19.90,9.90,99.59,-9.41,-115.99,666.00,93.51,2.51,72.29,-168.57,-13.97,28.10,30.38,8.20,30.42,51.51,83.78,88.45,-169.90
20.01,10.25,99.44,-8.25,-115.80,666.00,93.59,3.01,72.30,-168.38,-14.03,28.13,30.39,7.96,30.48,51.49,83.86,88.36,-169.83
20.16,10.28,99.44,-9.84,-115.80,666.00,93.59,1.14,72.23,-168.52,-14.02,27.91,30.34,7.87,30.87,51.23,83.81,88.66,-168.95
20.40,10.00,99.59,-9.42,-115.99,666.00,93.51,2.29,72.48,-168.77,-14.29,28.18,30.33,8.24,31.07,50.97,82.61,88.55,-168.78
20.53,8.93,99.59,-8.35,-115.99,666.00,93.51,1.35,72.40,-169.09,-14.82,28.14,30.16,8.09,30.88,50.81,83.13,88.29,-168.60
20.67,9.10,99.59,-9.19,-115.99,666.00,93.51,4.63,72.38,-169.30,-14.97,28.29,29.79,7.87,31.24,49.60,67.06,87.89,-168.69
20.79,9.29,99.59,-9.04,-115.99,666.00,93.51,4.56,72.30,-169.62,-14.10,28.26,28.98,7.69,24.58,48.29,72.91,86.05,-168.86
20.92,10.36,99.59,-10.33,-115.99,666.00,93.51,1.35,72.55,-169.87,-14.15,27.80,27.41,8.47,15.14,33.72,82.97,82.87,-170.97
21.05,8.68,99.59,-7.23,-115.44,666.00,93.54,3.22,72.73,-170.26,-16.94,27.32,25.50,9.65,-6.91,16.92,80.93,82.17,-172.88
21.20,9.31,99.62,-8.26,-115.16,666.00,93.57,2.14,72.73,-170.26,-7.46,26.90,15.97,11.50,-43.59,4.27,76.66,78.35,-170.62
21.34,8.61,99.71,-6.77,-115.24,666.00,93.71,5.88,72.73,-170.26,-10.15,26.32,21.61,13.30,-44.45,-10.90,58.39,77.02,-170.59
21.49,9.45,99.84,-6.94,-115.71,666.00,93.60,4.45,72.56,-169.68,-10.03,25.83,21.85,15.45,-60.04,-23.56,58.32,76.03,-171.26
21.61,10.40,99.94,-7.50,-116.06,666.00,93.73,2.09,72.52,-169.22,-10.17,25.71,22.42,19.12,-65.33,-31.04,57.25,75.00,-168.99
21.76,9.37,100.06,-4.99,-117.10,666.00,93.59,3.27,72.48,-168.58,-9.08,25.76,22.64,20.30,-68.08,-32.98,57.26,75.16,-168.27
21.90,7.74,99.78,-2.96,-117.02,666.00,93.74,5.77,72.06,-167.94,-7.80,26.12,23.56,20.51,-69.07,-35.02,57.18,74.84,-168.37
22.03,3.18,100.02,2.71,-117.89,666.00,93.76,22.25,72.02,-167.49,-7.51,26.97,24.04,22.21,-72.08,-37.44,57.21,73.98,-168.73
22.17,4.42,100.02,0.94,-117.89,666.00,93.76,15.01,72.16,-167.42,-7.65,27.43,24.25,22.99,-74.38,-38.99,57.03,73.36,-168.40
22.29,10.30,99.91,-5.34,-117.51,666.00,93.63,3.31,72.35,-167.41,-8.78,27.06,24.17,23.07,-77.59,-38.88,56.49,72.89,-166.97
22.44,10.01,99.91,-5.21,-117.51,666.00,93.63,3.64,72.28,-167.54,-8.84,26.96,24.27,22.90,-77.98,-38.56,56.19,72.59,-167.15
22.57,9.36,99.78,-4.39,-117.02,666.00,93.74,5.01,72.12,-168.02,-8.63,26.84,24.51,22.89,-77.63,-38.24,55.86,72.19,-167.49
22.69,8.30,99.79,-3.87,-116.43,666.00,93.78,7.17,72.15,-168.48,-8.97,26.67,24.64,23.05,-78.01,-38.68,55.66,72.47,-167.79
22.83,7.01,99.94,-2.51,-116.62,666.00,93.70,10.25,72.28,-168.59,-8.89,26.82,25.03,23.22,-78.04,-38.43,55.35,72.38,-167.60
22.97,7.54,99.83,-3.52,-116.26,666.00,93.57,8.88,72.41,-168.71,-8.95,27.04,25.12,23.18,-78.21,-37.59,55.49,72.16,-167.71
23.09,7.33,99.70,-3.58,-115.79,666.00,93.68,9.07,72.48,-168.58,-8.92,26.89,25.06,23.08,-77.79,-37.78,55.59,72.07,-167.88
23.23,8.29,99.59,-5.18,-115.44,666.00,93.54,7.93,72.48,-168.77,-9.74,26.40,24.84,22.45,-76.41,-36.78,56.41,72.65,-167.60
23.37,7.44,99.59,-4.49,-115.44,666.00,93.54,9.00,72.48,-168.77,-10.34,26.25,23.56,20.78,-66.54,-32.25,59.32,74.44,-166.50
23.49,7.43,99.46,-4.85,-115.51,666.00,93.62,8.97,72.48,-168.77,-10.86,26.20,22.38,19.27,-53.80,-28.48,64.31,75.74,-166.65
23.63,9.64,99.59,-8.02,-115.99,666.00,93.51,3.78,72.39,-169.11,-8.22,26.54,14.96,17.06,-47.12,-17.29,89.95,79.01,-165.60
23.76,10.30,99.35,-9.24,-115.72,666.00,93.46,1.54,72.39,-169.11,-15.95,26.63,30.63,13.53,-2.65,1.52,74.81,82.42,-166.06
23.90,10.63,99.35,-7.93,-115.16,666.00,93.49,0.90,72.39,-169.11,-13.65,26.66,27.49,12.08,15.46,10.29,88.53,85.34,-167.92
24.03,10.22,99.47,-8.91,-114.97,666.00,93.65,4.76,72.39,-169.11,-14.11,26.63,27.48,8.40,23.54,32.45,92.48,85.87,-169.81
24.16,-4.11,99.47,8.68,-114.44,51.91,93.69,39.59,72.39,-169.11,-14.14,26.37,28.30,7.51,25.99,46.45,84.10,87.45,-170.88
24.29,-5.71,99.39,10.73,-113.84,51.10,93.58,42.07,72.39,-169.11,-14.59,25.93,29.50,7.83,27.67,48.42,81.83,88.56,-169.99
24.43,-4.88,99.39,9.71,-113.84,48.04,93.58,37.52,73.10,-174.33,-14.72,25.56,30.22,7.91,29.47,52.65,82.34,88.53,-169.68
24.56,9.31,99.36,-7.17,-114.62,666.00,93.52,1.68,72.84,-174.08,-15.25,25.86,30.62,7.73,30.30,53.58,83.54,88.64,-168.75
24.69,9.10,99.35,-7.45,-115.16,666.00,93.49,6.89,72.84,-174.08,-15.53,25.97,31.13,7.75,30.87,53.90,84.10,88.46,-168.58
24.82,8.70,99.44,-6.99,-115.80,666.00,93.59,3.23,72.67,-173.29,-16.06,26.61,31.31,8.24,31.03,53.59,84.37,88.77,-167.73
24.94,8.98,99.31,-7.08,-115.89,666.00,93.67,5.89,72.67,-173.29,-16.25,26.51,31.50,7.98,31.46,53.65,84.84,88.34,-167.90
25.07,9.27,99.43,-7.39,-116.38,666.00,93.56,4.64,72.67,-173.29,-16.48,26.90,31.45,8.36,31.25,53.97,84.86,88.59,-167.50
25.19,13.51,99.31,-13.91,-115.89,666.00,93.67,9.10,72.67,-173.29,-17.29,26.88,31.00,8.15,30.81,53.29,84.73,88.59,-167.57
25.32,9.12,99.20,-7.07,-115.52,666.00,93.54,3.61,72.67,-173.29,-17.13,26.78,30.76,8.16,30.50,52.54,85.93,88.44,-167.62
25.46,10.16,99.20,-8.24,-115.52,666.00,93.54,2.33,72.67,-173.29,-16.50,26.76,30.69,8.04,30.97,49.56,83.52,88.16,-167.57
25.59,9.97,99.20,-7.60,-115.52,666.00,93.54,3.83,72.67,-173.29,-16.52,26.68,29.91,8.23,25.93,48.39,80.75,88.31,-167.46
25.73,10.13,99.40,-7.78,-115.97,666.00,93.80,5.06,72.76,-174.01,-14.99,27.20,26.83,8.66,9.70,20.04,76.77,85.77,-171.20
25.96,8.18,99.40,-5.10,-115.97,666.00,93.80,5.61,72.76,-174.01,-15.08,27.69,25.85,9.75,-24.94,9.12,71.89,84.26,-171.66
26.09,8.86,99.53,-5.28,-116.46,666.00,93.70,5.58,72.76,-174.01,-9.67,28.24,21.74,14.76,-53.09,-12.55,58.38,76.06,-162.70
26.33,7.83,99.53,-3.47,-116.46,666.00,93.70,5.37,72.76,-174.01,-9.42,28.06,23.31,16.32,-65.16,-18.30,56.31,74.00,-162.42
26.46,9.41,99.54,-4.94,-116.76,666.00,93.69,3.09,72.76,-174.01,-10.51,26.71,23.55,20.45,-72.71,-29.70,55.88,72.26,-161.98
26.59,9.51,99.82,-3.47,-117.44,666.00,93.50,8.28,72.76,-174.01,-10.37,26.81,23.26,22.91,-75.01,-34.59,56.33,70.75,-160.51
26.72,8.94,100.26,-3.15,-120.20,666.00,93.47,4.81,71.57,-170.24,-9.94,27.78,23.38,23.50,-74.99,-34.12,56.72,70.28,-160.40
26.86,7.01,100.29,-0.69,-125.83,666.00,93.32,4.02,71.27,-168.70,-6.31,29.08,23.57,23.25,-69.81,-32.16,57.90,69.75,-161.66
26.99,1.80,100.05,2.58,-127.62,666.00,93.20,15.62,70.37,-165.97,-5.91,27.95,22.91,23.99,-69.05,-32.57,58.38,69.29,-161.92
27.12,-0.31,100.25,4.27,-135.82,666.00,-178.57,19.26,70.28,-163.31,-5.59,27.26,21.43,23.07,-68.89,-32.16,59.52,69.23,-162.30
27.26,-5.00,100.22,2.58,-141.66,666.00,-178.18,20.47,70.37,-161.46,-3.34,27.52,21.66,22.36,-63.75,-31.31,59.97,68.82,-163.28
27.39,-3.26,99.94,1.12,-156.10,666.00,-178.65,18.46,71.23,-157.49,-3.88,27.03,21.81,24.16,-64.50,-29.52,59.71,68.56,-162.75
27.52,-3.65,99.91,2.45,-151.56,666.00,-178.27,17.87,71.21,-158.16,-5.80,25.89,21.28,25.32,-64.87,-32.50,60.77,67.16,-163.64
27.66,-2.80,99.18,0.59,-140.80,666.00,-177.95,18.68,70.93,-159.19,-5.35,24.23,21.21,24.87,-64.48,-44.74,60.86,67.56,-162.13
27.79,-4.36,99.82,2.66,-138.33,666.00,-177.40,19.79,71.81,-160.30,-3.92,25.73,22.89,22.23,-64.91,-35.24,57.98,68.48,-164.39
27.92,-4.13,100.92,2.40,-138.92,666.00,-178.36,22.78,71.22,-161.44,-2.38,27.84,24.42,23.04,-64.67,-33.18,56.11,67.25,-163.39
28.06,-3.37,101.03,3.08,-135.50,666.00,-178.37,26.55,71.02,-161.87,-1.90,27.70,23.24,23.42,-64.98,-34.07,57.36,66.87,-164.19
28.19,-2.46,101.17,2.26,-139.62,666.00,-178.61,25.01,69.26,-163.08,-1.46,25.86,22.81,22.08,-65.90,-32.93,57.57,67.13,-164.08
28.32,-2.69,102.06,1.44,-148.52,666.00,-179.73,24.10,71.94,-166.00,-0.58,24.82,22.88,22.90,-65.25,-31.94,57.75,66.84,-163.95
28.46,-2.31,101.49,0.68,-163.53,666.00,179.20,20.20,73.70,-169.26,-0.70,24.94,23.53,23.52,-66.42,-28.53,57.58,65.82,-164.81
28.59,-3.47,100.68,0.45,-177.56,666.00,178.69,21.41,74.88,-165.31,0.15,25.50,24.12,25.14,-66.44,-29.50,57.72,65.29,-165.46
28.73,0.33,99.72,0.68,169.64,666.00,176.81,16.76,73.71,-158.72,-0.52,26.24,23.01,27.37,-62.55,-41.63,60.06,65.94,-165.62
28.86,1.60,99.27,3.62,172.80,666.00,178.37,18.21,70.58,-155.36,-1.01,24.82,20.11,26.36,-45.07,-39.51,63.93,66.93,-163.22
28.99,1.74,99.05,5.52,167.34,666.00,179.13,20.36,64.24,-151.21,0.99,25.12,16.76,23.34,-26.13,-15.71,67.43,72.37,-164.73
29.13,2.46,98.71,5.63,156.82,666.00,179.59,19.07,63.79,-147.72,2.56,28.52,16.23,15.97,-5.82,7.08,63.42,72.80,-166.28
29.25,1.03,99.53,1.64,160.57,666.00,179.93,17.93,64.37,-148.97,4.49,29.86,21.11,12.91,20.65,18.48,69.75,80.70,-167.10
29.38,0.10,99.52,0.76,172.28,666.00,179.76,16.79,69.53,-150.17,3.41,28.79,29.52,9.43,39.70,34.80,88.85,79.49,-168.52
29.51,-0.89,100.00,0.43,-174.38,666.00,179.34,18.63,72.36,-158.05,0.45,28.16,27.97,9.01,43.54,40.03,90.59,81.88,-168.22
29.64,-1.09,99.98,0.98,-169.12,666.00,179.49,16.61,72.62,-155.05,1.64,26.69,26.50,8.76,47.17,47.74,82.52,83.92,-168.52
29.76,-1.40,99.99,1.75,-164.14,666.00,179.41,17.36,71.42,-144.79,1.10,26.83,26.51,8.50,47.58,53.73,73.47,84.16,-168.48
29.89,-0.16,99.88,0.57,-169.69,666.00,179.39,18.37,70.73,-145.59,1.04,26.39,26.35,7.24,49.21,55.82,72.00,84.45,-170.29
30.06,0.04,99.76,0.79,-166.41,666.00,179.22,18.83,68.14,-145.24,1.12,26.03,25.25,6.57,49.42,54.46,71.40,83.71,-171.04
30.17,-0.70,99.89,2.97,-164.64,666.00,179.31,19.12,67.89,-142.86,1.39,26.74,23.97,5.77,47.91,53.42,75.51,84.34,-170.60
30.30,-1.32,99.75,3.38,-174.01,666.00,179.80,18.88,69.82,-141.62,1.18,26.66,23.47,5.02,48.83,54.43,71.11,84.20,-170.45
30.43,-0.89,99.77,3.04,-173.90,666.00,-179.97,18.17,70.56,-142.53,1.04,27.09,23.64,5.94,48.98,53.48,71.31,84.46,-169.21
30.58,-0.75,99.64,2.53,-171.75,666.00,-179.89,18.59,69.43,-142.34,1.21,27.72,24.63,5.75,50.21,54.59,71.95,84.15,-168.75
30.71,-1.42,99.42,2.09,-163.69,666.00,179.77,19.40,68.89,-146.45,1.04,27.50,24.50,6.16,48.28,54.31,76.40,84.12,-169.03
30.87,-1.09,99.29,0.99,-159.00,666.00,179.83,19.49,69.17,-147.38,0.33,27.48,25.62,5.78,49.17,54.18,73.26,83.92,-168.80
31.01,-1.13,99.29,1.67,-159.00,666.00,179.83,19.53,69.96,-149.75,0.64,27.24,27.10,5.38,52.07,53.53,82.90,83.90,-168.96
31.13,-4.01,99.33,4.30,-144.81,666.00,179.58,23.77,70.18,-152.22,3.92,31.20,28.01,3.24,53.17,55.88,83.35,80.24,-167.43
31.26,-6.27,99.28,6.49,-130.89,666.00,91.09,28.13,70.82,-158.49,5.72,33.24,28.93,1.95,52.37,57.17,86.29,83.62,-169.15
31.37,-8.29,99.42,7.75,-125.95,666.00,91.39,28.05,71.12,-161.12,7.79,36.61,28.09,-6.02,50.24,59.64,80.47,82.59,-170.58
31.51,-10.08,99.63,8.57,-121.35,-148.28,91.50,30.70,73.04,-168.26,11.71,38.58,27.62,-6.95,49.45,58.13,96.96,84.20,-171.49
31.64,-4.50,99.68,6.44,-119.54,666.00,91.60,20.62,73.69,-169.93,16.90,45.88,23.88,-19.73,46.66,62.24,93.58,82.10,-169.75
31.77,-1.97,99.76,5.65,-115.52,666.00,92.07,15.72,75.03,-176.82,19.24,46.09,18.74,-24.05,-126.98,61.89,88.46,79.24,-171.96
31.91,-1.39,100.35,5.25,-112.19,666.00,92.97,14.11,75.58,179.38,19.83,46.98,17.56,-21.94,-127.48,58.60,86.65,81.88,-169.44
32.04,-1.08,100.43,5.27,-111.73,666.00,92.80,12.99,76.96,176.75,17.76,45.36,18.75,-21.69,46.40,62.19,87.94,81.35,-170.17
32.18,-0.91,100.79,5.34,-112.26,666.00,93.00,14.55,76.49,176.81,16.14,44.48,19.38,-20.65,46.40,65.54,88.80,82.73,-170.26
32.31,-1.10,100.86,5.00,-112.73,666.00,93.10,15.03,75.97,178.18,15.21,44.48,19.92,-20.70,46.62,65.62,89.31,82.78,-169.71
32.44,-1.23,100.84,4.70,-113.13,666.00,93.07,16.09,75.56,178.62,14.31,44.90,20.38,-19.37,42.48,64.04,82.64,83.19,-169.64
32.58,-1.27,100.92,4.64,-113.62,666.00,93.17,15.94,75.29,178.88,13.89,46.16,20.60,-19.20,41.31,61.45,83.22,83.37,-168.64
32.71,-1.34,101.03,4.61,-114.45,666.00,93.03,15.69,75.23,-179.63,14.62,47.45,20.24,-20.37,40.10,60.77,82.78,83.29,-169.11
32.84,-1.39,101.03,4.61,-114.45,666.00,93.03,16.15,75.41,179.76,14.72,48.11,20.26,-20.81,39.54,60.02,82.67,83.14,-169.02
32.98,-1.45,101.05,4.61,-114.02,666.00,93.07,16.00,75.59,178.59,12.79,47.93,20.85,-19.82,37.12,59.47,82.76,82.27,-169.04
33.11,-1.51,101.05,4.62,-114.02,55.82,93.07,95.13,75.59,178.36,10.09,44.99,21.39,-12.81,23.65,46.85,81.27,81.54,-171.46
33.24,-1.51,101.21,4.51,-114.20,61.15,92.99,96.73,75.64,178.91,8.86,43.57,22.71,-0.34,0.43,24.34,79.87,81.49,-171.76
33.37,-8.45,101.21,12.86,-114.20,74.56,92.99,101.15,75.65,-179.28,17.73,42.31,30.64,9.02,-19.00,0.10,53.22,82.71,-171.16
33.50,-6.13,101.28,9.38,-114.70,83.51,93.10,99.06,75.07,-178.30,4.44,41.12,22.30,13.60,-54.70,-11.98,76.93,81.59,-174.92
33.64,-6.54,101.28,9.15,-114.70,82.51,93.10,98.80,74.67,-177.92,1.35,36.78,25.15,24.27,-65.44,-27.40,75.62,80.84,-174.00
33.78,-0.61,101.51,3.85,-116.45,80.25,92.81,90.36,74.54,-176.37,0.62,34.55,30.03,29.23,-66.66,-33.78,69.85,79.99,-171.89
33.91,-1.09,101.31,3.90,-118.48,666.00,92.49,21.54,73.81,-174.03,0.42,35.30,30.58,29.55,-66.41,-34.21,69.23,79.06,-171.00
34.04,-0.96,100.82,3.79,-118.01,666.00,92.36,29.08,73.42,-173.66,0.84,34.80,30.73,29.45,-66.27,-34.13,68.63,78.33,-169.12
34.18,-1.28,100.99,4.00,-117.63,666.00,92.32,28.54,73.13,-173.14,1.39,35.10,30.88,29.36,-65.55,-33.81,68.19,78.36,-169.66
34.31,-1.42,101.00,3.92,-117.10,666.00,92.36,22.35,73.13,-173.14,1.90,35.20,31.20,29.54,-64.98,-33.50,67.96,77.91,-169.13
34.45,-1.57,101.17,3.96,-116.76,666.00,92.32,20.67,73.13,-173.14,2.29,35.30,31.50,30.32,-64.12,-33.23,67.44,77.61,-168.88
34.58,-1.28,101.10,3.30,-116.20,666.00,92.22,19.13,73.13,-173.14,2.49,34.99,31.99,30.39,-64.03,-32.70,67.21,77.71,-168.76
34.71,-1.79,100.94,3.75,-116.02,666.00,92.30,19.10,73.13,-173.14,2.86,34.91,32.15,30.16,-63.83,-32.65,66.56,77.86,-168.15
34.84,-2.01,100.93,4.13,-116.52,666.00,92.26,21.61,73.13,-173.14,3.01,35.02,32.15,30.02,-63.98,-32.56,66.58,77.89,-168.13
34.99,-2.16,100.75,4.63,-116.85,666.00,92.30,22.86,73.13,-173.14,3.03,35.05,32.75,29.64,-62.63,-32.41,64.64,77.92,-168.10
35.16,-1.44,100.48,3.84,-116.86,666.00,92.21,21.12,73.13,-173.14,1.47,35.12,30.06,28.77,-55.27,-29.49,68.28,78.08,-168.09
35.29,-1.78,100.27,3.98,-116.99,666.00,91.91,21.79,73.13,-173.14,-2.24,35.34,23.46,25.22,-44.48,-18.04,89.96,78.57,-167.67
35.43,-1.62,100.13,4.14,-117.77,666.00,91.71,22.40,73.69,-173.89,3.59,35.99,37.66,22.86,4.87,-9.83,66.30,79.02,-165.86
35.56,-1.02,99.98,2.61,-117.58,666.00,91.79,17.69,73.64,-173.84,1.14,37.54,35.11,15.81,24.73,14.46,88.68,81.37,-165.77
35.69,-1.60,100.04,3.46,-116.18,666.00,91.89,22.13,73.63,-174.83,0.90,36.01,32.79,3.86,47.33,49.80,94.91,85.81,-168.05
35.90,-1.82,100.20,3.39,-115.85,666.00,91.84,24.76,74.03,-177.61,0.61,36.08,32.05,4.37,50.96,49.37,90.69,87.78,-166.79
36.02,-2.11,100.20,3.82,-115.85,666.00,91.84,27.09,74.03,-177.61,0.23,31.91,32.19,1.28,51.72,65.64,90.86,86.41,-169.26
36.16,-1.56,100.13,3.60,-117.77,666.00,91.71,28.86,73.93,-175.68,-0.68,32.41,32.78,2.52,51.11,59.82,92.47,86.17,-166.27
36.37,-0.00,100.15,2.59,-120.73,666.00,91.67,20.91,73.53,-173.44,-1.92,32.99,33.34,1.93,50.61,59.99,93.94,86.26,-165.74
36.50,1.21,100.02,1.94,-121.76,666.00,91.47,18.53,71.94,-166.71,-2.39,31.80,33.19,2.56,50.35,58.67,94.61,86.83,-166.32
36.63,2.72,100.05,1.23,-124.51,666.00,91.70,15.50,71.15,-163.86,-3.51,31.60,32.41,1.72,49.32,58.38,94.79,86.20,-165.99
36.76,4.32,100.16,1.08,-126.00,666.00,91.55,14.55,71.15,-163.86,-3.64,30.96,31.73,3.93,48.79,55.20,94.82,85.55,-165.86
36.88,5.48,100.20,0.82,-130.55,666.00,91.50,12.56,71.15,-163.86,-4.88,30.61,32.09,5.18,48.01,53.58,95.14,86.51,-165.52
37.01,4.65,100.27,0.27,-135.36,666.00,179.68,12.69,71.86,-160.16,-3.58,30.17,31.45,4.80,48.75,53.52,94.56,85.26,-165.84
37.13,1.47,100.39,1.02,-135.96,666.00,179.79,16.00,70.95,-160.53,-3.38,29.46,30.25,5.89,47.87,49.66,93.15,85.44,-165.70
37.26,1.68,100.03,2.71,-138.20,666.00,179.80,21.83,70.62,-159.54,-3.59,29.28,28.62,6.38,46.41,48.72,91.68,84.73,-164.77
37.40,0.75,99.80,2.15,-138.29,666.00,179.84,22.60,70.77,-159.47,-3.67,29.09,27.39,7.00,45.20,46.83,91.51,84.82,-164.43
37.53,1.14,99.79,2.53,-139.96,666.00,179.65,19.66,70.74,-158.58,-3.54,28.84,26.08,7.07,44.00,46.39,90.72,84.94,-164.41
37.66,0.25,100.09,2.56,-140.29,666.00,178.69,21.02,70.37,-158.00,-3.78,28.87,25.79,8.33,43.36,45.92,90.64,85.20,-164.18
37.78,-0.02,99.82,2.70,-141.00,666.00,177.71,21.02,69.74,-156.29,-4.10,28.40,25.55,8.92,43.18,46.14,90.48,84.84,-164.70
37.91,0.41,99.80,2.42,-140.90,666.00,176.44,16.95,70.13,-156.04,-4.21,28.06,24.83,9.84,43.43,45.86,89.68,84.61,-164.75
38.03,-0.72,99.82,2.99,-139.34,666.00,176.40,21.21,70.13,-156.04,-4.54,27.92,24.55,10.02,43.27,44.54,89.10,84.57,-164.87
38.17,-0.53,99.95,3.03,-138.51,666.00,176.47,21.92,70.13,-156.04,-4.85,27.53,24.20,10.06,42.46,42.65,88.71,84.59,-165.39
38.29,-0.49,99.81,2.51,-138.47,666.00,176.61,20.70,70.30,-156.42,-4.94,27.42,24.21,10.08,41.96,42.46,88.73,84.66,-164.89
38.43,-1.26,99.45,2.78,-136.99,666.00,176.74,21.88,69.86,-155.99,-5.06,27.03,24.04,10.34,41.66,42.42,88.62,84.72,-164.53
38.56,-2.51,99.02,2.84,-134.91,666.00,87.94,25.15,70.08,-156.64,-5.00,26.66,24.01,10.35,42.00,42.46,88.47,84.67,-164.63
38.77,-2.15,98.80,2.35,-134.27,666.00,87.69,20.67,70.29,-156.84,-5.27,26.51,23.85,10.36,41.69,42.30,88.59,84.36,-164.90
38.90,-1.57,98.70,1.49,-134.30,666.00,87.56,19.16,70.29,-156.84,-5.61,26.12,23.83,10.83,40.73,41.58,84.58,84.28,-165.59
39.03,-1.90,98.82,2.48,-135.96,666.00,175.89,21.80,70.07,-156.19,-5.91,25.56,22.68,11.23,36.15,39.42,55.90,77.88,-173.10
39.16,-1.77,98.82,1.34,-135.96,666.00,175.89,20.61,69.84,-154.67,-6.59,23.97,21.00,12.82,27.30,32.68,40.14,57.94,169.71
39.29,-1.62,98.80,1.24,-137.51,666.00,175.93,19.56,69.02,-150.82,-6.64,23.37,19.34,12.86,23.70,30.77,33.26,49.83,167.97
39.43,-0.03,98.89,1.80,-140.99,666.00,175.64,18.13,69.96,-153.64,-5.75,22.31,17.35,12.78,666.00,22.61,25.97,29.60,163.80
39.56,0.16,98.87,2.93,-142.78,666.00,175.68,16.97,69.96,-153.64,-6.01,20.95,16.55,13.16,666.00,18.84,23.31,18.31,162.89
39.68,-0.16,98.74,2.90,-143.87,666.00,175.61,17.73,69.91,-153.34,-6.82,19.72,16.00,13.20,666.00,19.01,24.03,16.97,162.10
39.81,0.18,98.75,2.53,-144.84,666.00,175.61,17.58,69.76,-152.51,-6.90,18.81,15.76,12.21,666.00,18.66,23.91,17.76,160.92
39.93,-0.17,98.62,2.74,-144.90,666.00,175.75,17.06,69.82,-152.33,-6.61,20.08,15.67,12.09,666.00,19.47,24.17,17.22,158.37
40.07,-0.27,98.53,2.49,-143.11,666.00,175.61,17.41,69.75,-153.82,-6.16,20.80,15.72,12.37,666.00,19.79,25.51,18.16,158.93
40.21,-0.44,98.66,2.32,-142.13,666.00,175.46,17.68,69.75,-153.82,-5.62,20.85,15.82,12.60,666.00,19.50,25.61,19.37,159.29
40.34,-1.56,98.44,3.06,-140.43,666.00,175.46,20.14,70.35,-155.10,-5.37,20.58,15.98,12.63,666.00,19.26,25.10,19.54,158.20
40.59,-2.27,98.22,3.31,-138.72,666.00,175.46,23.56,70.35,-155.10,-5.11,20.31,16.05,12.67,666.00,19.03,24.21,18.82,156.92
40.74,-1.50,98.00,2.61,-138.00,666.00,175.24,22.32,70.35,-155.10,-4.99,20.98,16.12,12.25,666.00,21.16,23.95,17.63,159.76
40.93,-1.26,98.00,2.56,-139.01,666.00,175.03,21.02,70.35,-155.10,-5.00,21.24,16.20,12.47,666.00,22.32,23.95,17.65,160.22
41.17,-1.06,98.00,2.41,-139.01,666.00,175.03,20.77,70.35,-155.10,-5.05,21.23,16.26,12.52,666.00,22.01,24.03,17.50,160.03
