Timestamp,Kinect left shoulder flex.-ext.,WISE left shoulder flex.-ext.,Kinect left shoulder abd.-add.,WISE left shoulder abd.-add.,Kinect left shoulder int.- ext.,WISE left shoulder int.- ext.,Kinect left elbow flex.-ext.,WISE left elbow flex.-ext.,WISE left forearm pro.- sup.,Kinect right shoulder flex.-ext.,WISE right shoulder flex.-ext.,Kinect right shoulder Abd.-Add.,WISE right shoulder abd.-add.,Kinect right shoulder int.-ext.,WISE right shoulder int.-ext.,Kinect right elbow flex.-ext.,WISE right elbow flex.-ext.,WISE right forearm pro.-sup.
0.27,-9.58,3.78,11.99,17.23,666.00,11.14,25.44,26.75,6.91,-15.45,4.97,10.01,10.51,666.00,-13.54,28.38,19.10,-0.07
0.85,-9.68,3.36,11.89,16.92,666.00,14.68,27.04,25.55,5.55,-15.20,2.76,10.21,11.37,666.00,-12.97,28.09,18.92,-0.86
1.03,-9.65,2.93,11.85,16.80,666.00,14.94,27.06,25.44,5.35,-15.08,2.58,10.11,11.30,666.00,-12.78,27.90,18.65,-0.79
1.21,-9.65,2.93,11.83,16.80,666.00,14.94,27.09,25.44,5.35,-15.09,2.58,10.04,11.30,666.00,-12.78,27.83,18.79,-1.02
1.40,-9.30,2.93,11.74,16.80,666.00,14.94,26.76,25.44,5.35,-15.07,2.70,9.96,11.20,666.00,-12.91,27.74,18.50,-0.98
1.62,-9.36,2.85,11.52,16.56,666.00,14.87,26.28,25.27,5.12,-14.92,2.50,9.97,11.40,666.00,-12.60,27.54,18.70,-1.33
1.79,-9.78,2.85,11.57,16.56,666.00,14.87,26.82,25.11,5.24,-14.79,2.50,9.97,11.40,666.00,-12.60,27.29,18.38,-1.27
1.93,-10.09,2.57,11.66,16.58,666.00,14.69,27.20,25.27,5.50,-14.77,2.39,10.00,11.25,666.00,-12.66,27.26,18.52,-0.84
2.06,-9.98,2.57,11.66,16.58,666.00,14.69,26.97,25.27,5.50,-14.72,2.39,10.02,11.25,666.00,-12.66,27.29,18.52,-0.84
2.19,-9.94,2.90,11.73,16.61,666.00,14.59,26.95,25.27,5.50,-15.18,2.61,9.96,11.37,666.00,-12.41,27.63,18.84,-1.07
2.33,-9.92,2.90,11.79,16.61,666.00,14.59,26.65,25.44,5.62,-15.33,2.61,10.05,11.37,666.00,-12.41,27.82,18.83,-1.03
2.46,-10.50,3.05,11.84,16.73,666.00,14.69,27.12,25.37,5.45,-15.46,2.61,10.15,11.37,666.00,-12.41,28.01,18.70,-0.84
2.60,-11.17,3.24,11.99,16.82,666.00,14.97,27.38,25.30,5.50,-15.22,2.70,10.39,11.47,666.00,-12.52,27.98,18.58,-0.77
2.73,-11.42,3.24,12.06,16.82,666.00,14.97,27.25,25.30,5.50,-15.04,2.62,10.49,11.37,666.00,-12.15,27.80,18.70,-1.10
2.87,-11.33,3.28,11.96,16.85,666.00,15.23,26.79,25.33,5.24,-14.82,2.62,10.50,11.37,666.00,-12.15,27.64,18.70,-1.10
3.04,-9.14,3.64,11.43,16.65,666.00,15.78,23.29,25.07,5.81,-14.64,2.28,10.44,11.40,666.00,-12.36,27.41,18.97,-1.26
3.17,-3.17,7.63,10.78,16.39,666.00,18.49,18.75,23.85,3.52,-14.54,2.21,10.37,11.18,666.00,-12.95,27.27,18.80,-0.95
3.30,3.01,11.27,10.92,16.58,666.00,20.14,19.49,27.79,1.03,-14.49,2.42,10.24,11.19,666.00,-13.19,27.14,18.71,-0.90
3.44,11.00,24.89,11.09,15.62,666.00,28.79,20.96,22.68,-4.79,-14.51,2.41,10.12,11.34,666.00,-13.36,27.17,18.98,-1.27
3.58,20.63,33.67,12.05,15.97,666.00,29.68,26.87,22.80,-8.18,-14.65,2.04,10.28,11.20,666.00,-13.45,27.50,19.47,-1.54
3.72,36.76,41.50,19.89,16.26,-156.73,29.74,33.32,33.55,-14.04,-14.79,2.60,11.12,11.31,666.00,-14.18,27.75,18.56,-0.75
3.85,53.70,64.55,31.27,24.78,666.00,31.81,27.08,23.40,-17.06,-13.73,3.50,11.61,11.16,666.00,-15.16,26.87,18.07,-0.63
3.98,56.55,75.89,39.98,41.78,-160.08,31.56,49.21,23.12,-19.84,-13.75,4.19,11.76,10.69,666.00,-15.02,27.14,18.24,-0.68
4.12,87.66,97.14,84.67,118.16,666.00,-53.87,21.67,22.47,-28.16,-14.41,4.05,11.82,10.53,666.00,-15.35,26.93,17.97,-0.03
4.26,103.93,105.85,114.43,138.26,666.00,40.45,24.56,21.88,-30.16,-13.69,3.74,11.70,11.41,666.00,-15.56,25.63,17.30,0.32
4.39,116.66,116.14,130.63,150.92,666.00,44.29,26.25,20.60,-33.84,-14.16,3.88,12.18,11.67,666.00,-15.93,26.47,17.00,1.09
4.53,128.04,133.49,142.53,161.90,666.00,55.43,25.81,20.07,-37.24,-15.24,3.71,13.10,12.18,666.00,-16.05,28.38,17.48,1.51
4.66,139.92,143.83,153.04,166.16,666.00,65.91,24.46,18.79,-39.49,-15.53,4.05,13.50,12.79,666.00,-15.48,28.73,17.92,1.50
4.80,150.33,152.13,157.74,167.34,666.00,71.54,26.26,19.75,-40.95,-15.93,4.33,13.88,13.35,666.00,-15.57,29.53,17.68,2.52
4.93,155.06,165.23,160.34,167.30,666.00,75.70,27.30,24.28,-42.80,-16.52,4.69,14.78,13.65,666.00,-15.66,29.49,17.39,3.76
5.07,159.22,169.10,162.54,167.17,666.00,-101.07,27.35,25.19,-43.40,-17.08,3.46,15.96,14.69,666.00,-14.05,29.32,17.72,3.77
5.20,157.57,172.94,166.62,167.10,666.00,-101.68,28.05,27.13,-41.85,-19.96,3.08,16.01,16.68,-177.23,-11.10,32.30,18.95,2.86
5.34,160.30,175.10,165.60,167.96,666.00,-101.18,28.17,27.24,-44.12,-19.07,2.79,16.82,17.97,-176.93,-11.02,32.38,20.44,2.89
5.48,159.51,172.44,164.25,167.59,666.00,-101.73,28.64,27.52,-43.63,-18.38,3.00,16.92,17.63,-175.53,-11.65,32.22,19.96,2.66
5.61,154.07,169.59,164.51,167.61,666.00,-101.93,26.65,26.21,-44.18,-18.07,2.70,16.35,16.90,-171.91,-11.89,31.86,19.44,3.14
5.75,148.49,162.87,164.52,169.83,666.00,71.05,24.28,24.45,-38.92,-18.10,2.89,15.63,16.38,-173.23,-12.08,32.27,19.22,3.13
5.91,142.48,158.93,163.93,170.48,666.00,69.77,21.79,22.24,-37.93,-18.54,3.39,15.25,16.13,-173.11,-11.05,32.15,18.24,1.40
6.05,134.00,152.56,160.31,171.08,666.00,66.78,20.55,20.04,-35.41,-18.62,3.08,14.92,15.59,-172.43,-12.58,30.88,18.08,2.45
6.19,129.36,152.61,148.78,171.02,666.00,67.51,27.69,17.68,-37.96,-17.66,2.29,14.71,14.48,-171.70,-13.51,30.65,18.64,4.27
6.32,113.67,133.78,134.83,169.50,666.00,60.59,28.10,19.24,-32.52,-17.98,2.03,14.34,14.28,-172.87,-14.06,31.32,18.99,3.45
6.45,102.50,123.75,114.17,165.92,-24.18,58.35,30.19,20.15,-32.04,-18.20,2.15,14.15,14.04,-172.89,-14.55,31.86,18.79,3.99
6.59,79.02,115.15,70.21,160.22,-36.25,55.72,37.59,20.61,-31.92,-18.10,2.85,14.13,13.94,-172.08,-14.46,32.12,18.78,3.81
6.72,68.52,95.78,48.98,119.54,666.00,-41.41,25.49,20.94,-30.99,-18.21,2.92,14.19,14.10,-171.50,-14.04,33.05,18.96,3.98
6.87,54.77,86.69,37.55,73.08,666.00,-39.50,22.94,20.83,-29.90,-18.02,3.04,14.11,13.90,-171.10,-13.70,33.53,18.88,3.81
7.02,36.82,77.33,28.50,41.68,666.00,48.74,29.46,14.23,-30.22,-18.10,2.86,14.05,13.40,-171.01,-14.06,34.26,18.37,3.96
7.15,20.20,58.08,18.40,20.45,666.00,47.10,28.86,21.88,-28.44,-18.09,2.98,14.03,13.12,-171.10,-14.08,34.83,18.70,3.76
7.29,15.15,51.29,17.16,19.21,666.00,46.33,16.53,27.18,-27.57,-17.42,3.42,13.74,13.25,-170.93,-13.68,34.60,18.53,3.42
7.42,7.57,38.35,15.25,16.39,666.00,45.85,14.05,18.26,-29.11,-17.60,3.48,13.61,13.17,-171.39,-13.73,34.59,18.24,3.73
7.57,-2.03,22.85,12.51,16.40,666.00,42.25,18.08,24.57,-25.95,-17.50,3.22,13.24,12.75,-172.65,-13.82,33.74,17.55,4.35
7.70,-5.31,16.82,11.34,15.46,666.00,43.22,11.99,20.03,-23.07,-17.62,2.17,13.14,12.63,-173.42,-13.91,33.59,18.48,3.66
7.83,-9.29,8.81,11.12,15.40,666.00,36.47,16.65,23.08,-21.30,-17.76,1.99,12.48,12.47,-174.46,-14.29,33.55,18.77,4.16
7.96,-9.57,8.83,11.05,16.21,666.00,35.40,16.15,23.15,-21.80,-16.87,1.99,12.30,12.36,-174.34,-13.52,32.58,18.60,4.48
8.10,-8.48,9.15,10.92,16.14,666.00,34.62,15.39,22.98,-21.93,-17.07,2.00,11.61,12.36,-175.68,-13.25,32.72,18.93,4.18
8.23,-8.63,9.33,11.02,15.74,666.00,34.26,15.86,22.11,-21.71,-16.37,2.00,11.49,12.36,-175.65,-13.25,31.69,19.24,4.07
8.36,-8.04,9.42,10.73,15.58,666.00,34.34,15.20,21.82,-21.55,-15.88,2.00,11.21,12.36,-175.32,-13.25,30.36,19.02,3.64
8.49,-8.26,9.42,10.96,15.58,666.00,34.34,15.30,21.82,-21.55,-15.36,2.00,11.24,12.36,666.00,-13.25,29.47,18.84,3.52
8.62,-7.59,9.08,10.65,15.40,666.00,34.12,14.51,21.50,-21.75,-15.52,2.00,10.96,12.36,666.00,-13.25,28.96,18.84,3.52
8.76,-7.36,8.86,10.55,15.10,666.00,34.12,13.92,21.33,-21.71,-15.52,2.00,10.72,12.36,666.00,-13.25,28.65,19.02,3.64
8.89,-6.99,8.89,10.37,15.35,666.00,33.87,13.75,21.56,-21.76,-15.47,2.00,10.61,12.36,666.00,-13.25,28.64,19.33,3.56
9.02,-7.19,8.71,10.44,15.25,666.00,33.75,14.14,21.50,-21.10,-15.42,2.00,10.59,12.36,666.00,-13.25,28.64,19.38,3.87
9.15,-6.80,8.71,10.45,15.25,666.00,33.75,13.56,21.37,-20.92,-15.00,2.00,10.44,12.36,666.00,-13.25,28.31,19.55,3.99
9.29,-6.61,8.71,10.51,15.25,666.00,33.75,13.28,21.32,-20.54,-15.06,2.00,10.46,12.36,666.00,-13.25,28.33,19.24,4.07
9.42,-7.33,8.53,10.92,15.29,666.00,34.00,14.48,21.75,-19.93,-15.15,2.00,10.61,12.36,666.00,-13.25,28.68,19.10,4.26
9.55,-6.92,8.53,10.78,15.29,666.00,34.00,14.03,21.75,-19.93,-15.26,2.00,10.64,12.36,666.00,-13.25,28.93,19.28,4.38
9.69,-6.16,8.54,10.51,15.16,666.00,33.64,13.97,21.41,-19.74,-15.35,2.00,10.58,12.36,666.00,-13.25,29.57,19.46,4.50
9.82,-6.40,8.54,10.36,15.16,666.00,33.64,14.19,21.34,-19.67,-14.85,2.00,10.57,12.36,666.00,-13.25,28.99,19.78,4.42
9.99,-6.84,8.54,10.37,15.16,666.00,33.64,14.62,21.34,-19.67,-14.77,2.00,10.32,12.36,666.00,-13.25,28.47,19.41,4.50
10.16,-7.17,8.26,10.29,14.99,666.00,33.71,15.03,21.38,-19.80,-14.44,2.00,10.26,12.36,666.00,-13.25,27.93,19.23,4.38
10.29,-7.53,8.28,10.31,15.23,666.00,33.46,15.40,21.47,-19.68,-14.11,2.00,10.21,12.36,666.00,-13.25,27.33,19.05,4.27
10.43,-7.92,8.28,10.35,15.23,666.00,33.46,15.76,21.33,-19.81,-14.50,2.00,10.09,12.36,666.00,-13.25,27.71,19.05,4.23
10.56,-8.01,8.28,10.42,15.23,666.00,33.46,15.97,21.31,-20.12,-14.20,2.00,10.10,12.36,666.00,-13.25,27.36,18.87,4.11
10.69,-7.86,8.28,10.44,15.23,666.00,33.46,15.85,21.31,-20.12,-14.36,2.00,9.96,12.36,666.00,-13.25,27.37,19.01,3.95
10.82,-7.60,8.07,10.41,15.02,666.00,33.96,15.44,21.29,-20.28,-14.06,2.00,10.00,12.36,666.00,-13.25,26.93,19.01,3.95
10.95,-7.00,7.80,10.29,14.86,666.00,35.40,14.76,21.29,-20.28,-13.94,1.78,9.88,11.95,666.00,-12.53,26.63,18.60,2.37
11.08,-6.96,7.80,10.22,14.86,666.00,35.40,14.27,21.29,-20.28,-13.75,1.87,9.98,12.05,666.00,-12.64,26.19,18.21,2.51
11.22,-6.82,7.80,10.17,14.86,666.00,35.40,14.08,21.29,-20.28,-13.91,1.78,10.04,11.95,666.00,-12.53,26.30,18.19,2.63
11.35,-6.88,7.80,10.18,14.86,666.00,35.40,14.29,21.29,-20.28,-14.19,1.65,10.12,12.05,666.00,-12.40,26.65,18.49,2.59
11.50,-6.75,7.80,10.16,14.86,666.00,35.40,14.25,21.44,-20.15,-14.68,1.65,10.15,12.05,666.00,-12.40,27.39,18.66,2.74
11.63,-6.67,7.87,10.12,14.74,666.00,35.33,14.10,21.29,-20.05,-14.73,1.90,10.32,12.10,666.00,-12.20,27.40,18.30,2.74
11.76,-5.61,8.09,9.90,14.94,666.00,35.73,13.40,21.09,-20.17,-15.08,1.85,10.27,11.93,666.00,-12.34,28.09,18.30,2.74
11.89,-5.73,8.09,9.89,14.94,666.00,35.73,13.59,21.09,-20.17,-15.29,1.85,10.42,11.93,666.00,-12.34,28.49,18.30,2.74
12.02,-6.19,7.97,10.08,14.86,666.00,35.91,14.09,21.10,-19.90,-15.33,1.96,10.57,12.09,666.00,-12.28,28.67,18.35,2.75
12.16,-6.40,8.11,10.12,14.86,666.00,35.96,14.27,21.27,-19.88,-15.31,1.88,10.66,12.18,666.00,-12.42,28.78,18.27,2.76
12.29,-6.65,8.26,10.20,14.88,666.00,35.91,14.45,21.27,-19.88,-15.26,2.03,10.73,12.16,666.00,-12.45,28.84,18.27,2.76
12.42,-7.08,8.26,10.17,14.88,666.00,35.91,14.56,21.14,-19.70,-15.07,1.94,10.82,12.06,666.00,-12.33,28.66,18.25,2.88
12.56,-7.61,8.38,10.26,14.96,666.00,35.73,15.00,21.07,-19.59,-15.34,2.03,10.69,12.16,666.00,-12.45,28.94,18.14,2.96
12.69,-7.73,8.38,10.30,14.96,666.00,35.73,14.92,21.07,-19.59,-15.24,2.14,10.67,12.32,666.00,-12.38,29.28,18.33,2.78
12.84,-7.80,8.21,10.30,14.88,666.00,35.62,14.92,21.12,-19.41,-14.81,2.14,10.73,12.32,666.00,-12.38,28.74,18.15,2.66
12.97,-7.67,8.00,10.34,15.03,666.00,35.51,15.16,21.12,-19.41,-14.78,1.89,10.69,12.02,666.00,-12.25,28.37,18.27,2.76
13.10,-7.54,7.90,10.39,14.89,666.00,35.48,15.19,20.98,-19.31,-14.91,1.81,10.55,12.13,666.00,-12.59,28.29,18.29,2.90
13.24,-7.41,7.90,10.40,14.89,666.00,35.48,15.16,21.11,-19.49,-14.79,2.05,10.53,12.19,666.00,-12.39,27.89,18.05,2.71
13.37,-7.54,8.02,10.44,14.97,666.00,35.31,15.28,21.05,-19.38,-14.74,2.05,10.46,12.19,666.00,-12.39,27.63,18.05,2.71
13.50,-7.39,8.02,10.52,14.97,666.00,35.31,15.26,21.05,-19.38,-15.11,2.05,10.34,12.19,666.00,-12.39,27.73,18.05,2.71
13.63,-7.75,8.02,10.53,14.97,666.00,35.31,15.65,21.03,-19.69,-14.87,1.94,10.42,12.04,666.00,-12.46,27.45,18.18,2.81
13.76,-7.82,8.02,10.47,14.97,666.00,35.31,15.51,21.05,-19.38,-14.48,1.85,10.51,11.93,666.00,-12.34,27.17,18.30,2.74
13.90,-7.73,8.02,10.44,14.97,666.00,35.31,15.43,21.05,-19.38,-14.21,1.94,10.59,12.04,666.00,-12.46,26.97,18.18,2.81
14.03,-7.68,7.90,10.48,14.89,666.00,35.48,15.51,21.11,-19.49,-14.37,1.84,10.50,12.18,666.00,-12.15,26.99,18.33,2.78
14.15,-7.52,7.90,10.56,14.89,666.00,35.48,15.47,21.11,-19.49,-14.69,1.84,10.34,12.18,666.00,-12.15,27.14,18.37,3.09
14.29,-7.71,7.90,10.64,14.89,666.00,35.48,16.05,21.11,-19.49,-14.18,1.84,10.56,12.18,666.00,-12.15,26.86,18.37,3.09
14.41,-7.52,7.90,10.64,14.89,666.00,35.48,15.73,21.11,-19.49,-14.38,1.97,10.47,12.09,666.00,-12.01,27.15,18.27,3.00
14.55,-7.69,7.83,10.68,15.01,666.00,35.55,16.13,21.25,-19.59,-14.32,1.84,10.62,12.18,666.00,-12.15,27.35,18.37,3.09
14.69,-7.29,7.73,10.57,15.00,666.00,35.89,15.49,21.27,-19.88,-14.42,1.68,10.65,12.20,666.00,-12.12,27.42,18.37,3.09
14.92,-7.55,7.73,10.67,15.00,666.00,35.89,16.27,21.27,-19.88,-14.74,1.68,10.60,12.20,666.00,-12.12,27.73,18.19,2.97
15.05,-7.26,7.57,10.53,14.80,666.00,35.81,15.76,21.25,-19.59,-14.68,1.49,10.62,12.37,666.00,-12.26,27.54,18.37,3.09
15.28,-7.17,7.57,10.52,14.80,666.00,35.81,15.61,21.11,-19.72,-14.64,1.49,10.58,12.37,666.00,-12.26,27.34,18.37,3.09
15.41,-7.02,7.57,10.46,14.80,666.00,35.81,15.34,21.31,-19.97,-14.60,1.49,10.47,12.37,666.00,-12.26,27.13,18.37,3.09
15.54,-7.02,7.64,10.44,14.68,666.00,35.74,15.57,21.00,-20.31,-14.42,1.49,10.44,12.37,666.00,-12.26,26.90,18.19,2.97
15.67,-6.97,7.64,10.40,14.68,666.00,35.74,15.54,21.00,-20.31,-14.48,1.38,10.42,12.21,666.00,-12.33,27.07,18.32,3.08
15.80,-6.87,7.80,10.40,14.70,666.00,35.69,15.43,20.88,-20.61,-14.52,1.55,10.31,12.20,666.00,-12.36,26.88,18.32,3.08
15.93,-6.81,7.73,10.37,14.82,666.00,35.76,15.28,21.15,-20.89,-14.51,1.55,10.17,12.20,666.00,-12.36,26.68,18.32,3.08
16.07,-7.05,7.73,10.37,14.82,666.00,35.76,15.62,21.13,-21.20,-14.22,1.55,10.24,12.20,666.00,-12.36,26.35,18.32,3.08
16.20,-7.03,7.83,10.40,15.01,666.00,35.55,15.62,21.13,-21.20,-14.43,1.84,10.10,12.18,666.00,-12.15,26.60,18.19,2.97
16.33,-6.96,7.89,10.36,15.02,666.00,35.84,15.43,21.16,-21.18,-14.41,1.84,10.08,12.18,666.00,-12.15,26.72,18.19,2.97
16.46,-6.92,7.90,10.33,14.89,666.00,35.48,15.32,20.86,-20.92,-14.29,1.96,10.14,12.34,666.00,-11.81,26.62,18.07,2.61
16.59,-6.91,7.96,10.42,14.72,666.00,35.64,15.34,20.97,-21.41,-14.60,1.85,10.03,12.39,666.00,-11.87,26.91,18.41,3.00
16.72,-6.87,7.89,10.42,14.84,666.00,35.71,15.21,20.98,-21.34,-14.46,1.99,10.10,12.30,666.00,-11.73,26.80,18.17,3.07
16.86,-7.01,8.00,10.47,15.10,666.00,35.66,15.37,21.08,-21.38,-14.19,2.21,10.27,12.39,666.00,-11.61,26.67,17.93,3.04
16.99,-6.85,7.94,10.48,14.84,666.00,36.00,15.13,21.14,-21.49,-14.40,2.19,10.35,12.55,666.00,-11.78,27.05,18.11,3.19
17.12,-5.22,8.06,10.25,14.92,666.00,35.83,13.33,21.06,-21.69,-14.87,2.05,10.02,12.65,666.00,-11.92,27.60,18.03,3.16
17.25,-4.51,7.64,10.06,14.68,666.00,35.74,12.30,21.04,-21.48,-14.92,1.86,10.03,12.57,666.00,-11.72,27.66,17.93,3.07
17.38,-3.99,7.76,9.91,14.76,666.00,35.56,11.93,20.96,-21.68,-15.10,1.86,9.89,12.57,666.00,-11.72,27.59,18.38,2.77
17.52,-5.41,7.76,9.99,14.76,666.00,35.56,12.80,21.08,-21.86,-14.45,1.99,10.25,12.48,666.00,-11.85,26.98,18.08,2.82
17.75,-5.93,7.60,9.83,14.54,666.00,35.09,12.83,20.71,-21.73,-14.39,1.88,10.34,12.32,666.00,-11.92,26.85,18.17,2.61
17.88,-6.73,7.40,10.01,14.87,666.00,34.57,14.19,21.03,-22.29,-14.27,1.90,10.36,12.17,666.00,-11.74,26.68,18.17,2.61
18.02,-6.91,7.48,10.05,14.56,666.00,34.37,13.98,20.83,-22.53,-14.43,1.99,10.25,12.48,666.00,-11.85,26.79,18.04,2.50
18.15,-7.02,6.91,10.02,14.47,666.00,33.92,13.71,20.95,-22.79,-14.53,1.55,10.17,12.35,666.00,-11.86,26.79,17.99,2.49
18.39,-7.01,7.03,9.99,14.55,666.00,33.74,13.82,20.88,-22.68,-14.65,1.55,10.13,12.35,666.00,-11.86,26.97,17.99,2.49
18.52,-6.64,7.14,9.94,14.26,666.00,33.46,13.73,20.81,-22.99,-14.61,1.55,10.10,12.35,666.00,-11.86,26.95,17.99,2.49
18.66,-6.10,7.22,9.89,14.14,666.00,33.38,13.87,20.64,-23.19,-14.53,1.54,10.09,12.60,666.00,-11.66,26.80,17.97,2.22
18.79,-5.20,7.40,9.67,14.40,666.00,33.09,12.75,20.87,-23.24,-14.50,1.83,10.03,12.49,666.00,-11.55,26.82,17.87,2.13
18.91,-5.31,7.51,9.81,14.41,666.00,32.76,13.97,20.86,-23.43,-14.73,2.00,9.97,12.48,666.00,-11.58,27.22,17.87,2.13
19.05,-4.61,7.56,9.64,14.16,666.00,32.04,13.42,20.71,-23.52,-14.58,2.25,9.93,12.53,666.00,-11.38,27.33,17.90,1.23
19.26,-3.98,7.60,9.42,14.27,666.00,31.43,12.44,20.89,-23.67,-14.55,2.36,9.92,12.68,666.00,-11.31,27.40,18.04,0.74
19.39,-3.63,7.72,9.37,14.35,666.00,31.26,12.47,21.05,-24.70,-14.54,2.50,9.88,12.58,666.00,-11.17,27.39,18.02,0.15
19.52,-3.66,7.60,9.41,14.37,666.00,30.54,12.57,21.06,-24.01,-14.42,2.50,9.93,12.58,666.00,-11.17,27.29,17.98,-0.17
19.65,-3.72,7.50,9.49,14.52,666.00,30.47,12.82,21.07,-24.12,-14.48,2.51,9.84,12.33,666.00,-11.37,27.28,17.99,0.11
19.79,-3.87,7.50,9.56,14.52,666.00,30.47,13.21,20.96,-24.10,-14.25,2.37,9.89,12.43,666.00,-11.51,27.02,17.92,0.03
19.92,-4.47,7.26,9.58,14.36,666.00,30.44,13.47,21.04,-24.08,-14.22,2.39,9.91,12.27,666.00,-11.33,27.01,18.06,-0.16
20.06,-5.47,7.37,9.77,14.40,666.00,30.52,13.88,21.07,-24.05,-14.18,2.35,10.03,12.11,666.00,-11.48,27.04,18.06,-0.16
20.19,-5.72,7.58,9.89,14.17,666.00,30.48,14.68,21.00,-23.69,-14.06,2.64,10.08,12.49,666.00,-11.52,26.88,18.07,-0.39
20.31,-5.96,7.58,9.96,14.17,666.00,30.48,14.70,21.00,-23.69,-13.94,2.64,10.08,12.49,666.00,-11.52,26.71,18.07,-0.39
20.45,-5.97,7.52,10.02,14.34,666.00,30.32,14.53,21.06,-22.76,-13.99,2.66,10.03,12.33,666.00,-11.34,26.71,18.07,-0.39
20.60,-6.17,7.52,10.13,14.34,666.00,30.32,15.20,20.85,-22.83,-14.00,2.55,10.00,12.18,666.00,-11.41,26.56,18.04,-0.13
20.73,-5.22,7.33,9.97,14.38,666.00,30.57,13.86,21.21,-22.91,-14.14,2.55,9.92,12.18,666.00,-11.41,26.58,18.04,-0.13
20.86,-4.44,7.50,9.65,14.47,666.00,30.68,12.51,21.15,-23.08,-14.17,2.55,9.87,12.18,666.00,-11.41,26.63,18.04,-0.13
20.99,-4.20,7.50,9.60,14.47,666.00,30.68,12.56,21.30,-22.95,-14.17,2.55,9.82,12.18,666.00,-11.41,26.80,18.04,-0.13
21.12,-4.16,7.73,9.57,14.64,666.00,30.33,13.01,21.46,-22.47,-14.02,2.66,9.97,12.33,666.00,-11.34,26.78,18.08,-0.08
21.25,-4.53,8.14,9.83,14.53,666.00,30.36,15.18,21.47,-22.47,-14.15,2.77,9.97,12.64,666.00,-11.18,27.09,17.96,-0.44
21.39,-5.37,8.31,10.14,14.62,666.00,30.46,16.27,21.64,-22.84,-14.21,2.77,10.08,12.64,666.00,-11.18,27.34,18.05,-0.13
21.53,-5.43,8.14,10.23,14.53,666.00,30.36,16.62,21.44,-22.31,-14.36,2.89,10.05,12.54,666.00,-11.31,27.51,18.07,-0.16
21.66,-5.16,8.14,10.20,14.53,666.00,30.36,16.66,21.57,-22.49,-14.05,2.89,9.94,12.54,666.00,-11.31,27.22,17.89,-0.28
21.79,-4.13,7.82,9.90,14.49,666.00,30.45,14.76,21.55,-22.80,-14.04,2.57,9.88,12.57,666.00,-11.25,27.32,18.02,-0.47
21.92,-4.44,7.36,9.89,14.50,666.00,29.63,14.70,21.57,-21.55,-14.20,2.59,9.86,12.41,666.00,-11.08,27.71,18.06,-0.47
22.05,-5.23,7.31,10.06,14.50,666.00,27.94,15.25,22.30,-22.11,-14.45,3.18,9.97,12.61,666.00,-10.78,27.92,17.48,-0.79
22.18,-3.94,7.46,9.77,14.71,666.00,25.75,15.84,22.84,-22.75,-14.08,4.18,10.12,12.80,666.00,-9.97,28.47,17.97,-2.54
22.32,-5.90,7.03,11.15,16.92,666.00,13.55,28.72,30.49,-20.86,-12.57,8.03,11.28,14.97,173.76,-9.68,34.03,19.15,-6.44
22.55,-3.10,7.89,10.78,17.22,666.00,11.86,29.88,33.83,-22.63,-10.58,10.40,11.95,15.88,-4.18,-9.02,34.11,20.35,-8.60
22.69,-0.58,7.95,9.51,16.73,666.00,12.48,23.32,34.20,-22.27,-8.52,13.71,13.00,17.76,-2.84,-5.06,31.61,19.14,-3.98
22.82,-0.30,8.39,9.32,15.73,666.00,15.34,21.18,27.72,-14.91,-8.01,15.40,13.12,17.97,-2.69,-4.02,31.21,17.19,-5.21
22.95,-2.82,7.58,10.15,15.71,666.00,14.80,21.54,25.13,-12.72,-7.84,13.55,13.05,16.95,666.00,-5.34,28.06,17.80,-2.68
23.09,-5.57,6.99,11.64,16.95,666.00,14.94,24.17,25.07,-6.24,-9.13,11.37,12.35,15.00,666.00,-6.40,25.47,13.22,0.09
23.31,-5.77,7.00,12.10,16.74,666.00,14.17,24.75,25.58,-4.99,-9.84,11.32,12.35,15.08,666.00,-6.21,25.57,12.84,0.25
23.45,-4.25,8.32,11.96,16.82,666.00,14.71,25.60,26.85,-5.85,-9.94,12.53,12.46,16.10,666.00,-6.84,26.35,12.13,-0.56
23.58,-4.00,8.61,11.70,16.55,666.00,15.15,26.50,27.63,-5.34,-9.38,13.01,12.58,16.39,666.00,-6.72,26.38,13.55,-2.62
23.72,-3.81,8.91,11.67,16.60,666.00,15.18,26.24,26.40,-4.58,-9.59,13.59,12.58,16.01,666.00,-6.33,27.21,13.70,-2.79
23.85,-3.12,8.37,11.58,16.92,666.00,15.32,23.03,26.13,-4.23,-10.35,12.90,12.44,15.42,666.00,-6.39,28.39,14.09,-2.88
23.98,-4.23,7.39,11.69,16.85,666.00,15.09,21.17,25.37,-3.61,-10.99,11.73,12.39,15.38,666.00,-6.63,28.40,12.83,-1.95
24.12,-4.79,6.49,11.28,16.71,666.00,14.34,21.99,25.14,-3.38,-11.04,11.55,12.32,15.49,666.00,-7.22,27.34,11.92,-1.77
24.25,-5.77,6.14,11.19,16.61,666.00,14.39,25.16,25.38,-3.53,-11.21,11.25,12.42,15.49,666.00,-7.68,27.16,11.55,-2.18
24.39,-5.61,6.37,11.22,16.45,666.00,14.79,25.46,25.56,-3.63,-11.00,11.30,12.47,15.68,666.00,-7.94,27.17,12.50,-2.71
24.52,-5.04,6.43,10.83,16.28,666.00,14.76,24.76,26.03,-3.55,-10.95,11.63,12.38,15.67,666.00,-8.02,27.78,13.34,-2.75
24.66,-4.93,6.08,10.60,16.17,666.00,14.92,24.51,26.02,-3.53,-11.04,11.29,12.45,15.50,666.00,-7.83,28.14,13.24,-3.50
24.79,-5.10,5.77,10.51,16.32,666.00,15.10,24.55,26.09,-3.35,-11.02,10.89,12.48,15.32,666.00,-8.09,27.83,12.79,-3.14
24.92,-5.56,5.77,10.57,16.32,666.00,15.10,24.65,25.70,-3.25,-11.08,10.63,12.57,15.29,666.00,-8.28,27.45,12.20,-2.90
25.06,-6.08,5.93,10.69,16.44,666.00,15.19,25.36,25.86,-3.63,-11.07,10.58,12.60,15.54,666.00,-8.81,27.16,12.04,-2.56
25.20,-5.02,5.94,10.48,16.31,666.00,14.97,23.99,25.88,-3.54,-11.49,11.13,12.74,15.55,666.00,-8.55,27.98,12.48,-3.06
25.33,-4.85,6.36,10.51,16.24,666.00,14.77,24.00,25.97,-3.69,-11.35,11.46,12.77,15.54,666.00,-8.63,28.17,12.95,-3.35
25.47,-5.32,6.30,10.31,16.22,666.00,14.51,23.51,25.87,-3.72,-11.08,11.32,12.97,15.42,666.00,-8.95,27.59,13.08,-2.99
25.60,-5.68,6.50,10.46,16.00,666.00,14.29,24.19,25.94,-3.39,-10.82,11.49,12.91,15.44,666.00,-9.26,27.34,12.84,-3.13
25.75,-6.37,7.16,10.93,16.24,666.00,14.57,26.80,25.79,-3.82,-10.58,11.82,12.97,15.43,666.00,-9.34,27.02,12.61,-3.52
25.87,-5.97,7.38,11.02,16.39,666.00,14.59,25.63,25.90,-3.78,-10.52,11.61,13.13,15.57,666.00,-10.02,26.48,12.49,-3.52
26.02,-5.03,7.28,10.89,16.40,666.00,14.28,24.98,26.13,-3.69,-10.42,11.77,12.92,15.66,666.00,-10.10,25.48,12.55,-3.37
26.15,-4.97,7.45,11.12,16.28,666.00,14.63,23.58,25.85,-3.77,-10.49,11.67,13.10,15.86,666.00,-10.81,25.80,12.84,-3.45
26.28,-3.79,7.63,11.36,16.67,666.00,14.54,21.65,26.04,-3.66,-10.12,11.90,12.97,15.79,666.00,-10.27,25.34,12.82,-3.74
26.41,-2.60,8.17,11.04,16.54,666.00,14.69,20.86,26.09,-3.95,-10.17,11.64,12.86,15.94,666.00,-10.04,25.61,12.65,-3.82
26.56,-2.10,8.60,10.81,16.63,666.00,14.96,20.55,25.96,-4.19,-10.20,12.25,12.78,16.15,666.00,-10.04,26.27,12.25,-3.75
26.70,-2.04,8.95,10.70,16.43,666.00,14.98,20.50,25.88,-3.88,-9.41,12.46,12.86,16.06,666.00,-9.60,26.05,12.89,-3.13
26.84,-2.51,9.22,11.34,16.38,666.00,14.45,20.59,25.60,-3.70,-4.53,18.66,14.44,17.14,666.00,5.96,23.84,7.26,-9.12
26.97,-5.81,8.72,13.22,16.34,666.00,14.67,23.58,25.58,-3.53,3.74,23.06,17.81,20.11,666.00,13.80,23.87,10.34,4.77
27.10,-9.03,6.27,14.65,16.51,666.00,17.63,25.34,25.91,-1.33,13.62,30.09,18.08,22.80,666.00,38.84,21.53,9.07,-2.04
27.23,-10.27,6.61,15.11,17.31,666.00,19.13,28.50,26.65,-3.91,17.68,33.96,14.45,16.29,666.00,57.70,18.00,5.16,-7.69
27.36,-10.98,6.87,15.59,18.13,29.00,17.51,32.47,27.08,-3.85,14.69,30.09,13.15,9.28,666.00,65.94,17.10,5.59,11.44
27.50,-11.14,7.41,15.08,18.14,28.65,18.99,31.32,27.67,-0.50,8.20,24.65,11.59,8.92,666.00,58.97,9.00,2.57,10.93
27.63,-11.16,6.44,14.46,18.19,666.00,17.07,29.54,26.90,-3.13,-0.29,16.85,13.16,8.50,666.00,54.35,4.97,1.75,9.33
27.76,-13.90,6.37,11.95,18.17,-161.99,15.87,30.02,27.00,-2.87,-6.89,3.39,14.49,7.73,666.00,50.92,5.87,1.18,5.89
27.90,-14.34,7.47,11.15,18.21,666.00,15.48,29.51,27.49,-2.33,-8.60,0.33,15.00,7.90,666.00,51.15,7.20,2.11,5.73
28.03,-13.99,8.38,10.65,17.93,-162.54,18.02,31.22,27.67,-4.39,-8.26,2.04,14.45,8.54,666.00,50.35,8.07,2.47,1.20
28.19,-10.97,9.64,12.21,17.59,24.35,18.22,30.25,27.63,-5.38,-7.98,5.10,13.38,8.50,666.00,51.41,9.36,3.00,0.76
28.33,-11.19,9.52,10.58,17.29,666.00,18.20,29.19,27.51,-6.28,-7.52,4.87,12.54,8.01,666.00,51.28,8.42,2.93,0.08
28.47,-11.41,9.32,10.04,16.61,666.00,18.27,29.35,26.85,-5.26,-7.29,5.12,12.34,7.90,666.00,50.25,8.25,2.54,0.11
28.60,-11.40,8.95,9.69,16.45,666.00,17.13,28.40,26.05,-4.98,-7.20,5.48,12.48,8.00,666.00,50.68,8.49,2.44,0.02
28.74,-12.54,8.68,10.02,16.40,666.00,16.82,29.75,25.63,-4.74,-6.86,5.76,12.55,8.26,666.00,51.11,8.61,2.46,0.24
28.88,-12.53,8.58,9.91,16.55,666.00,16.72,28.52,25.59,-4.82,-6.67,5.78,12.60,8.63,666.00,51.21,8.83,2.80,0.02
29.02,-12.31,9.06,9.68,16.69,666.00,17.07,29.96,25.58,-5.18,-6.62,5.77,12.75,8.71,666.00,49.35,9.00,3.15,0.26
29.16,-11.96,8.54,9.50,16.39,666.00,16.93,29.52,26.23,-4.90,-6.37,6.19,12.96,8.77,666.00,48.73,9.08,3.03,-0.04
29.29,-11.25,8.53,9.71,16.39,666.00,17.07,29.41,26.09,-5.12,-6.25,6.49,13.05,8.89,666.00,48.69,9.22,3.05,-0.31
29.43,-11.11,8.36,10.04,16.29,666.00,16.99,29.37,26.17,-4.97,-6.20,6.65,12.99,8.98,666.00,48.82,9.26,3.12,0.04
29.56,-11.13,8.27,9.98,16.07,666.00,16.80,28.45,26.27,-4.86,-5.87,6.61,13.06,9.14,666.00,49.15,8.95,3.19,0.27
29.69,-9.79,8.45,10.79,16.03,666.00,16.53,27.39,26.01,-4.93,-5.92,6.88,12.97,9.10,666.00,49.65,9.04,2.81,0.29
29.82,-10.01,7.90,10.36,15.90,666.00,16.42,26.88,26.23,-5.15,-5.47,6.89,13.10,9.48,666.00,49.74,8.88,3.14,0.58
29.95,-10.18,8.07,9.93,15.63,666.00,16.42,28.47,26.01,-5.11,-4.87,7.14,13.51,9.79,666.00,50.03,8.64,3.45,0.57
30.09,-9.88,7.91,9.96,15.53,666.00,16.33,26.75,25.92,-5.06,-4.75,7.27,13.45,9.86,666.00,49.85,8.59,3.71,0.57
30.22,-10.03,7.91,10.09,15.53,666.00,16.33,26.85,26.08,-5.26,-4.83,7.18,13.43,9.63,666.00,49.69,8.73,3.76,0.77
30.35,-11.22,8.17,9.82,15.49,666.00,16.66,27.96,25.91,-5.25,-5.05,7.41,13.65,9.72,666.00,48.94,9.19,3.72,0.49
30.58,-9.90,8.35,10.44,16.01,666.00,16.74,26.59,26.19,-5.27,-5.45,7.55,13.27,9.96,666.00,48.26,9.88,3.97,0.04
30.72,-3.04,18.97,24.02,18.66,666.00,68.02,26.72,26.06,-11.40,-5.23,11.05,11.61,11.54,666.00,23.94,13.18,4.22,8.42
30.93,0.45,21.12,29.60,16.46,666.00,88.29,29.04,24.29,-5.44,-1.21,13.86,9.29,11.71,666.00,21.61,15.17,3.39,10.68
31.06,4.60,21.23,29.23,15.66,666.00,92.45,22.52,18.51,19.07,1.78,17.80,3.84,12.41,666.00,16.41,16.84,2.59,4.72
31.19,9.34,21.38,32.63,14.24,666.00,95.88,20.68,12.26,14.75,7.50,23.89,-5.24,7.45,666.00,31.28,12.32,2.76,3.26
31.32,20.10,27.08,29.49,11.72,666.00,110.91,13.84,7.56,15.24,5.72,24.48,-2.30,4.40,666.00,35.76,20.81,3.51,2.33
31.45,23.40,26.87,26.07,11.83,666.00,112.19,9.99,6.30,15.47,3.03,21.89,-2.38,3.16,666.00,30.14,15.76,5.70,9.98
31.58,24.20,26.74,25.03,9.27,666.00,115.89,9.54,6.03,19.04,1.75,21.01,-1.19,3.06,666.00,27.72,16.52,2.51,-0.22
31.72,23.03,24.61,24.27,10.00,666.00,110.47,10.84,5.50,24.90,2.73,21.54,-3.05,0.90,666.00,32.43,21.86,3.85,0.73
31.85,19.64,24.56,24.88,10.12,666.00,111.66,11.14,6.15,25.82,5.46,22.96,-3.49,1.06,666.00,33.79,20.21,3.86,-0.25
31.98,17.36,25.78,27.91,10.12,666.00,114.55,11.58,6.76,25.83,4.50,25.09,0.76,4.29,666.00,33.04,29.74,11.78,11.50
32.12,13.50,24.64,32.06,16.02,666.00,110.95,14.83,7.02,23.43,9.94,25.94,-4.78,5.39,666.00,32.86,18.90,14.11,6.36
32.25,11.07,23.20,33.04,16.49,666.00,108.88,16.06,8.55,21.10,3.75,17.27,4.12,10.86,666.00,18.74,15.21,13.30,5.71
32.48,9.74,24.00,32.08,14.91,666.00,109.88,16.29,9.42,19.85,-0.13,14.04,7.94,11.96,666.00,12.39,11.69,12.02,7.59
32.62,9.80,24.43,31.65,14.19,666.00,109.11,17.17,9.74,17.83,-2.48,13.13,14.28,12.17,60.96,11.61,57.91,11.28,9.55
32.75,10.10,24.94,30.27,12.87,666.00,109.43,16.51,9.39,17.25,5.63,16.07,-0.94,14.63,666.00,13.44,18.01,23.13,-4.21
32.96,13.03,25.24,27.26,11.06,666.00,110.67,15.76,8.97,17.51,10.79,22.21,3.35,16.11,-128.36,20.68,47.67,32.90,-8.45
33.12,15.06,23.05,17.89,2.53,666.00,110.95,14.52,8.40,20.95,34.94,50.46,-28.28,-3.74,-112.44,55.98,47.99,47.97,-22.65
33.35,17.42,23.84,14.65,0.54,666.00,111.34,15.87,9.03,20.32,38.89,52.10,-32.51,-27.67,-97.56,55.39,65.35,45.69,-27.01
33.50,17.99,25.57,14.68,-0.57,666.00,113.41,18.39,10.92,23.33,37.91,52.70,-33.85,-24.58,-98.76,51.39,44.74,51.22,-45.32
33.63,18.45,22.95,13.70,-2.58,666.00,112.75,21.32,8.58,23.72,36.19,52.10,-25.63,-26.98,-97.79,53.11,58.64,49.44,-44.38
33.79,17.81,22.81,13.08,-3.75,666.00,112.46,24.30,8.51,27.20,37.81,50.81,-29.39,-34.95,-90.14,55.11,56.34,47.33,-45.77
33.92,18.03,22.54,10.97,-5.32,666.00,113.96,24.94,11.08,27.19,35.69,50.30,-26.07,-34.05,-92.47,55.17,58.76,46.34,-53.37
34.05,18.45,21.34,10.77,-2.56,666.00,120.01,26.01,14.89,26.32,35.32,50.78,-24.34,-34.61,-93.06,58.00,61.30,50.69,-67.20
34.19,17.94,21.17,10.33,-2.87,666.00,119.28,26.29,15.33,26.48,36.28,50.47,-24.60,-34.46,-90.86,58.15,61.85,51.16,-69.04
34.31,17.67,20.88,10.30,-4.31,666.00,120.56,26.24,13.87,24.07,36.05,50.10,-24.95,-33.76,-90.38,58.23,60.11,51.15,-67.43
34.46,16.89,21.78,10.80,-7.94,666.00,120.24,24.02,10.67,23.29,37.07,50.66,-26.98,-33.15,-88.89,58.02,59.88,50.79,-60.82
34.58,17.59,22.34,11.09,-10.16,666.00,118.93,24.20,8.40,24.95,38.20,50.84,-26.04,-32.72,-89.61,57.83,63.86,50.56,-54.91
34.82,11.13,23.02,14.13,-5.67,666.00,108.45,22.71,10.27,25.64,38.85,50.71,-25.51,-23.61,-89.42,55.89,59.80,52.45,-49.20
34.96,6.00,24.74,19.90,1.31,666.00,89.36,28.35,14.99,25.87,32.77,48.02,-16.75,-13.54,-98.59,54.13,41.24,54.70,-46.32
35.10,-3.02,23.31,21.92,9.40,39.40,69.86,32.24,22.96,-26.16,17.89,39.25,7.53,7.19,-127.33,43.63,47.51,43.94,-36.65
35.25,-9.14,13.72,18.88,18.81,666.00,33.79,29.38,31.55,-23.66,-7.12,18.79,18.65,21.62,15.52,10.24,33.92,48.27,-31.78
35.39,-15.19,8.59,15.82,18.07,666.00,36.48,27.25,33.08,-33.68,-16.93,2.33,18.25,24.11,666.00,-13.20,24.50,20.09,-36.57
35.53,-17.67,-2.73,13.88,16.01,-156.77,23.52,30.60,30.73,-44.10,-19.66,0.28,16.02,21.00,666.00,-12.66,17.38,8.94,-40.04
35.67,-17.51,-5.05,13.60,14.85,-156.00,19.27,31.13,28.18,-47.49,-17.24,-2.01,13.11,17.48,666.00,-11.23,24.11,12.34,-44.33
35.82,-12.96,-4.02,11.16,13.94,666.00,20.19,25.06,25.34,-48.26,-12.91,-1.11,12.66,16.57,666.00,-9.79,23.85,15.12,-45.17
35.96,-14.50,0.03,13.12,12.60,-153.90,22.57,32.57,23.92,-50.41,-11.75,2.99,12.59,16.53,666.00,-5.65,24.27,14.58,-48.20
36.09,-13.93,1.72,13.07,12.40,-154.53,21.45,32.92,24.02,-50.20,-11.23,3.93,12.60,16.27,666.00,-5.28,24.14,18.04,-43.92
36.22,-10.45,2.48,12.51,13.60,666.00,20.17,26.32,25.70,-49.83,-11.35,3.99,12.24,15.98,666.00,-5.16,24.24,17.96,-38.87
36.35,-9.74,2.65,11.96,14.25,666.00,20.75,24.78,26.14,-49.44,-11.82,3.38,12.12,16.27,666.00,-7.67,24.58,18.44,-33.00
36.48,-9.00,3.06,11.68,14.54,666.00,19.57,23.77,25.93,-49.55,-12.31,4.35,12.03,16.00,666.00,-6.17,24.65,17.67,-33.19
36.62,-8.10,3.59,11.15,14.53,666.00,19.33,20.87,26.31,-49.47,-12.78,5.06,12.17,15.66,666.00,-6.32,25.06,17.50,-32.39
36.75,-6.76,4.29,10.77,14.50,666.00,20.75,20.56,26.49,-48.92,-12.59,5.16,12.11,16.15,666.00,-8.57,25.51,17.91,-27.44
36.97,-8.12,4.84,10.91,14.76,666.00,20.70,21.94,26.21,-47.34,-12.40,5.54,12.27,16.01,666.00,-8.30,26.88,18.33,-24.84
37.10,-8.90,4.76,11.27,14.98,666.00,21.55,22.70,26.02,-44.72,-12.01,5.73,12.31,15.78,666.00,-8.52,27.52,18.41,-24.17
37.23,-9.26,4.37,11.55,15.49,666.00,21.59,22.91,26.01,-43.96,-11.96,5.26,12.23,15.24,666.00,-8.86,27.35,19.01,-23.03
37.36,-9.53,4.09,11.58,15.44,666.00,21.88,21.83,25.54,-43.32,-11.96,5.09,12.20,15.15,666.00,-9.06,26.87,17.67,-22.99
37.49,-9.95,4.14,11.63,15.18,666.00,22.17,18.96,24.26,-42.68,-11.87,4.89,12.30,15.25,666.00,-9.25,26.34,17.18,-22.69
37.62,-10.79,3.54,11.77,15.53,666.00,22.53,15.53,23.95,-41.51,-11.81,4.68,12.29,15.25,666.00,-9.00,26.12,17.34,-23.24
37.75,-11.16,3.95,11.80,15.27,666.00,23.66,18.66,22.65,-39.74,-11.69,4.86,12.17,14.69,666.00,-8.80,25.81,17.17,-23.51
37.89,-10.77,4.42,11.35,14.74,666.00,23.94,22.49,23.71,-32.64,-11.27,5.53,12.05,14.00,666.00,-8.00,25.20,17.54,-31.22
38.12,-9.58,4.64,10.84,14.16,666.00,24.76,21.24,23.56,-33.76,-11.15,5.38,12.02,14.07,666.00,-8.05,24.95,17.41,-31.96
38.25,-9.42,4.29,10.88,14.41,666.00,24.02,22.03,24.12,-33.13,-11.17,5.33,11.90,14.28,666.00,-8.09,24.95,17.34,-33.99
38.38,-10.11,3.78,11.10,14.50,666.00,21.93,24.61,25.04,-33.97,-11.18,5.02,11.84,14.45,666.00,-8.33,24.83,16.93,-34.15
38.52,-8.26,2.92,10.68,14.54,666.00,18.84,22.64,26.61,-36.23,-11.30,4.94,11.66,14.20,666.00,-8.32,24.62,16.88,-33.94
38.65,-8.05,3.13,10.42,14.58,666.00,18.91,22.69,26.76,-36.92,-11.36,4.78,11.62,14.20,666.00,-8.27,24.56,17.26,-34.03
38.78,-7.35,2.92,9.96,14.43,666.00,18.00,21.68,27.12,-36.93,-11.46,5.11,11.61,14.37,666.00,-8.31,24.59,17.38,-34.49
38.92,-7.35,2.91,9.94,14.38,666.00,15.57,22.48,27.60,-39.59,-11.45,5.11,11.60,14.06,666.00,-9.09,26.41,18.09,-38.64
39.06,-8.63,2.81,11.33,15.04,14.33,14.59,31.45,30.23,-45.23,-11.41,5.39,11.60,14.55,-4.76,-12.34,36.28,20.67,-42.33
39.19,-8.20,3.01,12.54,16.01,6.11,12.19,42.01,34.70,-49.01,-10.88,5.79,12.14,15.35,-7.53,-14.18,50.33,36.70,-55.35
39.33,-10.08,7.99,14.10,18.62,4.08,6.62,55.06,52.69,-58.53,-10.48,7.67,12.65,17.06,-11.52,-15.99,64.71,46.03,-58.11
39.46,-7.96,9.26,13.51,18.24,2.89,4.91,65.91,61.84,-60.85,-3.42,11.89,13.39,19.61,-15.14,-17.01,75.87,67.46,-63.45
39.59,2.89,9.84,8.35,17.71,-11.31,3.79,84.10,70.59,-62.18,-2.17,12.36,12.95,19.96,-12.93,-17.18,82.68,73.67,-64.44
39.73,-2.96,8.89,10.33,18.32,-6.06,2.15,85.25,83.19,-65.06,-1.22,11.87,12.49,20.24,-12.06,-17.76,85.60,77.73,-65.55
39.85,2.46,8.50,7.69,18.74,-13.66,1.56,82.97,84.10,-66.85,-0.46,9.74,11.68,19.60,-11.94,-19.08,87.77,81.06,-66.57
39.98,-0.34,8.48,9.63,19.01,-7.47,1.02,80.21,83.81,-67.39,-0.35,10.00,11.51,19.49,-12.03,-19.07,86.85,80.17,-68.67
40.12,1.77,8.17,8.12,18.34,-2.56,1.78,81.54,84.32,-68.49,-0.53,9.37,11.11,19.41,-10.31,-19.22,87.44,80.04,-68.82
40.25,-4.64,8.22,9.73,18.57,-2.67,1.98,87.90,85.29,-69.10,-1.36,8.29,10.25,19.30,-8.20,-18.95,88.35,81.41,-69.93
40.39,-1.89,8.73,8.48,18.74,-7.28,2.17,82.52,87.59,-71.70,-5.22,7.99,7.51,18.93,-15.14,-18.58,93.02,84.49,-74.16
40.59,-6.66,9.21,12.37,18.64,-0.90,2.68,87.78,87.95,-72.15,-9.06,7.99,5.67,18.93,161.85,-18.58,93.87,84.53,-75.29
40.72,-3.76,9.63,8.28,17.99,-3.76,3.66,86.51,87.28,-71.59,-11.65,8.15,4.51,18.85,162.15,-17.91,95.67,83.95,-75.44
40.85,-5.94,9.78,11.54,18.12,0.08,3.74,87.28,86.67,-71.54,-11.83,7.63,4.30,18.16,162.90,-17.84,99.90,83.43,-74.10
40.98,-7.55,9.72,11.83,18.30,0.19,3.58,87.90,85.69,-71.21,-12.08,7.66,4.59,17.98,161.50,-17.67,96.01,82.27,-74.03
41.12,-4.49,9.15,8.85,18.38,-2.86,3.80,85.99,86.24,-71.26,-12.50,7.05,4.04,18.00,161.18,-17.75,96.17,83.32,-74.45
41.33,-6.45,9.68,7.97,18.61,-4.80,3.90,88.60,86.39,-70.80,-12.50,7.66,4.77,17.98,163.01,-17.67,95.49,83.25,-74.21
41.46,-5.17,9.91,8.41,18.39,-4.14,3.88,87.67,86.62,-70.43,-12.47,7.66,5.00,17.98,163.10,-17.67,95.32,84.08,-74.22
41.59,-3.96,10.12,7.65,18.17,-4.81,4.05,87.37,86.82,-70.39,-10.51,7.31,5.90,18.17,164.08,-17.75,93.94,84.41,-74.30
41.72,-5.13,11.25,11.01,18.38,-2.11,3.65,87.93,86.36,-69.96,-10.80,7.75,5.67,18.32,163.26,-17.79,94.15,84.45,-74.32
41.85,-4.03,11.76,9.06,18.15,-2.59,3.81,82.76,84.04,-69.31,-11.29,8.49,5.82,18.46,164.53,-17.65,96.99,82.94,-73.91
41.99,-4.16,11.22,9.67,17.52,-0.76,4.34,70.78,80.16,-70.29,-10.54,8.49,7.27,18.46,163.98,-17.65,78.98,74.84,-72.64
42.12,-5.98,10.38,13.33,17.30,7.04,4.72,52.67,63.67,-61.55,-11.19,9.15,10.05,17.45,170.43,-17.13,60.10,65.88,-67.82
42.25,-7.39,7.82,13.54,16.61,13.69,7.26,40.52,56.57,-60.25,-10.48,8.01,11.28,16.16,-2.23,-16.47,45.56,56.63,-58.84
42.39,-11.34,5.85,12.66,15.25,16.34,9.05,34.02,44.88,-53.44,-10.25,6.76,10.37,14.45,-0.87,-12.76,30.89,30.07,-55.45
42.52,-12.36,1.78,11.69,13.88,666.00,11.77,25.88,25.95,-51.24,-12.39,6.59,9.77,13.86,666.00,-12.15,25.56,21.39,-54.01
42.66,-15.34,1.84,12.59,13.73,666.00,11.93,29.15,22.40,-49.40,-13.33,4.00,9.47,11.79,666.00,-11.50,25.30,15.88,-47.51
42.78,-12.43,1.84,11.18,13.73,666.00,11.93,24.32,22.30,-46.21,-12.97,4.00,9.41,11.79,666.00,-11.50,24.63,15.88,-47.51
42.91,-10.28,1.93,10.35,13.73,666.00,12.24,23.96,26.75,-49.65,-12.49,3.94,9.53,11.79,666.00,-11.82,25.24,15.88,-47.51
43.04,-8.17,0.32,9.71,14.07,666.00,12.50,22.92,29.98,-48.96,-11.91,3.94,9.59,11.79,666.00,-11.82,27.09,18.81,-45.42
43.18,-9.91,2.67,10.78,13.88,666.00,15.54,28.08,28.74,-48.43,-11.21,4.87,9.62,11.54,666.00,-8.55,26.72,20.16,-48.80
43.41,-9.36,2.44,10.57,14.35,666.00,15.32,26.70,28.74,-48.50,-11.40,4.83,9.81,11.75,666.00,-8.80,27.11,19.97,-48.93
43.54,-11.54,2.64,11.55,14.93,23.45,15.39,30.28,28.47,-48.61,-11.63,4.16,10.05,11.97,666.00,-9.61,27.58,20.43,-48.58
43.66,-11.99,2.69,11.91,14.76,-159.03,15.68,31.28,28.37,-48.63,-11.75,4.34,10.08,12.03,666.00,-9.59,27.76,21.11,-47.66
43.79,-11.51,2.65,12.28,14.90,22.26,16.05,30.63,27.83,-32.80,-11.70,4.47,10.06,11.93,666.00,-9.45,28.13,21.34,-46.57
43.92,-11.66,4.32,12.68,15.01,23.61,17.17,32.22,27.15,-7.89,-11.60,5.20,10.00,12.55,666.00,-8.44,28.68,20.60,-47.74
44.05,-9.67,4.51,12.36,14.99,666.00,16.90,29.51,26.93,-7.67,-11.26,7.21,10.13,12.72,666.00,-3.25,28.11,18.79,-52.64
44.19,-7.28,5.24,12.20,15.15,666.00,16.76,27.14,26.32,-7.72,-9.52,7.36,10.74,12.65,666.00,-2.92,28.05,18.64,-52.92
44.32,-6.11,5.24,12.56,15.15,666.00,16.76,27.38,26.10,-1.15,-7.41,7.36,11.49,12.65,2.43,-2.92,30.77,18.74,-48.32
44.45,-2.66,9.94,12.75,15.66,666.00,16.84,25.25,25.74,-7.19,-5.39,14.54,12.06,15.50,1.44,-0.68,32.79,21.55,-29.95
44.61,-0.22,11.02,12.77,15.94,666.00,16.52,26.11,27.83,-10.67,-3.29,15.91,12.55,15.92,1.52,-0.34,32.99,23.17,-32.60
44.73,1.35,14.47,13.13,16.63,666.00,17.85,26.95,31.02,-15.33,-0.35,21.13,13.01,16.23,2.01,7.45,32.42,20.09,-36.19
44.86,3.95,16.88,13.73,16.56,666.00,24.50,28.19,31.59,-20.60,3.77,23.08,13.69,17.09,1.17,8.74,31.62,22.99,-38.45
44.99,7.25,21.12,14.32,17.45,666.00,24.05,28.92,35.34,-31.61,5.98,28.49,14.18,18.36,-1.71,9.54,32.55,21.48,-38.96
45.12,6.92,24.54,14.47,18.40,666.00,24.63,29.31,32.37,-32.29,6.23,28.66,14.27,18.87,-1.19,9.69,32.36,23.10,-38.83
45.25,4.89,23.61,14.54,18.13,666.00,24.49,22.51,32.85,-32.37,0.50,28.41,13.95,18.95,666.00,9.92,27.89,16.90,-36.73
45.39,-6.27,15.13,13.36,18.78,666.00,18.03,20.32,34.66,-26.38,-11.02,14.72,11.50,17.12,666.00,-4.83,28.07,19.70,-27.53
45.52,-19.96,-5.82,12.27,15.44,666.00,18.88,21.43,24.69,-18.37,-18.45,-0.13,10.46,12.03,666.00,-9.59,17.01,12.29,-19.21
45.73,-18.80,-5.56,11.67,15.04,666.00,20.15,21.64,23.15,-18.57,-19.71,-1.40,11.11,11.52,666.00,-10.51,23.06,8.41,-19.37
45.86,-7.55,2.56,12.64,13.58,666.00,21.64,24.60,19.33,-21.34,-10.73,5.83,12.00,13.82,666.00,-3.99,27.24,11.19,-25.46
45.98,0.58,9.80,13.76,14.28,666.00,20.01,28.61,22.89,-24.98,-2.73,11.69,12.84,15.20,-1.98,-0.72,32.43,18.67,-31.43
46.12,3.18,13.76,14.29,16.11,16.27,19.21,30.60,42.17,-31.29,0.69,13.42,13.67,15.73,-2.63,-0.30,37.05,25.97,-31.87
46.25,2.29,19.43,14.20,17.94,666.00,22.86,26.46,38.87,-32.37,0.39,23.33,13.91,18.45,-0.89,7.82,35.75,27.00,-35.53
46.39,-14.57,5.13,13.70,17.18,666.00,16.91,26.19,24.24,-21.90,-11.12,10.72,12.45,16.03,666.00,-6.60,22.08,12.33,-23.58
46.59,-22.02,1.05,14.52,16.56,666.00,17.46,21.88,20.19,-19.42,-20.13,4.39,11.82,15.17,666.00,-8.97,15.93,5.79,-19.67
46.73,-22.96,-8.05,15.01,16.68,666.00,15.89,23.57,24.98,-16.94,-22.99,2.93,11.83,14.64,666.00,-9.58,15.95,0.17,-18.40
46.87,-18.82,-4.10,13.96,16.30,666.00,16.01,26.60,24.23,-18.68,-17.36,2.93,12.02,14.64,666.00,-9.58,23.35,2.31,-19.75
47.00,-7.30,2.02,13.02,16.01,666.00,16.41,29.01,32.43,-23.17,-8.56,6.27,13.17,15.09,666.00,-6.26,28.12,5.68,-24.56
47.13,-1.72,12.63,13.39,17.75,15.45,15.73,31.05,36.89,-30.28,-3.41,16.47,13.89,17.68,-1.58,-0.77,34.61,11.86,-32.07
47.26,-0.63,13.06,13.61,18.08,16.75,15.74,30.84,44.16,-30.93,-2.39,18.04,13.99,17.93,-0.59,4.32,36.67,25.67,-33.12
47.40,-1.72,12.48,13.44,17.54,666.00,16.66,25.05,37.55,-28.35,-3.24,15.96,13.37,16.90,666.00,-2.13,29.95,22.34,-29.38
47.53,-9.13,4.81,13.40,15.98,666.00,15.06,24.21,36.52,-22.77,-8.53,12.05,12.64,15.70,666.00,-4.68,22.05,17.74,-24.09
47.66,-14.60,1.77,14.26,16.69,666.00,15.22,23.52,29.30,-18.70,-14.43,6.48,12.90,14.97,666.00,-8.80,19.58,5.60,-16.58
47.80,-15.69,-1.65,14.56,17.71,666.00,14.87,21.56,30.61,-17.44,-16.48,3.74,13.06,15.55,666.00,-11.78,20.42,5.44,-14.60
47.93,-13.90,1.29,14.58,17.78,666.00,14.12,27.65,32.21,-18.47,-15.02,4.49,13.14,16.22,666.00,-12.07,21.14,5.84,-15.85
48.05,-9.66,4.37,14.22,18.22,15.76,15.05,32.05,36.39,-21.73,-10.93,9.23,13.08,17.01,666.00,-8.27,29.77,15.64,-22.68
48.19,-5.48,6.59,14.03,18.05,666.00,15.81,29.32,40.00,-23.63,-8.60,11.32,12.84,16.67,0.71,-5.36,34.09,19.65,-24.99
48.32,-4.61,8.11,13.70,17.26,666.00,16.43,28.77,35.53,-23.52,-8.09,12.43,12.55,15.98,1.16,-4.23,33.85,21.26,-25.79
48.45,-8.32,6.21,13.52,17.17,666.00,15.60,28.13,33.24,-21.73,-8.56,10.99,12.09,15.02,666.00,-5.38,27.19,20.08,-23.79
48.58,-10.62,4.07,13.98,17.25,666.00,14.95,25.30,32.96,-20.46,-11.01,9.30,12.01,14.93,666.00,-6.64,20.31,10.52,-22.09
48.72,-12.20,2.29,14.74,18.62,666.00,14.11,26.06,28.19,-20.69,-15.36,4.71,12.30,15.38,666.00,-13.00,22.42,12.56,-19.45
48.95,-12.41,2.79,14.35,18.27,666.00,14.86,26.61,28.76,-21.35,-15.71,5.29,12.03,15.03,666.00,-12.54,24.93,13.84,-22.00
49.08,-12.80,3.43,14.04,17.30,666.00,15.17,29.27,28.92,-21.64,-15.17,6.40,11.91,14.97,173.61,-11.62,30.17,18.42,-24.62
49.22,-10.37,4.56,14.08,16.78,666.00,16.18,28.49,29.11,-21.06,-13.48,6.79,11.78,15.15,666.00,-11.09,29.79,20.35,-24.96
49.35,-10.27,4.37,13.70,16.71,666.00,15.76,27.94,28.46,-20.79,-12.55,7.50,11.98,15.32,666.00,-9.95,28.69,19.01,-25.84
49.47,-10.08,3.88,13.60,16.70,666.00,16.00,27.96,28.23,-20.76,-12.36,7.19,12.12,15.42,666.00,-9.30,27.51,16.30,-25.29
49.61,-10.94,3.25,14.03,16.86,666.00,15.60,27.33,27.68,-21.84,-12.70,6.46,12.22,15.46,666.00,-10.15,25.39,14.95,-25.21
49.75,-10.53,3.17,14.04,16.66,666.00,14.86,27.36,27.68,-21.58,-13.05,6.35,11.97,15.46,666.00,-10.74,23.85,14.15,-24.60
49.89,-10.34,3.39,13.89,16.62,666.00,15.12,28.55,28.20,-21.87,-13.26,6.19,12.15,15.74,666.00,-11.05,24.24,14.68,-25.57
50.01,-11.62,3.93,13.59,16.89,666.00,15.19,29.87,28.87,-22.01,-12.96,6.38,12.51,15.56,666.00,-10.93,25.04,15.57,-25.66
50.15,-11.35,4.45,13.66,16.87,666.00,15.76,29.93,28.63,-22.59,-12.73,6.80,12.54,15.60,666.00,-10.76,25.83,16.18,-25.87
50.28,-11.12,4.45,13.73,16.87,666.00,15.76,29.65,28.50,-22.41,-12.26,6.59,12.61,15.58,666.00,-10.51,25.53,16.62,-26.06
50.42,-11.18,4.45,13.81,16.87,666.00,15.76,30.00,27.95,-22.51,-12.05,6.47,12.64,15.43,666.00,-10.57,25.32,16.40,-25.83
50.55,-11.03,4.30,13.98,17.06,666.00,15.35,29.56,27.53,-21.91,-11.95,6.48,12.48,15.61,666.00,-10.68,25.02,15.22,-25.27
50.68,-10.23,4.30,14.15,17.06,666.00,15.35,28.36,27.50,-22.21,-12.27,6.22,12.22,15.57,666.00,-10.88,25.10,15.69,-25.80
50.82,-10.89,4.49,13.98,17.03,666.00,15.20,28.21,27.04,-22.32,-12.21,6.39,12.42,15.45,666.00,-10.76,24.84,15.47,-25.93
50.95,-11.05,4.29,13.93,16.85,666.00,15.52,28.20,27.25,-22.54,-12.28,6.40,12.34,15.19,666.00,-10.68,24.74,15.50,-25.90
51.07,-11.67,4.43,13.89,16.78,666.00,15.54,28.92,27.19,-22.61,-12.11,6.41,12.56,15.37,666.00,-10.79,24.59,15.76,-26.27
51.20,-11.42,4.35,14.09,16.89,666.00,15.65,29.03,27.22,-22.25,-12.69,6.40,12.25,15.39,666.00,-11.06,25.55,15.76,-26.02
51.33,-11.83,4.09,14.16,16.68,666.00,15.71,29.66,27.09,-22.11,-12.98,6.28,12.23,15.24,666.00,-11.12,25.94,15.71,-26.00
51.47,-12.41,4.09,13.95,16.68,15.77,15.71,30.06,27.13,-22.16,-12.94,6.11,12.41,15.30,666.00,-11.44,25.76,15.44,-25.96
51.60,-11.92,3.97,13.99,16.82,666.00,15.63,29.17,27.28,-22.14,-13.01,6.10,12.45,15.31,666.00,-11.70,25.61,15.45,-25.71
51.73,-12.99,3.90,13.73,16.70,15.24,15.98,31.01,27.44,-22.43,-13.08,6.10,12.49,15.55,666.00,-11.51,25.98,15.41,-25.99
51.87,-12.78,3.63,13.84,16.59,16.20,16.18,30.77,27.56,-22.57,-13.02,5.93,12.49,15.56,666.00,-11.47,25.79,15.53,-26.16
52.00,-12.51,3.80,13.96,16.61,17.05,16.14,30.55,27.56,-22.57,-13.11,6.03,12.47,15.19,666.00,-11.32,25.81,15.54,-26.04
52.13,-12.08,3.73,14.05,16.38,666.00,15.93,29.95,27.34,-22.39,-13.53,5.89,12.37,15.30,666.00,-11.46,26.61,15.65,-25.96
52.26,-12.23,3.41,14.06,16.35,18.34,16.03,30.15,27.04,-22.33,-13.60,5.65,12.40,15.42,666.00,-11.50,26.59,15.49,-26.21
52.39,-12.09,3.41,13.87,16.35,666.00,16.03,29.79,26.79,-22.41,-13.49,5.65,12.40,15.42,666.00,-11.50,26.30,15.29,-26.30
52.52,-12.10,3.48,13.99,16.58,666.00,16.24,29.83,27.10,-22.72,-13.72,5.65,12.36,15.42,666.00,-11.50,27.00,15.48,-26.18
52.65,-12.19,3.73,14.07,16.38,666.00,15.93,29.90,27.21,-22.29,-13.66,6.11,12.39,15.30,666.00,-11.44,27.05,15.37,-26.26
52.79,-12.10,3.73,14.09,16.38,666.00,15.93,29.80,27.48,-22.57,-13.52,5.97,12.47,15.40,666.00,-11.57,26.61,15.67,-26.05
52.92,-11.98,3.27,14.12,16.52,666.00,15.41,29.76,27.94,-22.17,-14.23,5.37,12.39,15.44,666.00,-11.66,27.85,16.24,-26.01
53.06,-13.75,0.42,13.96,16.45,666.00,11.58,26.77,29.82,-18.39,-16.29,2.38,11.58,14.67,173.53,-14.92,30.88,19.29,-22.65
53.19,-16.61,-2.35,13.20,15.26,-163.91,7.86,32.92,32.17,-20.98,-17.89,1.01,11.62,14.51,174.78,-15.87,31.87,20.23,-24.19
53.32,-17.00,-4.56,12.60,14.79,-164.04,5.94,32.00,31.81,-21.75,-19.07,-0.06,11.80,14.36,176.45,-16.50,32.10,20.66,-24.45
53.45,-17.24,-4.72,12.29,14.99,-164.13,6.36,30.75,31.39,-21.88,-19.69,-1.46,11.67,14.32,176.25,-16.71,32.68,21.12,-25.44
53.59,-16.67,-4.31,12.54,15.29,-163.57,7.08,31.54,31.25,-22.47,-20.29,-1.66,11.53,14.38,175.18,-16.88,33.51,21.83,-25.70
53.72,-16.99,-3.17,12.81,15.72,-164.27,8.12,33.60,31.39,-23.51,-20.22,-0.99,11.49,14.59,174.97,-16.68,33.59,21.65,-25.88
53.85,-17.35,-3.13,13.05,15.51,-164.20,8.35,34.84,32.05,-23.74,-19.95,-0.71,11.73,14.11,175.53,-15.80,33.43,21.79,-26.45
53.98,-15.96,-3.04,12.68,15.53,-163.67,8.80,32.47,32.17,-23.90,-19.81,-0.71,11.66,14.11,175.46,-15.80,33.32,22.08,-26.88
54.12,-16.81,-2.34,13.08,15.28,-163.53,9.35,34.36,31.92,-24.27,-19.66,-0.50,11.83,14.25,175.56,-15.34,33.18,21.78,-27.29
54.24,-16.80,-2.49,13.29,15.53,-163.32,9.30,34.97,31.83,-24.18,-19.65,-0.45,11.50,14.10,175.00,-14.90,33.26,21.61,-27.29
54.37,-16.58,-2.17,13.38,15.32,-163.12,9.58,34.88,31.55,-24.05,-19.68,0.10,11.76,14.37,175.09,-14.47,33.56,21.50,-27.96
54.51,-17.30,-2.33,13.28,15.31,-163.95,9.62,35.83,31.91,-24.48,-19.38,0.11,11.61,14.34,174.82,-13.85,33.76,21.69,-28.53
54.64,-16.44,-1.79,13.36,15.04,-162.99,9.56,35.14,31.15,-24.62,-19.25,0.34,11.39,14.32,174.20,-13.48,33.55,21.70,-28.94
54.77,-17.09,-1.28,13.20,15.26,-164.08,9.69,35.80,30.76,-24.98,-19.06,0.40,10.88,14.12,173.52,-13.24,33.45,21.64,-28.59
54.91,-17.69,-1.33,12.96,15.03,-164.93,9.48,36.21,30.52,-25.11,-18.67,0.54,11.43,14.02,174.68,-13.10,33.03,21.28,-29.08
55.05,-18.17,-1.57,12.78,14.81,-165.64,9.53,36.67,30.69,-25.02,-18.13,0.29,11.66,13.96,175.19,-13.31,32.25,21.97,-29.99
55.19,-17.51,-1.04,12.84,14.84,-165.04,9.97,36.45,31.02,-25.20,-17.84,0.68,11.39,13.80,175.20,-13.21,32.00,22.68,-31.29
55.39,-18.03,-1.06,12.68,14.70,-165.75,10.11,36.89,30.87,-25.22,-17.63,0.53,11.63,13.81,175.96,-12.91,31.86,22.68,-31.54
55.52,-18.52,-0.79,12.59,14.70,-166.39,10.29,37.34,30.67,-25.09,-17.72,0.53,11.55,13.81,176.22,-12.91,32.44,22.44,-31.61
55.66,-18.41,-0.65,12.75,14.82,-166.33,10.39,37.68,30.37,-25.01,-17.82,0.64,11.32,13.96,176.02,-12.84,32.65,21.99,-31.67
55.78,-18.01,-0.37,12.88,14.82,-166.13,10.58,37.75,30.27,-25.03,-17.86,0.64,11.25,13.96,176.06,-12.84,32.80,21.93,-31.96
55.92,-17.68,-0.10,12.95,14.81,-165.86,10.76,37.62,30.24,-25.12,-17.79,0.55,10.82,13.86,175.26,-12.73,32.55,22.23,-31.91
56.06,-17.94,-0.10,12.94,14.81,-166.20,10.76,37.89,30.24,-25.12,-17.75,0.55,10.71,13.86,175.22,-12.73,32.62,22.28,-32.00
56.18,-17.16,0.06,13.07,14.82,-165.32,10.71,37.08,30.11,-24.94,-17.73,0.85,10.40,13.75,174.57,-12.62,32.41,22.29,-32.25
56.31,-16.80,-0.10,13.26,14.81,-164.64,10.76,37.07,30.27,-24.81,-17.68,0.82,10.48,13.92,174.56,-12.26,32.21,22.16,-32.61
56.45,-16.51,0.05,13.29,14.93,-164.34,10.86,36.86,30.19,-24.98,-17.62,0.82,10.48,13.92,174.54,-12.26,31.96,21.97,-32.73
56.58,-18.20,-0.14,12.86,14.95,-166.49,11.12,38.19,30.42,-25.20,-17.26,0.82,11.23,13.92,176.49,-12.26,31.58,21.96,-33.11
56.72,-17.87,0.15,12.87,14.83,-166.33,11.16,38.04,30.27,-25.22,-17.19,1.11,10.96,13.81,175.89,-12.42,31.48,21.90,-33.43
56.96,-17.49,0.17,12.82,14.72,-165.97,11.02,37.33,30.19,-25.19,-17.04,1.27,11.05,13.80,176.04,-12.46,31.35,21.71,-33.59
57.08,-17.02,0.12,13.00,14.74,-164.96,10.82,36.76,30.17,-25.33,-17.12,1.27,10.76,13.80,175.18,-12.46,31.37,21.71,-33.59
57.22,-17.52,0.40,12.95,14.74,-165.74,11.00,37.42,29.82,-25.42,-16.96,1.28,10.52,13.80,175.02,-12.19,31.38,21.71,-33.84
57.39,-16.92,0.50,12.80,14.83,-165.70,10.85,36.42,30.11,-25.46,-16.58,1.57,10.64,13.90,175.13,-11.54,31.10,21.62,-34.34
57.52,-15.17,0.50,11.92,14.83,-166.48,10.85,32.74,30.15,-25.49,-16.49,1.77,10.65,14.16,175.08,-11.58,31.21,21.97,-35.24
57.65,-15.91,0.36,12.42,14.70,-165.87,10.75,34.04,30.20,-25.29,-16.51,1.79,10.47,13.91,174.74,-11.78,31.26,21.73,-35.44
57.77,-14.81,0.42,12.90,14.82,-163.26,10.40,31.62,30.17,-25.17,-16.83,1.46,10.66,14.30,173.81,-12.30,31.65,22.12,-35.42
57.91,-11.68,0.86,12.74,14.98,11.67,9.06,31.46,30.49,-27.72,-18.99,2.20,10.97,15.81,168.24,-15.28,34.95,22.20,-35.79
58.04,-14.10,0.63,13.52,17.14,-179.88,-6.75,35.50,32.05,-22.99,-20.49,3.71,14.06,19.42,167.09,-25.85,35.98,22.43,-30.44
58.17,-14.58,0.02,14.35,18.00,177.59,-9.62,34.56,31.94,-25.76,-23.33,2.01,14.45,21.30,164.66,-29.23,37.87,21.21,-33.25
58.32,-13.50,0.03,14.23,17.85,2.80,-9.62,31.32,28.93,-25.19,-24.19,0.72,13.52,21.33,164.64,-31.05,36.09,20.30,-33.08
58.47,-12.39,0.36,13.16,16.57,666.00,-6.11,27.80,28.99,-26.32,-23.19,1.30,11.59,17.89,166.16,-28.09,37.22,20.71,-31.74
58.62,-11.06,-0.13,12.09,16.14,666.00,-4.92,25.36,28.44,-23.68,-21.87,2.22,10.40,16.61,166.18,-25.89,36.89,20.95,-31.64
58.77,-11.44,0.31,11.93,15.64,666.00,-3.32,24.08,28.21,-25.06,-21.78,1.83,10.37,16.74,166.36,-25.05,37.10,20.73,-30.79
58.91,-11.65,0.18,11.69,15.50,666.00,-3.41,23.12,27.74,-24.86,-22.29,1.21,10.22,16.77,165.08,-26.24,34.00,20.94,-31.06
59.05,-11.69,-0.50,11.64,15.23,666.00,-3.27,23.28,28.07,-24.41,-23.38,0.93,10.15,16.93,164.61,-25.95,34.74,20.40,-31.46
59.18,-11.48,0.03,11.59,15.42,666.00,-2.83,22.97,27.97,-24.97,-23.62,1.36,10.15,17.07,164.99,-25.98,36.49,20.99,-31.52
59.32,-11.33,0.24,11.57,15.65,666.00,-2.22,22.42,28.32,-25.00,-23.72,1.57,10.10,17.16,165.31,-25.69,38.19,21.42,-31.62
59.44,-12.53,0.16,11.95,15.92,666.00,-1.80,25.11,28.10,-25.13,-22.24,1.02,11.48,16.73,167.65,-25.81,37.36,22.22,-31.30
59.57,-14.38,-0.04,12.86,16.01,666.00,-2.57,28.88,28.03,-24.84,-22.12,1.11,11.75,16.65,168.20,-25.42,35.79,21.57,-31.36
59.72,-15.54,-0.21,13.71,16.00,-169.77,-2.37,31.28,28.11,-24.64,-22.52,0.96,11.97,16.87,168.98,-25.30,34.43,21.14,-31.37
59.85,-15.52,0.03,13.86,15.90,-169.49,-1.83,31.09,28.02,-24.80,-22.80,0.94,12.05,16.87,169.32,-25.59,35.52,21.27,-31.32
59.99,-15.35,0.03,13.60,15.90,-170.29,-1.83,30.80,28.23,-25.06,-23.02,1.19,12.20,16.96,169.54,-25.40,37.16,21.34,-31.56
60.12,-16.29,-0.13,13.94,15.89,-170.24,-1.78,32.66,28.14,-24.97,-23.14,1.02,12.29,16.97,169.80,-25.35,37.55,21.55,-31.51
