0.000000,0.407025,-0.417218,0.580917,-0.568151,-0.171589,0.140183,0.671845,-0.706775,0.232368,-0.206388,-0.642102,0.700795,-0.143364,0.107555,0.682643,-0.708433,-0.118859,-0.306746,-0.030664,0.052330
0.279690,0.407025,-0.417218,0.580917,-0.568151,-0.171589,0.140183,0.671845,-0.706775,0.232368,-0.206388,-0.642102,0.700795,-0.143364,0.107555,0.682643,-0.708433,-0.118859,-0.306746,-0.030664,0.052330
0.399726,0.407025,-0.417218,0.580917,-0.568151,-0.171589,0.140183,0.671845,-0.706775,0.232368,-0.206388,-0.642102,0.700795,-0.143364,0.107555,0.682643,-0.708433,-0.118859,-0.306746,-0.030664,0.052330
0.480868,0.407025,-0.417218,0.580917,-0.568151,-0.171589,0.140183,0.671845,-0.706775,0.232368,-0.206388,-0.642102,0.700795,-0.143364,0.107555,0.682643,-0.708433,-0.118859,-0.306746,-0.030664,0.052330
0.558833,0.407025,-0.417218,0.580917,-0.568151,-0.171589,0.140183,0.671845,-0.706775,0.232368,-0.206388,-0.642102,0.700795,-0.143364,0.107555,0.682643,-0.708433,-0.118859,-0.306746,-0.030664,0.052330
0.642975,0.407025,-0.417218,0.580917,-0.568151,-0.171589,0.140183,0.671845,-0.706775,0.232368,-0.206388,-0.642102,0.700795,-0.143364,0.107555,0.682643,-0.708433,-0.118859,-0.306746,-0.030664,0.052330
0.712132,0.407025,-0.417218,0.580917,-0.568151,-0.171589,0.140183,0.671845,-0.706775,0.232368,-0.206388,-0.642102,0.700795,-0.143364,0.107555,0.682643,-0.708433,-0.118859,-0.306746,-0.030664,0.052330
0.779097,0.407025,-0.417218,0.580917,-0.568151,-0.171589,0.140183,0.671845,-0.706775,0.232368,-0.206388,-0.642102,0.700795,-0.143364,0.107555,0.682643,-0.708433,-0.118859,-0.306746,-0.030664,0.052330
0.849631,0.407025,-0.417218,0.580917,-0.568151,-0.171589,0.140183,0.671845,-0.706775,0.232368,-0.206388,-0.642102,0.700795,-0.143364,0.107555,0.682643,-0.708433,-0.118859,-0.306746,-0.030664,0.052330
0.917288,0.407025,-0.417218,0.580917,-0.568151,-0.171589,0.140183,0.671845,-0.706775,0.232368,-0.206388,-0.642102,0.700795,-0.143364,0.107555,0.682643,-0.708433,-0.118859,-0.306746,-0.030664,0.052330
0.980919,0.407025,-0.417218,0.580917,-0.568151,-0.171589,0.140183,0.671845,-0.706775,0.232368,-0.206388,-0.642102,0.700795,-0.143364,0.107555,0.682643,-0.708433,-0.118859,-0.306746,-0.030664,0.052330
1.043907,0.407025,-0.417218,0.580917,-0.568151,-0.171589,0.140183,0.671845,-0.706775,0.232368,-0.206388,-0.642102,0.700795,-0.143364,0.107555,0.682643,-0.708433,-0.118859,-0.306746,-0.030664,0.052330
1.107039,0.407025,-0.417218,0.580917,-0.568151,-0.171589,0.140183,0.671845,-0.706775,0.232368,-0.206388,-0.642102,0.700795,-0.143364,0.107555,0.682643,-0.708433,-0.118859,-0.306746,-0.030664,0.052330
1.394231,0.407025,-0.417218,0.580917,-0.568151,-0.171589,0.140183,0.671845,-0.706775,0.232368,-0.206388,-0.642102,0.700795,-0.143364,0.107555,0.682643,-0.708433,-0.118859,-0.306746,-0.030664,0.052330
1.702431,0.407025,-0.417218,0.580917,-0.568151,-0.171589,0.140183,0.671845,-0.706775,0.232368,-0.206388,-0.642102,0.700795,-0.143364,0.107555,0.682643,-0.708433,-0.118859,-0.306746,-0.030664,0.052330
1.985572,0.407025,-0.417218,0.580917,-0.568151,-0.171589,0.140183,0.671845,-0.706775,0.232368,-0.206388,-0.642102,0.700795,-0.143364,0.107555,0.682643,-0.708433,-0.118859,-0.306746,-0.030664,0.052330
2.287857,0.407025,-0.417218,0.580917,-0.568151,-0.171589,0.140183,0.671845,-0.706775,0.232368,-0.206388,-0.642102,0.700795,-0.143364,0.107555,0.682643,-0.708433,-0.118859,-0.306746,-0.030664,0.052330
2.548836,0.407025,-0.417218,0.580917,-0.568151,-0.171589,0.140183,0.671845,-0.706775,0.232368,-0.206388,-0.642102,0.700795,-0.143364,0.107555,0.682643,-0.708433,-0.118859,-0.306746,-0.030664,0.052330
2.853022,0.407025,-0.417218,0.580917,-0.568151,-0.171589,0.140183,0.671845,-0.706775,0.232368,-0.206388,-0.642102,0.700795,-0.143364,0.107555,0.682643,-0.708433,-0.118859,-0.306746,-0.030664,0.052330
3.167461,0.407025,-0.417218,0.580917,-0.568151,-0.171589,0.140183,0.671845,-0.706775,0.232368,-0.206388,-0.642102,0.700795,-0.143364,0.107555,0.682643,-0.708433,-0.118859,-0.306746,-0.030664,0.052330
3.470940,0.407025,-0.417218,0.580917,-0.568151,-0.171589,0.140183,0.671845,-0.706775,0.232368,-0.206388,-0.642102,0.700795,-0.143364,0.107555,0.682643,-0.708433,-0.118859,-0.306746,-0.030664,0.052330
3.751465,0.407025,-0.417218,0.580917,-0.568151,-0.171589,0.140183,0.671845,-0.706775,0.232368,-0.206388,-0.642102,0.700795,-0.143364,0.107555,0.682643,-0.708433,-0.118859,-0.306746,-0.030664,0.052330
4.050998,0.407025,-0.417218,0.580917,-0.568151,-0.171589,0.140183,0.671845,-0.706775,0.232368,-0.206388,-0.642102,0.700795,-0.143364,0.107555,0.682643,-0.708433,-0.118859,-0.306746,-0.030664,0.052330
4.362839,0.407025,-0.417218,0.580917,-0.568151,-0.171589,0.140183,0.671845,-0.706775,0.232368,-0.206388,-0.642102,0.700795,-0.143364,0.107555,0.682643,-0.708433,-0.118859,-0.306746,-0.030664,0.052330
4.624504,0.407025,-0.417218,0.580917,-0.568151,-0.171589,0.140183,0.671845,-0.706775,0.232368,-0.206388,-0.642102,0.700795,-0.143364,0.107555,0.682643,-0.708433,-0.118859,-0.306746,-0.030664,0.052330
4.926660,0.407025,-0.417218,0.580917,-0.568151,-0.171589,0.140183,0.671845,-0.706775,0.232368,-0.206388,-0.642102,0.700795,-0.143364,0.107555,0.682643,-0.708433,-0.118859,-0.306746,-0.030664,0.052330
5.222199,0.407025,-0.417218,0.580917,-0.568151,-0.171589,0.140183,0.671845,-0.706775,0.232368,-0.206388,-0.642102,0.700795,-0.143364,0.107555,0.682643,-0.708433,-0.118859,-0.306746,-0.030664,0.052330
5.505557,0.407025,-0.417218,0.580917,-0.568151,-0.171589,0.140183,0.671845,-0.706775,0.232368,-0.206388,-0.642102,0.700795,-0.143364,0.107555,0.682643,-0.708433,-0.118859,-0.306746,-0.030664,0.052330
5.882419,0.407025,-0.417218,0.580917,-0.568151,-0.171589,0.140183,0.671845,-0.706775,0.232368,-0.206388,-0.642102,0.700795,-0.143364,0.107555,0.682643,-0.708433,-0.118859,-0.306746,-0.030664,0.052330
6.152699,0.407025,-0.417218,0.580917,-0.568151,-0.171589,0.140183,0.671845,-0.706775,0.232368,-0.206388,-0.642102,0.700795,-0.143364,0.107555,0.682643,-0.708433,-0.118859,-0.306746,-0.030664,0.052330
6.433980,0.407025,-0.417218,0.580917,-0.568151,-0.171589,0.140183,0.671845,-0.706775,0.232368,-0.206388,-0.642102,0.700795,-0.143364,0.107555,0.682643,-0.708433,-0.118859,-0.306746,-0.030664,0.052330
6.710619,0.407025,-0.417218,0.580917,-0.568151,-0.171589,0.140183,0.671845,-0.706775,0.232368,-0.206388,-0.642102,0.700795,-0.143364,0.107555,0.682643,-0.708433,-0.118859,-0.306746,-0.030664,0.052330
7.019552,0.407025,-0.417218,0.580917,-0.568151,-0.171589,0.140183,0.671845,-0.706775,0.232368,-0.206388,-0.642102,0.700795,-0.143364,0.107555,0.682643,-0.708433,-0.118859,-0.306746,-0.030664,0.052330
7.319304,0.407025,-0.417218,0.580917,-0.568151,-0.171589,0.140183,0.671845,-0.706775,0.232368,-0.206388,-0.642102,0.700795,-0.143364,0.107555,0.682643,-0.708433,-0.118859,-0.306746,-0.030664,0.052330
7.629832,0.407025,-0.417218,0.580917,-0.568151,-0.171589,0.140183,0.671845,-0.706775,0.232368,-0.206388,-0.642102,0.700795,-0.143364,0.107555,0.682643,-0.708433,-0.118859,-0.306746,-0.030664,0.052330
7.915354,0.407025,-0.417218,0.580917,-0.568151,-0.171589,0.140183,0.671845,-0.706775,0.232368,-0.206388,-0.642102,0.700795,-0.143364,0.107555,0.682643,-0.708433,-0.118859,-0.306746,-0.030664,0.052330
8.217767,0.407025,-0.417218,0.580917,-0.568151,-0.171589,0.140183,0.671845,-0.706775,0.232368,-0.206388,-0.642102,0.700795,-0.143364,0.107555,0.682643,-0.708433,-0.118859,-0.306746,-0.030664,0.052330
8.515382,0.407025,-0.417218,0.580917,-0.568151,-0.171589,0.140183,0.671845,-0.706775,0.232368,-0.206388,-0.642102,0.700795,-0.143364,0.107555,0.682643,-0.708433,-0.118859,-0.306746,-0.030664,0.052330
8.802156,0.407025,-0.417218,0.580917,-0.568151,-0.171589,0.140183,0.671845,-0.706775,0.232368,-0.206388,-0.642102,0.700795,-0.143364,0.107555,0.682643,-0.708433,-0.118859,-0.306746,-0.030664,0.052330
9.101803,0.407025,-0.417218,0.580917,-0.568151,-0.171589,0.140183,0.671845,-0.706775,0.232368,-0.206388,-0.642102,0.700795,-0.143364,0.107555,0.682643,-0.708433,-0.118859,-0.306746,-0.030664,0.052330
9.409988,0.407025,-0.417218,0.580917,-0.568151,-0.171589,0.140183,0.671845,-0.706775,0.232368,-0.206388,-0.642102,0.700795,-0.141396,0.107592,0.682822,-0.708650,-0.118859,-0.306746,-0.027937,0.060792
9.739475,0.407025,-0.417218,0.580917,-0.568151,-0.169408,0.138065,0.673280,-0.706352,0.230123,-0.204382,-0.643748,0.700614,-0.141418,0.105616,0.682928,-0.708841,-0.112576,-0.300311,-0.025081,0.055262
9.991332,0.407025,-0.417218,0.580917,-0.568151,-0.169653,0.138316,0.672199,-0.707273,0.230123,-0.204382,-0.643748,0.700614,-0.141396,0.107592,0.682822,-0.708650,-0.113345,-0.300311,-0.027937,0.055265
10.279097,0.407025,-0.417218,0.580917,-0.568151,-0.171672,0.138273,0.669943,-0.708933,0.230177,-0.204416,-0.641647,0.702511,-0.143537,0.107758,0.681577,-0.709393,-0.116248,-0.300688,-0.031232,0.055278
10.548910,0.407025,-0.417218,0.580917,-0.568151,-0.191991,0.158018,0.666895,-0.702439,0.245037,-0.219576,-0.638265,0.695960,-0.167590,0.133753,0.678377,-0.702729,-0.174476,-0.345383,-0.103450,0.017667
10.856012,0.407025,-0.417218,0.580917,-0.568151,-0.191991,0.158018,0.666895,-0.702439,0.320677,-0.279635,-0.611460,0.667148,-0.203404,0.171649,0.668398,-0.694555,-0.174476,-0.552406,-0.210967,-0.200614
11.191960,0.407025,-0.417218,0.580917,-0.568151,-0.268931,0.227125,0.645664,-0.677649,0.347913,-0.305990,-0.602656,0.649717,-0.229269,0.195580,0.662786,-0.685492,-0.390970,-0.636572,-0.284314,-0.281102
11.493166,0.407025,-0.417218,0.580917,-0.568151,-0.291172,0.248968,0.640926,-0.665167,0.352470,-0.310115,-0.601643,0.646234,-0.262889,0.225345,0.654892,-0.671733,-0.457820,-0.650310,-0.378902,-0.306663
11.799374,0.407025,-0.417218,0.580917,-0.568151,-0.289258,0.249103,0.643317,-0.663642,0.350519,-0.312183,-0.603736,0.644345,-0.257150,0.221551,0.657523,-0.672646,-0.455046,-0.650366,-0.364548,-0.288296
12.093865,0.407025,-0.417218,0.580917,-0.568151,-0.273034,0.235202,0.650775,-0.668300,0.262032,-0.238627,-0.641826,0.680041,-0.189372,0.153438,0.678174,-0.693307,-0.409146,-0.398644,-0.163544,-0.070455
12.408350,0.407025,-0.417218,0.580917,-0.568151,-0.169408,0.138065,0.673280,-0.706352,0.234529,-0.212120,-0.644101,0.696517,-0.147424,0.109585,0.683148,-0.706800,-0.112576,-0.318288,-0.039355,0.058224
12.692305,0.407025,-0.417218,0.580917,-0.568151,-0.167470,0.136197,0.673629,-0.706844,0.225939,-0.204451,-0.647467,0.698525,-0.141392,0.105542,0.684971,-0.706883,-0.107063,-0.294016,-0.024892,0.058190
12.958863,0.407025,-0.417218,0.580917,-0.568151,-0.167470,0.136197,0.673629,-0.706844,0.226201,-0.204730,-0.648448,0.697448,-0.145457,0.109623,0.683333,-0.707022,-0.107063,-0.294704,-0.036625,0.058855
13.253225,0.407025,-0.417218,0.580917,-0.568151,-0.194004,0.161990,0.669326,-0.698659,0.274613,-0.247936,-0.633897,0.679183,-0.179285,0.143411,0.677279,-0.698987,-0.183119,-0.432173,-0.134345,-0.058611
13.525229,0.407025,-0.417218,0.580917,-0.568151,-0.194004,0.161990,0.669326,-0.698659,0.327487,-0.289629,-0.615194,0.656051,-0.239064,0.201362,0.662480,-0.680751,-0.183119,-0.577993,-0.307314,-0.226595
13.845971,0.407025,-0.417218,0.580917,-0.568151,-0.285200,0.243139,0.645133,-0.665844,0.346354,-0.308445,-0.605617,0.646629,-0.256964,0.219376,0.656868,-0.674069,-0.439711,-0.637749,-0.361007,-0.290318
14.115799,0.407025,-0.417218,0.580917,-0.568151,-0.294937,0.252667,0.640545,-0.662476,0.354210,-0.315471,-0.603063,0.641349,-0.268887,0.229336,0.655164,-0.667731,-0.469208,-0.661433,-0.393898,-0.322695
14.406059,0.407025,-0.417218,0.580917,-0.568151,-0.291305,0.251127,0.643573,-0.661733,0.341827,-0.308179,-0.610887,0.644203,-0.262867,0.225275,0.656931,-0.669772,-0.461236,-0.629790,-0.378706,-0.303173
14.692350,0.407025,-0.417218,0.580917,-0.568151,-0.250560,0.215235,0.661808,-0.672981,0.266258,-0.244333,-0.644253,0.674052,-0.199212,0.163244,0.677959,-0.688503,-0.345130,-0.413335,-0.192202,-0.081842
15.001457,0.407025,-0.417218,0.580917,-0.568151,-0.177657,0.148101,0.674588,-0.701024,0.234472,-0.212082,-0.646191,0.694609,-0.147398,0.109511,0.685189,-0.704839,-0.139017,-0.317914,-0.039175,0.040968
15.270087,0.407025,-0.417218,0.580917,-0.568151,-0.167315,0.138059,0.677576,-0.702735,0.223975,-0.204621,-0.649807,0.696933,-0.143333,0.105431,0.686828,-0.704703,-0.109406,-0.291204,-0.027451,0.055244
15.572798,0.407025,-0.417218,0.580917,-0.568151,-0.169510,0.138225,0.676318,-0.703387,0.223975,-0.204621,-0.649807,0.696933,-0.145454,0.107573,0.685484,-0.705254,-0.112822,-0.291204,-0.033593,0.043544
15.878829,0.407025,-0.417218,0.580917,-0.568151,-0.201910,0.171692,0.671398,-0.692083,0.270761,-0.248350,-0.638675,0.676095,-0.199427,0.165541,0.674659,-0.691130,-0.208746,-0.426626,-0.195965,-0.118304
16.182639,0.407025,-0.417218,0.580917,-0.568151,-0.201910,0.171692,0.671398,-0.692083,0.320573,-0.285295,-0.619675,0.657147,-0.243320,0.203588,0.663478,-0.677601,-0.208746,-0.560220,-0.316890,-0.247270
16.535232,0.407025,-0.417218,0.580917,-0.568151,-0.283002,0.241017,0.648961,-0.663830,0.337848,-0.300838,-0.613483,0.647296,-0.253068,0.215382,0.661177,-0.672616,-0.433036,-0.611751,-0.349089,-0.281710
16.805101,0.407025,-0.417218,0.580917,-0.568151,-0.287181,0.245121,0.647457,-0.661998,0.345836,-0.307970,-0.608924,0.644020,-0.262867,0.225275,0.656931,-0.669772,-0.445662,-0.635858,-0.378706,-0.306597
17.117532,0.407025,-0.417218,0.580917,-0.568151,-0.293076,0.250900,0.645288,-0.659362,0.346222,-0.308355,-0.609792,0.642807,-0.262867,0.225275,0.656931,-0.669772,-0.463514,-0.636991,-0.378706,-0.306597
17.413992,0.407025,-0.417218,0.580917,-0.568151,-0.275022,0.237192,0.653124,-0.664479,0.295435,-0.264714,-0.633102,0.664700,-0.252959,0.211233,0.662786,-0.672389,-0.415089,-0.489016,-0.342660,-0.170959
17.716977,0.407025,-0.417218,0.580917,-0.568151,-0.189842,0.157982,0.673289,-0.696910,0.234472,-0.212082,-0.646191,0.694609,-0.161458,0.123523,0.683868,-0.700713,-0.171056,-0.317914,-0.079620,0.015022
17.988043,0.407025,-0.417218,0.580917,-0.568151,-0.169337,0.138020,0.675337,-0.704412,0.223671,-0.200539,-0.649354,0.698638,-0.143381,0.103530,0.684895,-0.706854,-0.112315,-0.284671,-0.024775,0.058192
18.286183,0.407025,-0.417218,0.580917,-0.568151,-0.169276,0.136020,0.677552,-0.702686,0.221705,-0.200706,-0.651689,0.697040,-0.143354,0.103455,0.686933,-0.704890,-0.109203,-0.281867,-0.024607,0.058180
18.551617,0.407025,-0.417218,0.580917,-0.568151,-0.169264,0.137974,0.677388,-0.702466,0.221705,-0.200706,-0.651689,0.697040,-0.143354,0.103455,0.686933,-0.704890,-0.112061,-0.281867,-0.024607,0.055241
18.837327,0.407025,-0.417218,0.580917,-0.568151,-0.169264,0.137974,0.677388,-0.702466,0.221763,-0.200745,-0.649605,0.698953,-0.143354,0.103455,0.686933,-0.704890,-0.112061,-0.282228,-0.024607,0.058180
19.192913,0.407025,-0.417218,0.580917,-0.568151,-0.173452,0.142003,0.673546,-0.704333,0.253680,-0.229261,-0.641642,0.686572,-0.165510,0.127595,0.682121,-0.700740,-0.124101,-0.372214,-0.091376,0.026603
19.508172,0.407025,-0.417218,0.580917,-0.568151,-0.173452,0.142003,0.673546,-0.704333,0.322873,-0.285452,-0.616042,0.659365,-0.233327,0.195573,0.665170,-0.681805,-0.124101,-0.564322,-0.290152,-0.224682
19.897919,0.407025,-0.417218,0.580917,-0.568151,-0.281018,0.239032,0.646625,-0.667660,0.337979,-0.300927,-0.609307,0.651120,-0.259141,0.219538,0.657447,-0.672616,-0.427090,-0.612506,-0.364467,-0.268614
20.170722,0.407025,-0.417218,0.580917,-0.568151,-0.291104,0.248925,0.642984,-0.663224,0.343848,-0.306164,-0.606724,0.648011,-0.261100,0.223497,0.657518,-0.670482,-0.457564,-0.630129,-0.373368,-0.295292
20.559674,0.407025,-0.417218,0.580917,-0.568151,-0.291104,0.248925,0.642984,-0.663224,0.343848,-0.306164,-0.606724,0.648011,-0.262979,0.223380,0.657186,-0.670112,-0.457564,-0.630129,-0.376000,-0.301358
20.855859,0.407025,-0.417218,0.580917,-0.568151,-0.293149,0.250946,0.643237,-0.661313,0.346354,-0.308445,-0.605617,0.646629,-0.264742,0.225157,0.656597,-0.669400,-0.463754,-0.637749,-0.381333,-0.307995
21.125456,0.407025,-0.417218,0.580917,-0.568151,-0.276853,0.238947,0.650470,-0.665692,0.297339,-0.264491,-0.630695,0.666226,-0.227276,0.189445,0.668923,-0.681907,-0.420587,-0.491733,-0.272057,-0.170475
21.405690,0.407025,-0.417218,0.580917,-0.568151,-0.187732,0.155907,0.672722,-0.698495,0.246981,-0.223268,-0.646733,0.686212,-0.161317,0.121405,0.683022,-0.701939,-0.164995,-0.352868,-0.076339,0.003949
21.673844,0.407025,-0.417218,0.580917,-0.568151,-0.181544,0.147918,0.674185,-0.700455,0.228107,-0.204520,-0.648192,0.697127,-0.153398,0.115522,0.683213,-0.704517,-0.144308,-0.297146,-0.056486,0.003944
21.990393,0.407025,-0.417218,0.580917,-0.568151,-0.169510,0.138225,0.676318,-0.703387,0.221705,-0.200706,-0.651689,0.697040,-0.145476,0.105596,0.685591,-0.705444,-0.112822,-0.281867,-0.030744,0.052670
22.301443,0.407025,-0.417218,0.580917,-0.568151,-0.173466,0.140051,0.673714,-0.704560,0.232256,-0.206317,-0.646295,0.696989,-0.147448,0.107610,0.683257,-0.706993,-0.121236,-0.306008,-0.036501,0.038027
22.597787,0.407025,-0.417218,0.580917,-0.568151,-0.195907,0.163827,0.668909,-0.698099,0.270561,-0.244343,-0.636286,0.679877,-0.191388,0.151498,0.676060,-0.695243,-0.188585,-0.420456,-0.163633,-0.088640
22.888434,0.407025,-0.417218,0.580917,-0.568151,-0.242370,0.203215,0.660766,-0.680698,0.303604,-0.268169,-0.624601,0.667670,-0.227122,0.187355,0.666166,-0.685228,-0.315001,-0.507400,-0.268777,-0.179507
23.191134,0.407025,-0.417218,0.580917,-0.568151,-0.283145,0.241108,0.644853,-0.667728,0.339767,-0.300614,-0.608938,0.650679,-0.259141,0.219538,0.657447,-0.672616,-0.433525,-0.614793,-0.364467,-0.236265
23.508920,0.407025,-0.417218,0.580917,-0.568151,-0.291104,0.248925,0.642984,-0.663224,0.344343,-0.304758,-0.607973,0.647240,-0.265067,0.225508,0.655458,-0.670268,-0.457564,-0.628524,-0.382378,-0.307049
23.816240,0.407025,-0.417218,0.580917,-0.568151,-0.293218,0.250990,0.641181,-0.663259,0.346013,-0.306228,-0.607219,0.646362,-0.266942,0.225389,0.655122,-0.669893,-0.464005,-0.633523,-0.385001,-0.308452
24.117350,0.407025,-0.417218,0.580917,-0.568151,-0.250560,0.215235,0.661808,-0.672981,0.301746,-0.274150,-0.631047,0.659978,-0.235208,0.195408,0.666910,-0.679502,-0.345130,-0.513297,-0.292632,-0.194863
24.443218,0.407025,-0.417218,0.580917,-0.568151,-0.183611,0.153882,0.674408,-0.698414,0.242857,-0.221492,-0.648688,0.686415,-0.183503,0.145539,0.680622,-0.694189,-0.156041,-0.343996,-0.143454,-0.013967
24.732224,0.407025,-0.417218,0.580917,-0.568151,-0.173380,0.141957,0.675601,-0.702390,0.228067,-0.206383,-0.650008,0.694896,-0.151487,0.111616,0.683638,-0.705147,-0.123842,-0.299708,-0.048064,0.038041
25.057169,0.407025,-0.417218,0.580917,-0.568151,-0.169190,0.137926,0.679434,-0.700514,0.221883,-0.204706,-0.656289,0.691483,-0.147421,0.107536,0.685298,-0.705032,-0.111814,-0.287672,-0.036329,0.049739
25.348899,0.407025,-0.417218,0.580917,-0.568151,-0.169437,0.138178,0.678370,-0.701436,0.219972,-0.204913,-0.656540,0.691793,-0.145277,0.107369,0.686539,-0.704294,-0.112571,-0.285198,-0.033031,0.055253
25.650561,0.407025,-0.417218,0.580917,-0.568151,-0.183706,0.151984,0.672539,-0.700603,0.241022,-0.219870,-0.647174,0.689008,-0.161343,0.121479,0.680982,-0.703899,-0.153460,-0.339031,-0.076514,0.055400
26.008133,0.407025,-0.417218,0.580917,-0.568151,-0.183706,0.151984,0.672539,-0.700603,0.295435,-0.264714,-0.633102,0.664700,-0.227380,0.187590,0.667097,-0.684171,-0.153460,-0.489016,-0.269482,-0.150959
26.362745,0.407025,-0.417218,0.580917,-0.568151,-0.183706,0.151984,0.672539,-0.700603,0.339533,-0.302319,-0.612735,0.646433,-0.257048,0.217405,0.659155,-0.672440,-0.153460,-0.616768,-0.358096,-0.155274
26.710701,0.407025,-0.417218,0.580917,-0.568151,-0.295191,0.252966,0.643483,-0.659394,0.347885,-0.309816,-0.609030,0.641929,-0.268887,0.229336,0.655164,-0.667731,-0.469949,-0.641974,-0.393898,-0.317810
27.017151,0.407025,-0.417218,0.580917,-0.568151,-0.292875,0.248701,0.644702,-0.660857,0.346222,-0.308355,-0.609792,0.642807,-0.247079,0.209306,0.665100,-0.672893,-0.459837,-0.636991,-0.331003,-0.235646
27.369274,0.407025,-0.417218,0.580917,-0.568151,-0.203647,0.173417,0.675038,-0.687589,0.263948,-0.244158,-0.647732,0.671685,-0.195294,0.157341,0.678048,-0.690909,-0.213684,-0.409364,-0.177838,-0.038019
27.675251,0.407025,-0.417218,0.580917,-0.568151,-0.177418,0.145890,0.675840,-0.700342,0.223915,-0.204582,-0.651888,0.695017,-0.149363,0.109473,0.685001,-0.704614,-0.135371,-0.290840,-0.041910,0.023576
27.983464,0.407025,-0.417218,0.580917,-0.568151,-0.175490,0.144030,0.676212,-0.700853,0.223915,-0.204582,-0.651888,0.695017,-0.147421,0.107536,0.685298,-0.705032,-0.129872,-0.290840,-0.036329,0.052679
28.281990,0.407025,-0.417218,0.580917,-0.568151,-0.175490,0.144030,0.676212,-0.700853,0.223915,-0.204582,-0.651888,0.695017,-0.151487,0.111616,0.683638,-0.705147,-0.129872,-0.290840,-0.048064,0.038041
28.564845,0.407025,-0.417218,0.580917,-0.568151,-0.175490,0.144030,0.676212,-0.700853,0.223915,-0.204582,-0.651888,0.695017,-0.195562,0.157684,0.674927,-0.693805,-0.129872,-0.290840,-0.178788,-0.144476
28.874912,0.407025,-0.417218,0.580917,-0.568151,-0.276684,0.234828,0.652188,-0.665547,0.327180,-0.293156,-0.618632,0.651388,-0.250809,0.211147,0.660160,-0.675796,-0.414005,-0.582755,-0.339389,-0.228941
29.191646,0.407025,-0.417218,0.580917,-0.568151,-0.280566,0.238613,0.649827,-0.664884,0.337402,-0.300413,-0.614686,0.646585,-0.260913,0.221322,0.656868,-0.671912,-0.425671,-0.610285,-0.369815,-0.288863
29.515183,0.407025,-0.417218,0.580917,-0.568151,-0.295191,0.252966,0.643483,-0.659394,0.344099,-0.306456,-0.611765,0.642980,-0.269005,0.227444,0.655424,-0.668076,-0.469949,-0.630501,-0.391197,-0.314904
29.827372,0.407025,-0.417218,0.580917,-0.568151,-0.297029,0.252783,0.643143,-0.658970,0.342317,-0.306776,-0.612141,0.643421,-0.269005,0.227444,0.655424,-0.668076,-0.472463,-0.628208,-0.391197,-0.314904
30.094226,0.407025,-0.417218,0.580917,-0.568151,-0.256075,0.222610,0.662805,-0.667503,0.319027,-0.291604,-0.626941,0.648177,-0.224883,0.186990,0.671625,-0.680722,-0.364420,-0.567147,-0.264853,-0.173646
30.411641,0.407025,-0.417218,0.580917,-0.568151,-0.209806,0.179420,0.673552,-0.685651,0.232122,-0.211889,-0.651719,0.690279,-0.169359,0.129391,0.683594,-0.698051,-0.231547,-0.313671,-0.099484,0.003956
30.708620,0.407025,-0.417218,0.580917,-0.568151,-0.169264,0.137974,0.677388,-0.702466,0.215632,-0.199102,-0.653787,0.697440,-0.145476,0.105596,0.685591,-0.705444,-0.112061,-0.270542,-0.030744,0.058196
31.034354,0.407025,-0.417218,0.580917,-0.568151,-0.169437,0.138178,0.678370,-0.701436,0.215571,-0.199061,-0.655864,0.695519,-0.145299,0.105395,0.686646,-0.704484,-0.112571,-0.270183,-0.030190,0.058189
31.318850,0.407025,-0.417218,0.580917,-0.568151,-0.169437,0.138178,0.678370,-0.701436,0.215571,-0.199061,-0.655864,0.695519,-0.145299,0.105395,0.686646,-0.704484,-0.112571,-0.270183,-0.030190,0.058189
31.656631,0.407025,-0.417218,0.580917,-0.568151,-0.177692,0.144200,0.674940,-0.701490,0.215571,-0.199061,-0.655864,0.695519,-0.157458,0.117552,0.683675,-0.702835,-0.133309,-0.270183,-0.065211,0.052755
31.958579,0.407025,-0.417218,0.580917,-0.568151,-0.238303,0.199286,0.664971,-0.679198,0.293310,-0.262799,-0.632850,0.666638,-0.219217,0.179371,0.670335,-0.685872,-0.303022,-0.482893,-0.245266,-0.140118
32.298149,0.407025,-0.417218,0.580917,-0.568151,-0.264731,0.223130,0.656194,-0.670478,0.316533,-0.283608,-0.624001,0.655741,-0.240940,0.201194,0.664214,-0.678446,-0.378254,-0.551045,-0.309777,-0.231930
32.606194,0.407025,-0.417218,0.580917,-0.568151,-0.272860,0.231077,0.652484,-0.668144,0.316883,-0.285834,-0.622461,0.656068,-0.252882,0.213210,0.660511,-0.674031,-0.402552,-0.555193,-0.345557,-0.264125
32.917759,0.407025,-0.417218,0.580917,-0.568151,-0.291032,0.248880,0.645037,-0.661276,0.337747,-0.302633,-0.613106,0.646870,-0.265044,0.225438,0.657496,-0.668302,-0.457318,-0.614473,-0.382193,-0.299417
33.254039,0.407025,-0.417218,0.580917,-0.568151,-0.295191,0.252966,0.643483,-0.659394,0.342042,-0.304603,-0.611650,0.645064,-0.269005,0.227444,0.655424,-0.668076,-0.469949,-0.624372,-0.391197,-0.311495
33.559267,0.407025,-0.417218,0.580917,-0.568151,-0.295191,0.252966,0.643483,-0.659394,0.339808,-0.304490,-0.613231,0.644797,-0.251071,0.211340,0.663107,-0.672747,-0.469949,-0.620596,-0.340011,-0.269448
33.971956,0.407025,-0.417218,0.580917,-0.568151,-0.246245,0.211030,0.665131,-0.672630,0.234364,-0.213896,-0.650075,0.690452,-0.171238,0.133268,0.683095,-0.697351,-0.332345,-0.320091,-0.107844,-0.013905
34.306365,0.407025,-0.417218,0.580917,-0.568151,-0.175563,0.144076,0.674159,-0.702801,0.222020,-0.201020,-0.650589,0.697877,-0.151276,0.113379,0.684584,-0.703993,-0.130128,-0.282904,-0.050324,0.037956
34.601297,0.407025,-0.417218,0.580917,-0.568151,-0.173307,0.141910,0.677650,-0.700441,0.217545,-0.198898,-0.653543,0.697134,-0.149363,0.109473,0.685001,-0.704614,-0.123590,-0.273004,-0.041910,0.047163
34.942415,0.407025,-0.417218,0.580917,-0.568151,-0.173307,0.141910,0.677650,-0.700441,0.217795,-0.199170,-0.654529,0.696052,-0.149336,0.109397,0.687036,-0.702647,-0.123590,-0.273671,-0.041744,0.046724
35.245643,0.407025,-0.417218,0.580917,-0.568151,-0.193757,0.159771,0.670610,-0.698007,0.238836,-0.216014,-0.647044,0.691107,-0.149363,0.109473,0.685001,-0.704614,-0.179420,-0.330057,-0.041910,0.003219
35.526697,0.407025,-0.417218,0.580917,-0.568151,-0.216199,0.181665,0.668376,-0.688135,0.305656,-0.270032,-0.626916,0.663802,-0.227380,0.187590,0.667097,-0.684171,-0.244336,-0.513156,-0.269482,-0.194620
35.910974,0.407025,-0.417218,0.580917,-0.568151,-0.276859,0.232998,0.650424,-0.667840,0.326900,-0.290981,-0.618111,0.652997,-0.250995,0.213318,0.660831,-0.674389,-0.411517,-0.578947,-0.342914,-0.263881
36.233830,0.407025,-0.417218,0.580917,-0.568151,-0.276859,0.232998,0.650424,-0.667840,0.339981,-0.302745,-0.611528,0.647141,-0.268887,0.229336,0.655164,-0.667731,-0.411517,-0.618246,-0.393898,-0.308385
36.555611,0.407025,-0.417218,0.580917,-0.568151,-0.295313,0.251107,0.643786,-0.659754,0.342042,-0.304603,-0.611650,0.645064,-0.268887,0.229336,0.655164,-0.667731,-0.467260,-0.624372,-0.393898,-0.315225
36.856426,0.407025,-0.417218,0.580917,-0.568151,-0.272511,0.234734,0.656001,-0.663551,0.282309,-0.252962,-0.641837,0.666601,-0.225213,0.185295,0.672769,-0.679947,-0.407519,-0.450606,-0.262811,-0.216509
37.190663,0.407025,-0.417218,0.580917,-0.568151,-0.195688,0.163687,0.675060,-0.692248,0.238783,-0.217865,-0.648841,0.688856,-0.171238,0.133268,0.683095,-0.697351,-0.187817,-0.332592,-0.107844,-0.013905
37.509226,0.407025,-0.417218,0.580917,-0.568151,-0.179528,0.147963,0.676439,-0.698790,0.225881,-0.204413,-0.649553,0.696616,-0.157265,0.117335,0.684736,-0.701881,-0.141411,-0.293650,-0.064608,0.029492
37.823708,0.407025,-0.417218,0.580917,-0.568151,-0.171374,0.140046,0.678012,-0.700941,0.219515,-0.198734,-0.651215,0.698739,-0.149363,0.109473,0.685001,-0.704614,-0.118084,-0.275817,-0.041910,0.047163
38.130693,0.407025,-0.417218,0.580917,-0.568151,-0.171299,0.139998,0.680057,-0.698985,0.217511,-0.200763,-0.655355,0.694905,-0.149336,0.109397,0.687036,-0.702647,-0.117839,-0.275565,-0.041744,0.049317
38.443207,0.407025,-0.417218,0.580917,-0.568151,-0.171299,0.139998,0.680057,-0.698985,0.217760,-0.201035,-0.656340,0.693817,-0.147370,0.109436,0.687224,-0.702872,-0.117839,-0.276236,-0.039002,0.049966
38.725400,0.407025,-0.417218,0.580917,-0.568151,-0.171299,0.139998,0.680057,-0.698985,0.217795,-0.199170,-0.654529,0.696052,-0.149336,0.109397,0.687036,-0.702647,-0.117839,-0.273671,-0.041744,0.049317
39.029658,0.407025,-0.417218,0.580917,-0.568151,-0.171447,0.140093,0.675962,-0.702891,0.219515,-0.198734,-0.651215,0.698739,-0.149363,0.109473,0.685001,-0.704614,-0.118336,-0.275817,-0.041910,0.049327
39.345684,0.407025,-0.417218,0.580917,-0.568151,-0.177508,0.143987,0.673962,-0.702520,0.251444,-0.229144,-0.643051,0.686115,-0.175489,0.137570,0.680226,-0.698263,-0.132771,-0.368634,-0.120274,-0.029239
39.660772,0.407025,-0.417218,0.580917,-0.568151,-0.265005,0.225377,0.654787,-0.670993,0.302056,-0.268748,-0.627938,0.665004,-0.229390,0.191593,0.667310,-0.682180,-0.382104,-0.505657,-0.278388,-0.185983
39.926316,0.407025,-0.417218,0.580917,-0.568151,-0.265005,0.225377,0.654787,-0.670993,0.302056,-0.268748,-0.627938,0.665004,-0.255163,0.217517,0.659480,-0.672803,-0.382104,-0.505657,-0.355456,-0.190623
40.283873,0.407025,-0.417218,0.580917,-0.568151,-0.291352,0.249219,0.645926,-0.660139,0.339981,-0.302745,-0.611528,0.647141,-0.264930,0.227331,0.657238,-0.667960,-0.458300,-0.618246,-0.384893,-0.304687
40.597843,0.407025,-0.417218,0.580917,-0.568151,-0.294795,0.252577,0.644647,-0.658583,0.341935,-0.306393,-0.611269,0.644634,-0.268887,0.229336,0.655164,-0.667731,-0.468717,-0.627085,-0.393898,-0.311537
40.876189,0.407025,-0.417218,0.580917,-0.568151,-0.294795,0.252577,0.644647,-0.658583,0.341935,-0.306393,-0.611269,0.644634,-0.268887,0.229336,0.655164,-0.667731,-0.468717,-0.627085,-0.393898,-0.314130
41.175775,0.407025,-0.417218,0.580917,-0.568151,-0.270647,0.234896,0.656317,-0.663945,0.325058,-0.296963,-0.622393,0.647130,-0.260890,0.221251,0.658904,-0.669948,-0.404953,-0.585167,-0.369630,-0.276312
41.461386,0.407025,-0.417218,0.580917,-0.568151,-0.213957,0.185479,0.674295,-0.682016,0.232681,-0.216250,-0.653103,0.687424,-0.165306,0.127365,0.683187,-0.699792,-0.246538,-0.320896,-0.090733,0.006894
41.797221,0.407025,-0.417218,0.580917,-0.568151,-0.177584,0.148054,0.676640,-0.699073,0.223875,-0.206441,-0.653694,0.692781,-0.155524,0.115621,0.683994,-0.703275,-0.138757,-0.293390,-0.059638,0.029486
42.119379,0.407025,-0.417218,0.580917,-0.568151,-0.173485,0.142119,0.678629,-0.699405,0.219697,-0.202735,-0.655826,0.693199,-0.151302,0.111407,0.684698,-0.704191,-0.124117,-0.281615,-0.047485,0.046744
42.411032,0.407025,-0.417218,0.580917,-0.568151,-0.173141,0.143763,0.681558,-0.696299,0.217682,-0.204754,-0.659934,0.689331,-0.149494,0.111580,0.685869,-0.703410,-0.125938,-0.281336,-0.045155,0.047389
42.716241,0.407025,-0.417218,0.580917,-0.568151,-0.173394,0.144023,0.680499,-0.697218,0.219819,-0.202817,-0.651674,0.697041,-0.151302,0.111407,0.684698,-0.704191,-0.126713,-0.282334,-0.047485,0.047175
43.029577,0.407025,-0.417218,0.580917,-0.568151,-0.189642,0.157751,0.672320,-0.697952,0.232526,-0.214153,-0.648260,0.692697,-0.171513,0.131616,0.680132,-0.700486,-0.170470,-0.318009,-0.105862,-0.017601
43.302550,0.407025,-0.417218,0.580917,-0.568151,-0.244236,0.207077,0.665001,-0.674716,0.283414,-0.254049,-0.640510,0.666995,-0.223150,0.183295,0.670299,-0.683598,-0.323445,-0.454016,-0.256841,-0.158374
43.605203,0.407025,-0.417218,0.580917,-0.568151,-0.264731,0.223130,0.656194,-0.670478,0.321066,-0.289603,-0.622816,0.652032,-0.254954,0.215272,0.660854,-0.672256,-0.378254,-0.567452,-0.351733,-0.266302
43.911286,0.407025,-0.417218,0.580917,-0.568151,-0.292682,0.250513,0.646447,-0.658549,0.337677,-0.302585,-0.615185,0.644952,-0.268887,0.229336,0.655164,-0.667731,-0.462294,-0.614110,-0.393898,-0.300785
44.248155,0.407025,-0.417218,0.580917,-0.568151,-0.293076,0.250900,0.645288,-0.659362,0.340187,-0.304871,-0.614105,0.643584,-0.268887,0.229336,0.655164,-0.667731,-0.463514,-0.621715,-0.393898,-0.309194
44.558158,0.407025,-0.417218,0.580917,-0.568151,-0.296831,0.254591,0.644885,-0.656657,0.341865,-0.306344,-0.613348,0.642717,-0.272694,0.233150,0.654847,-0.665172,-0.474912,-0.626721,-0.405407,-0.321561
44.861701,0.407025,-0.417218,0.580917,-0.568151,-0.280491,0.238565,0.651870,-0.662930,0.335542,-0.300675,-0.617132,0.645100,-0.254929,0.215199,0.662885,-0.670286,-0.425443,-0.607627,-0.351560,-0.237311
45.180788,0.407025,-0.417218,0.580917,-0.568151,-0.209882,0.179470,0.671514,-0.687611,0.289130,-0.261001,-0.639125,0.663175,-0.173374,0.133380,0.683843,-0.696068,-0.231795,-0.473366,-0.111067,-0.008366
45.579583,0.407025,-0.417218,0.580917,-0.568151,-0.179601,0.148010,0.674388,-0.700741,0.221705,-0.200706,-0.651689,0.697040,-0.155333,0.115407,0.685054,-0.702320,-0.141664,-0.281867,-0.059043,0.041231
45.901039,0.407025,-0.417218,0.580917,-0.568151,-0.177508,0.143987,0.673962,-0.702520,0.217511,-0.200763,-0.655355,0.694905,-0.151460,0.111541,0.685677,-0.703182,-0.132771,-0.275565,-0.047895,0.046741
46.311523,0.407025,-0.417218,0.580917,-0.568151,-0.173217,0.143812,0.679521,-0.698259,0.217384,-0.200676,-0.659488,0.691049,-0.151432,0.111465,0.687711,-0.701211,-0.126184,-0.274874,-0.047731,0.047388
46.635614,0.407025,-0.417218,0.580917,-0.568151,-0.173141,0.143763,0.681558,-0.696299,0.215717,-0.201151,-0.660721,0.690255,-0.151220,0.113227,0.688645,-0.700057,-0.125938,-0.273064,-0.049983,0.046956
46.957654,0.407025,-0.417218,0.580917,-0.568151,-0.173394,0.144023,0.680499,-0.697218,0.219515,-0.198734,-0.651215,0.698739,-0.151460,0.111541,0.685677,-0.703182,-0.126713,-0.275817,-0.047895,0.047171
47.290057,0.407025,-0.417218,0.580917,-0.568151,-0.173394,0.144023,0.680499,-0.697218,0.258367,-0.235400,-0.640946,0.683389,-0.209140,0.171288,0.671701,-0.689738,-0.126713,-0.388455,-0.218599,-0.062112
47.665637,0.407025,-0.417218,0.580917,-0.568151,-0.270794,0.229038,0.652168,-0.669992,0.316601,-0.283655,-0.621923,0.657659,-0.253170,0.213477,0.661421,-0.672945,-0.396370,-0.551405,-0.346369,-0.235471
47.961940,0.407025,-0.417218,0.580917,-0.568151,-0.293149,0.250946,0.643237,-0.661313,0.333888,-0.301082,-0.613341,0.649369,-0.268887,0.229336,0.655164,-0.667731,-0.463754,-0.606049,-0.393898,-0.294679
48.246242,0.407025,-0.417218,0.580917,-0.568151,-0.297303,0.255029,0.641669,-0.659418,0.338089,-0.304853,-0.611520,0.647150,-0.270947,0.231388,0.655455,-0.665902,-0.476390,-0.618670,-0.400096,-0.315971
48.551570,0.407025,-0.417218,0.580917,-0.568151,-0.296905,0.254638,0.642838,-0.658609,0.339808,-0.304490,-0.613231,0.644797,-0.270947,0.231388,0.655455,-0.665902,-0.475146,-0.620596,-0.400096,-0.315971
48.858519,0.407025,-0.417218,0.580917,-0.568151,-0.262602,0.227007,0.657993,-0.668247,0.287663,-0.265390,-0.635561,0.665492,-0.269195,0.229622,0.656060,-0.666628,-0.380904,-0.478176,-0.394775,-0.193512
49.201224,0.407025,-0.417218,0.580917,-0.568151,-0.195835,0.163782,0.670965,-0.696154,0.228086,-0.208282,-0.649737,0.694577,-0.169177,0.129233,0.682624,-0.699072,-0.188321,-0.302619,-0.099003,0.008782
49.496817,0.407025,-0.417218,0.580917,-0.568151,-0.183727,0.150037,0.672720,-0.700842,0.221763,-0.200745,-0.649605,0.698953,-0.157458,0.117552,0.683675,-0.702835,-0.150609,-0.282228,-0.065211,0.032090
49.785267,0.407025,-0.417218,0.580917,-0.568151,-0.179620,0.146060,0.674565,-0.700975,0.217577,-0.197030,-0.651721,0.699357,-0.153398,0.113475,0.685368,-0.702754,-0.138813,-0.270434,-0.053471,0.043812
50.075533,0.407025,-0.417218,0.580917,-0.568151,-0.177602,0.146104,0.676817,-0.699307,0.215262,-0.198749,-0.656949,0.694679,-0.153424,0.111501,0.685483,-0.702952,-0.135912,-0.269169,-0.050631,0.043807
50.410969,0.407025,-0.417218,0.580917,-0.568151,-0.177344,0.145842,0.677887,-0.698390,0.215355,-0.196924,-0.653060,0.698824,-0.153264,0.111367,0.684505,-0.703960,-0.135122,-0.266961,-0.050214,0.044241
50.718544,0.407025,-0.417218,0.580917,-0.568151,-0.189740,0.155856,0.670454,-0.700143,0.238844,-0.217906,-0.646761,0.690775,-0.165366,0.125473,0.681282,-0.701972,-0.167888,-0.332954,-0.088080,0.011375
51.014555,0.407025,-0.417218,0.580917,-0.568151,-0.248361,0.209091,0.661023,-0.676496,0.266106,-0.242240,-0.639477,0.679394,-0.219145,0.181302,0.670133,-0.685585,-0.332652,-0.410366,-0.248034,-0.137381
51.351873,0.407025,-0.417218,0.580917,-0.568151,-0.264805,0.223177,0.654145,-0.672432,0.305944,-0.272213,-0.627483,0.662242,-0.243043,0.203333,0.662559,-0.678676,-0.378487,-0.516931,-0.316120,-0.203354
51.662598,0.407025,-0.417218,0.580917,-0.568151,-0.289101,0.244992,0.645074,-0.663535,0.326900,-0.290981,-0.618111,0.652997,-0.257048,0.217405,0.659155,-0.672440,-0.448426,-0.578947,-0.358096,-0.270665
51.944390,0.407025,-0.417218,0.580917,-0.568151,-0.292875,0.248701,0.644702,-0.660857,0.333640,-0.297061,-0.615293,0.649503,-0.266919,0.225318,0.657159,-0.667928,-0.459837,-0.599128,-0.384822,-0.296273
52.269757,0.407025,-0.417218,0.580917,-0.568151,-0.294989,0.250765,0.642900,-0.660892,0.337747,-0.302633,-0.613106,0.646870,-0.270947,0.231388,0.655455,-0.665902,-0.466267,-0.614473,-0.400096,-0.314874
52.618307,0.407025,-0.417218,0.580917,-0.568151,-0.299340,0.257045,0.641902,-0.657484,0.337747,-0.302633,-0.613106,0.646870,-0.272815,0.231263,0.655112,-0.665521,-0.482590,-0.614473,-0.402716,-0.315209
52.913332,0.407025,-0.417218,0.580917,-0.568151,-0.261849,0.222261,0.657839,-0.670286,0.289271,-0.261100,-0.634990,0.667035,-0.199242,0.161224,0.680167,-0.686791,-0.372608,-0.474041,-0.189253,-0.141598
53.262258,0.407025,-0.417218,0.580917,-0.568151,-0.177596,0.142081,0.672074,-0.704691,0.215662,-0.197232,-0.651965,0.699665,-0.157265,0.117335,0.684736,-0.701881,-0.130160,-0.267978,-0.064608,0.041684
53.548429,0.407025,-0.417218,0.580917,-0.568151,-0.175579,0.142125,0.674330,-0.703030,0.211159,-0.193201,-0.655144,0.699193,-0.149363,0.109473,0.685001,-0.704614,-0.127268,-0.255174,-0.041910,0.058219
53.837540,0.407025,-0.417218,0.580917,-0.568151,-0.179620,0.146060,0.674565,-0.700975,0.213351,-0.195177,-0.655638,0.697514,-0.153398,0.113475,0.685368,-0.702754,-0.138813,-0.261215,-0.053471,0.046754
54.158209,0.407025,-0.417218,0.580917,-0.568151,-0.179620,0.146060,0.674565,-0.700975,0.215295,-0.196884,-0.655138,0.696907,-0.153398,0.113475,0.685368,-0.702754,-0.138813,-0.266605,-0.053471,0.046754
54.457923,0.407025,-0.417218,0.580917,-0.568151,-0.183556,0.147871,0.671925,-0.702110,0.215662,-0.197232,-0.651965,0.699665,-0.153238,0.113339,0.684391,-0.703762,-0.147195,-0.267978,-0.053054,0.047188
54.745352,0.407025,-0.417218,0.580917,-0.568151,-0.183556,0.147871,0.671925,-0.702110,0.300686,-0.267575,-0.627450,0.666557,-0.225520,0.185675,0.669637,-0.682827,-0.147195,-0.501825,-0.263859,-0.113421
55.107668,0.407025,-0.417218,0.580917,-0.568151,-0.294917,0.250719,0.644950,-0.658942,0.328980,-0.292854,-0.618270,0.650961,-0.266804,0.227211,0.656901,-0.667586,-0.466033,-0.585071,-0.387522,-0.302651
55.374789,0.407025,-0.417218,0.580917,-0.568151,-0.298940,0.256651,0.643071,-0.656677,0.335612,-0.300725,-0.615056,0.647020,-0.269195,0.229622,0.656060,-0.666628,-0.481341,-0.607983,-0.394775,-0.309280
55.692278,0.407025,-0.417218,0.580917,-0.568151,-0.301045,0.258709,0.641248,-0.656690,0.338124,-0.303013,-0.613983,0.645662,-0.272815,0.231263,0.655112,-0.665521,-0.487774,-0.615581,-0.402716,-0.315209
56.021583,0.407025,-0.417218,0.580917,-0.568151,-0.272511,0.234734,0.656001,-0.663551,0.295596,-0.268682,-0.635403,0.660830,-0.242994,0.203189,0.666627,-0.674742,-0.407519,-0.495208,-0.315763,-0.213579
56.345275,0.407025,-0.417218,0.580917,-0.568151,-0.187659,0.155860,0.674773,-0.696544,0.219759,-0.202777,-0.653752,0.695122,-0.161290,0.121330,0.685056,-0.699973,-0.164740,-0.281970,-0.076171,0.023971
56.711768,0.407025,-0.417218,0.580917,-0.568151,-0.177584,0.148054,0.676640,-0.699073,0.215508,-0.199019,-0.657935,0.693591,-0.153210,0.113263,0.686424,-0.701798,-0.138757,-0.269833,-0.052887,0.043807
57.070325,0.407025,-0.417218,0.580917,-0.568151,-0.177251,0.147741,0.679750,-0.696201,0.213529,-0.199177,-0.660245,0.691961,-0.153370,0.113399,0.687401,-0.700784,-0.137710,-0.267006,-0.053308,0.043805
57.375368,0.407025,-0.417218,0.580917,-0.568151,-0.177584,0.148054,0.676640,-0.699073,0.251600,-0.231242,-0.647863,0.680807,-0.181402,0.143459,0.680050,-0.695733,-0.138757,-0.371570,-0.137392,-0.043856
57.696472,0.407025,-0.417218,0.580917,-0.568151,-0.266603,0.222976,0.655886,-0.670088,0.301932,-0.270538,-0.629672,0.662690,-0.229187,0.189357,0.668632,-0.681578,-0.380817,-0.508094,-0.274731,-0.226129
58.024869,0.407025,-0.417218,0.580917,-0.568151,-0.297230,0.254983,0.643721,-0.657466,0.333570,-0.297013,-0.617373,0.647584,-0.265044,0.225438,0.657496,-0.668302,-0.476150,-0.598771,-0.382193,-0.295970
58.352608,0.407025,-0.417218,0.580917,-0.568151,-0.300972,0.258662,0.643295,-0.654737,0.337575,-0.304376,-0.614805,0.644526,-0.272694,0.233150,0.654847,-0.665172,-0.487540,-0.616820,-0.405407,-0.321561
58.697094,0.407025,-0.417218,0.580917,-0.568151,-0.303208,0.258869,0.641779,-0.655112,0.339808,-0.304490,-0.613231,0.644797,-0.274871,0.233313,0.655392,-0.663681,-0.491302,-0.620596,-0.408923,-0.322823
59.023085,0.407025,-0.417218,0.580917,-0.568151,-0.276427,0.236602,0.655979,-0.661286,0.337950,-0.304756,-0.615680,0.643313,-0.274871,0.233313,0.655392,-0.663681,-0.416268,-0.617934,-0.408923,-0.315976
59.351736,0.407025,-0.417218,0.580917,-0.568151,-0.203939,0.173715,0.673959,-0.688484,0.246989,-0.230898,-0.654753,0.676004,-0.195237,0.157189,0.682102,-0.686958,-0.214580,-0.363701,-0.177500,-0.064825
59.632599,0.407025,-0.417218,0.580917,-0.568151,-0.187559,0.157754,0.676627,-0.694342,0.219972,-0.204913,-0.656540,0.691793,-0.163215,0.123252,0.684721,-0.699519,-0.167316,-0.285198,-0.081726,0.021035
59.931284,0.407025,-0.417218,0.580917,-0.568151,-0.177527,0.146056,0.678864,-0.697349,0.215536,-0.200924,-0.657670,0.693284,-0.153210,0.113263,0.686424,-0.701798,-0.135666,-0.272739,-0.052887,0.038273
