0.000000,0.407025,-0.417218,0.580917,-0.568151,-0.173395,0.140006,0.675769,-0.702616,0.213438,-0.193343,-0.651729,0.701650,-0.151302,0.111407,0.684698,-0.704191,-0.120985,-0.258994,-0.047485,0.041347
0.273261,0.407025,-0.417218,0.580917,-0.568151,-0.173395,0.140006,0.675769,-0.702616,0.213438,-0.193343,-0.651729,0.701650,-0.151302,0.111407,0.684698,-0.704191,-0.120985,-0.258994,-0.047485,0.041347
0.392170,0.407025,-0.417218,0.580917,-0.568151,-0.173395,0.140006,0.675769,-0.702616,0.213438,-0.193343,-0.651729,0.701650,-0.151302,0.111407,0.684698,-0.704191,-0.120985,-0.258994,-0.047485,0.041347
0.472999,0.407025,-0.417218,0.580917,-0.568151,-0.173395,0.140006,0.675769,-0.702616,0.213438,-0.193343,-0.651729,0.701650,-0.151302,0.111407,0.684698,-0.704191,-0.120985,-0.258994,-0.047485,0.041347
0.555085,0.407025,-0.417218,0.580917,-0.568151,-0.173395,0.140006,0.675769,-0.702616,0.213438,-0.193343,-0.651729,0.701650,-0.151302,0.111407,0.684698,-0.704191,-0.120985,-0.258994,-0.047485,0.041347
0.636967,0.407025,-0.417218,0.580917,-0.568151,-0.173395,0.140006,0.675769,-0.702616,0.213438,-0.193343,-0.651729,0.701650,-0.151302,0.111407,0.684698,-0.704191,-0.120985,-0.258994,-0.047485,0.041347
0.701790,0.407025,-0.417218,0.580917,-0.568151,-0.173395,0.140006,0.675769,-0.702616,0.213438,-0.193343,-0.651729,0.701650,-0.151302,0.111407,0.684698,-0.704191,-0.120985,-0.258994,-0.047485,0.041347
0.766097,0.407025,-0.417218,0.580917,-0.568151,-0.173395,0.140006,0.675769,-0.702616,0.213438,-0.193343,-0.651729,0.701650,-0.151302,0.111407,0.684698,-0.704191,-0.120985,-0.258994,-0.047485,0.041347
0.832547,0.407025,-0.417218,0.580917,-0.568151,-0.173395,0.140006,0.675769,-0.702616,0.213438,-0.193343,-0.651729,0.701650,-0.151302,0.111407,0.684698,-0.704191,-0.120985,-0.258994,-0.047485,0.041347
0.899389,0.407025,-0.417218,0.580917,-0.568151,-0.173395,0.140006,0.675769,-0.702616,0.213438,-0.193343,-0.651729,0.701650,-0.151302,0.111407,0.684698,-0.704191,-0.120985,-0.258994,-0.047485,0.041347
0.966539,0.407025,-0.417218,0.580917,-0.568151,-0.173395,0.140006,0.675769,-0.702616,0.213438,-0.193343,-0.651729,0.701650,-0.151302,0.111407,0.684698,-0.704191,-0.120985,-0.258994,-0.047485,0.041347
1.031518,0.407025,-0.417218,0.580917,-0.568151,-0.173395,0.140006,0.675769,-0.702616,0.213438,-0.193343,-0.651729,0.701650,-0.151302,0.111407,0.684698,-0.704191,-0.120985,-0.258994,-0.047485,0.041347
1.096334,0.407025,-0.417218,0.580917,-0.568151,-0.173395,0.140006,0.675769,-0.702616,0.213438,-0.193343,-0.651729,0.701650,-0.151302,0.111407,0.684698,-0.704191,-0.120985,-0.258994,-0.047485,0.041347
1.359177,0.407025,-0.417218,0.580917,-0.568151,-0.173395,0.140006,0.675769,-0.702616,0.213438,-0.193343,-0.651729,0.701650,-0.151302,0.111407,0.684698,-0.704191,-0.120985,-0.258994,-0.047485,0.041347
1.654512,0.407025,-0.417218,0.580917,-0.568151,-0.171374,0.140046,0.678012,-0.700941,0.213380,-0.193305,-0.653814,0.699735,-0.151302,0.111407,0.684698,-0.704191,-0.118084,-0.258636,-0.047485,0.043932
1.916412,0.407025,-0.417218,0.580917,-0.568151,-0.171374,0.140046,0.678012,-0.700941,0.213134,-0.193040,-0.652824,0.700806,-0.151302,0.111407,0.684698,-0.704191,-0.118084,-0.257990,-0.047485,0.041347
2.224234,0.407025,-0.417218,0.580917,-0.568151,-0.173395,0.140006,0.675769,-0.702616,0.213134,-0.193040,-0.652824,0.700806,-0.151302,0.111407,0.684698,-0.704191,-0.120985,-0.257990,-0.047485,0.043932
2.480557,0.407025,-0.417218,0.580917,-0.568151,-0.173395,0.140006,0.675769,-0.702616,0.213134,-0.193040,-0.652824,0.700806,-0.151302,0.111407,0.684698,-0.704191,-0.120985,-0.257990,-0.047485,0.043932
2.770772,0.407025,-0.417218,0.580917,-0.568151,-0.175325,0.141869,0.675406,-0.702112,0.213191,-0.193077,-0.650739,0.702716,-0.151302,0.111407,0.684698,-0.704191,-0.126489,-0.258352,-0.047485,0.041347
3.035651,0.407025,-0.417218,0.580917,-0.568151,-0.187732,0.155907,0.672722,-0.698495,0.234472,-0.212082,-0.646191,0.694609,-0.171302,0.131380,0.681203,-0.699541,-0.164995,-0.317914,-0.105200,-0.017250
3.337250,0.407025,-0.417218,0.580917,-0.568151,-0.234386,0.197403,0.662774,-0.683247,0.301885,-0.264767,-0.625614,0.668858,-0.233123,0.193336,0.666502,-0.681212,-0.294516,-0.499436,-0.286480,-0.217940
3.599515,0.407025,-0.417218,0.580917,-0.568151,-0.315297,0.270716,0.633907,-0.652275,0.342174,-0.304693,-0.607474,0.648887,-0.292761,0.251446,0.645691,-0.658900,-0.528426,-0.625129,-0.463866,-0.397477
3.894398,0.407025,-0.417218,0.580917,-0.568151,-0.357867,0.314709,0.614218,-0.628987,0.394597,-0.351848,-0.581907,0.617964,-0.326697,0.287815,0.631011,-0.642072,-0.665181,-0.786850,-0.572899,-0.497224
4.159201,0.407025,-0.417218,0.580917,-0.568151,-0.383583,0.340204,0.602809,-0.611348,0.418293,-0.378983,-0.567957,0.599022,-0.353809,0.313288,0.620448,-0.625871,-0.748404,-0.872526,-0.656280,-0.598882
4.450126,0.407025,-0.417218,0.580917,-0.568151,-0.394215,0.352776,0.596282,-0.603814,0.433536,-0.396610,-0.557474,0.586489,-0.371665,0.331468,0.611029,-0.615335,-0.786828,-0.929328,-0.714541,-0.657629
4.716975,0.407025,-0.417218,0.580917,-0.568151,-0.394215,0.352776,0.596282,-0.603814,0.435123,-0.399915,-0.556877,0.583630,-0.377397,0.337290,0.608871,-0.610806,-0.786828,-0.937789,-0.733415,-0.665696
5.017924,0.407025,-0.417218,0.580917,-0.568151,-0.401910,0.362429,0.592219,-0.596984,0.439374,-0.403758,-0.553130,0.581359,-0.379728,0.339667,0.607552,-0.609355,-0.815834,-0.952090,-0.741140,-0.686832
5.279707,0.407025,-0.417218,0.580917,-0.568151,-0.404093,0.362598,0.590481,-0.597130,0.441983,-0.404262,-0.552067,0.580039,-0.381641,0.341642,0.605459,-0.609139,-0.819805,-0.957559,-0.747543,-0.693666
5.563279,0.407025,-0.417218,0.580917,-0.568151,-0.398415,0.356973,0.594843,-0.599998,0.439117,-0.401614,-0.554937,0.581315,-0.381203,0.341174,0.606726,-0.608415,-0.800822,-0.947760,-0.746042,-0.689042
5.844518,0.407025,-0.417218,0.580917,-0.568151,-0.351615,0.310549,0.619845,-0.629062,0.377099,-0.341731,-0.591595,0.625325,-0.318408,0.277278,0.640176,-0.641801,-0.648407,-0.741130,-0.543364,-0.460912
6.132139,0.407025,-0.417218,0.580917,-0.568151,-0.254681,0.215296,0.660103,-0.673090,0.269726,-0.239799,-0.643332,0.675180,-0.221209,0.183304,0.672615,-0.681949,-0.351378,-0.411645,-0.253982,-0.166818
6.398839,0.407025,-0.417218,0.580917,-0.568151,-0.189842,0.157982,0.673289,-0.696910,0.228048,-0.204481,-0.650277,0.695213,-0.165279,0.127290,0.685218,-0.697823,-0.171056,-0.296791,-0.090560,0.021403
6.693377,0.407025,-0.417218,0.580917,-0.568151,-0.177508,0.143987,0.673962,-0.702520,0.217296,-0.194852,-0.650990,0.700733,-0.153398,0.113475,0.685368,-0.702754,-0.132771,-0.266839,-0.053471,0.032874
6.959653,0.407025,-0.417218,0.580917,-0.568151,-0.175506,0.142078,0.676384,-0.701082,0.213380,-0.193305,-0.653814,0.699735,-0.151275,0.111332,0.686732,-0.702225,-0.127019,-0.258636,-0.047318,0.044581
7.250204,0.407025,-0.417218,0.580917,-0.568151,-0.175506,0.142078,0.676384,-0.701082,0.215354,-0.193143,-0.651487,0.701344,-0.151460,0.111541,0.685677,-0.703182,-0.127019,-0.261448,-0.047895,0.044586
7.517064,0.407025,-0.417218,0.580917,-0.568151,-0.175506,0.142078,0.676384,-0.701082,0.286675,-0.249257,-0.634499,0.673126,-0.203579,0.163662,0.675276,-0.689762,-0.127019,-0.451969,-0.199190,-0.115172
7.815429,0.407025,-0.417218,0.580917,-0.568151,-0.315297,0.270716,0.633907,-0.652275,0.331721,-0.293430,-0.613426,0.653887,-0.290840,0.247469,0.647786,-0.659199,-0.528426,-0.590627,-0.454797,-0.337722
8.079617,0.407025,-0.417218,0.580917,-0.568151,-0.362023,0.316832,0.612615,-0.627104,0.403006,-0.359423,-0.576291,0.613425,-0.342014,0.301298,0.626294,-0.632456,-0.675270,-0.813656,-0.618323,-0.531045
8.366177,0.407025,-0.417218,0.580917,-0.568151,-0.384059,0.340676,0.601536,-0.612041,0.418293,-0.378983,-0.567957,0.599022,-0.352256,0.311706,0.621225,-0.626766,-0.749990,-0.872526,-0.651255,-0.592373
8.639919,0.407025,-0.417218,0.580917,-0.568151,-0.390409,0.349001,0.598454,-0.606326,0.429044,-0.390622,-0.560876,0.590554,-0.366109,0.323760,0.615526,-0.618282,-0.774228,-0.911091,-0.692971,-0.636879
8.932856,0.407025,-0.417218,0.580917,-0.568151,-0.396074,0.354634,0.596212,-0.601574,0.433019,-0.396111,-0.558819,0.585929,-0.366109,0.323760,0.615526,-0.618282,-0.793004,-0.927456,-0.692971,-0.647220
9.213032,0.407025,-0.417218,0.580917,-0.568151,-0.404020,0.362552,0.592528,-0.595176,0.439117,-0.401614,-0.554937,0.581315,-0.379291,0.339199,0.608815,-0.608627,-0.819573,-0.947760,-0.739651,-0.687772
9.495582,0.407025,-0.417218,0.580917,-0.568151,-0.404236,0.364757,0.590821,-0.595379,0.441462,-0.403758,-0.553424,0.579493,-0.379728,0.339667,0.607552,-0.609355,-0.823666,-0.955654,-0.741140,-0.689269
9.759203,0.407025,-0.417218,0.580917,-0.568151,-0.404236,0.364757,0.590821,-0.595379,0.441462,-0.403758,-0.553424,0.579493,-0.379728,0.339667,0.607552,-0.609355,-0.823666,-0.955654,-0.741140,-0.689269
10.057270,0.407025,-0.417218,0.580917,-0.568151,-0.405926,0.364433,0.590382,-0.594862,0.443097,-0.403302,-0.552982,0.578984,-0.381460,0.339414,0.607098,-0.608867,-0.825967,-0.957724,-0.743568,-0.690373
10.317621,0.407025,-0.417218,0.580917,-0.568151,-0.397663,0.358208,0.595733,-0.598876,0.425916,-0.389618,-0.563221,0.591249,-0.377810,0.337686,0.609640,-0.609563,-0.801618,-0.903856,-0.734739,-0.669892
10.621925,0.407025,-0.417218,0.580917,-0.568151,-0.343637,0.302669,0.623648,-0.633536,0.380381,-0.344807,-0.591991,0.621260,-0.314018,0.272858,0.641074,-0.644953,-0.623114,-0.751374,-0.529652,-0.421308
10.880590,0.407025,-0.417218,0.580917,-0.568151,-0.280582,0.242629,0.652183,-0.661107,0.287071,-0.259133,-0.636794,0.667033,-0.217046,0.177073,0.675968,-0.681619,-0.431779,-0.467573,-0.238629,-0.200438
11.175238,0.407025,-0.417218,0.580917,-0.568151,-0.191778,0.157883,0.673073,-0.696611,0.226082,-0.204651,-0.652615,0.693613,-0.165279,0.127290,0.685218,-0.697823,-0.173697,-0.293990,-0.090560,0.006176
11.439633,0.407025,-0.417218,0.580917,-0.568151,-0.183727,0.150037,0.672720,-0.700842,0.217548,-0.195119,-0.651978,0.699661,-0.153398,0.113475,0.685368,-0.702754,-0.150609,-0.267498,-0.053471,0.032874
11.725983,0.407025,-0.417218,0.580917,-0.568151,-0.181544,0.147918,0.674185,-0.700455,0.213411,-0.195217,-0.653559,0.699433,-0.151275,0.111332,0.686732,-0.702225,-0.144308,-0.261571,-0.047318,0.040975
12.012312,0.407025,-0.417218,0.580917,-0.568151,-0.179528,0.147963,0.676439,-0.698790,0.213351,-0.195177,-0.655638,0.697514,-0.151275,0.111332,0.686732,-0.702225,-0.141411,-0.261215,-0.047318,0.047166
12.296819,0.407025,-0.417218,0.580917,-0.568151,-0.179342,0.147746,0.675463,-0.699826,0.213351,-0.195177,-0.655638,0.697514,-0.151275,0.111332,0.686732,-0.702225,-0.140863,-0.261215,-0.047318,0.047166
12.562744,0.407025,-0.417218,0.580917,-0.568151,-0.181615,0.147963,0.672130,-0.702399,0.213438,-0.193343,-0.651729,0.701650,-0.151460,0.111541,0.685677,-0.703182,-0.144562,-0.258994,-0.047895,0.043928
12.852426,0.407025,-0.417218,0.580917,-0.568151,-0.193728,0.161709,0.670416,-0.697755,0.236654,-0.214049,-0.646621,0.692863,-0.153398,0.113475,0.685368,-0.702754,-0.182256,-0.323982,-0.053471,-0.007823
13.121496,0.407025,-0.417218,0.580917,-0.568151,-0.252475,0.211096,0.657019,-0.678249,0.301831,-0.266607,-0.625276,0.668467,-0.223150,0.183295,0.670299,-0.683598,-0.341860,-0.502249,-0.256841,-0.086560
13.413541,0.407025,-0.417218,0.580917,-0.568151,-0.316128,0.271530,0.631516,-0.653852,0.346077,-0.306271,-0.605127,0.648267,-0.290840,0.247469,0.647786,-0.659199,-0.531067,-0.633910,-0.454797,-0.362809
13.683067,0.407025,-0.417218,0.580917,-0.568151,-0.386014,0.342602,0.599448,-0.611784,0.413992,-0.375081,-0.569455,0.603030,-0.357711,0.317258,0.618450,-0.623626,-0.756418,-0.858641,-0.668929,-0.589374
13.975906,0.407025,-0.417218,0.580917,-0.568151,-0.410417,0.372932,0.587462,-0.589380,0.441644,-0.405849,-0.553702,0.577626,-0.381619,0.341573,0.607489,-0.607166,-0.847938,-0.959579,-0.747381,-0.698601
14.236971,0.407025,-0.417218,0.580917,-0.568151,-0.410417,0.372932,0.587462,-0.589380,0.443802,-0.405897,-0.551902,0.577661,-0.383088,0.343075,0.606659,-0.606225,-0.847938,-0.963557,-0.752273,-0.702415
14.530019,0.407025,-0.417218,0.580917,-0.568151,-0.400139,0.362700,0.594700,-0.595541,0.416533,-0.383150,-0.570361,0.595302,-0.366254,0.325857,0.617981,-0.614635,-0.813289,-0.876404,-0.696613,-0.630151
14.796957,0.407025,-0.417218,0.580917,-0.568151,-0.337222,0.300307,0.626756,-0.635039,0.367475,-0.331268,-0.598947,0.629671,-0.338007,0.297134,0.632248,-0.630655,-0.609184,-0.708113,-0.605352,-0.429248
15.091840,0.407025,-0.417218,0.580917,-0.568151,-0.337222,0.300307,0.626756,-0.635039,0.276182,-0.249365,-0.641570,0.670766,-0.193194,0.153163,0.681742,-0.688799,-0.609184,-0.435967,-0.168632,-0.137609
15.357933,0.407025,-0.417218,0.580917,-0.568151,-0.185793,0.156003,0.672933,-0.698789,0.219515,-0.198734,-0.651215,0.698739,-0.159196,0.117217,0.686565,-0.699676,-0.162354,-0.275817,-0.067180,0.026547
15.653400,0.407025,-0.417218,0.580917,-0.568151,-0.181691,0.152032,0.674798,-0.698943,0.213075,-0.193001,-0.654904,0.698892,-0.149336,0.109397,0.687036,-0.702647,-0.150554,-0.257637,-0.041744,0.047155
15.917876,0.407025,-0.417218,0.580917,-0.568151,-0.181691,0.152032,0.674798,-0.698943,0.213101,-0.191128,-0.653076,0.701106,-0.149336,0.109397,0.687036,-0.702647,-0.150554,-0.255050,-0.041744,0.047155
16.218906,0.407025,-0.417218,0.580917,-0.568151,-0.188001,0.156181,0.671637,-0.699404,0.234695,-0.214226,-0.648971,0.691276,-0.187345,0.147379,0.679986,-0.693398,-0.165833,-0.321178,-0.151696,-0.087594
16.480592,0.407025,-0.417218,0.580917,-0.568151,-0.290914,0.250740,0.644737,-0.660919,0.327052,-0.289217,-0.616393,0.655325,-0.274558,0.233023,0.654502,-0.664790,-0.460009,-0.576563,-0.408022,-0.260840
16.780689,0.407025,-0.417218,0.580917,-0.568151,-0.358049,0.316898,0.614664,-0.627347,0.384393,-0.344581,-0.587826,0.622870,-0.310891,0.267718,0.640742,-0.648941,-0.668976,-0.757846,-0.516825,-0.459285
17.039585,0.407025,-0.417218,0.580917,-0.568151,-0.385699,0.344300,0.601111,-0.609392,0.420392,-0.382800,-0.568183,0.594897,-0.348148,0.305536,0.622723,-0.630600,-0.758654,-0.882483,-0.634834,-0.598484
17.337570,0.407025,-0.417218,0.580917,-0.568151,-0.399726,0.362257,0.593951,-0.596834,0.433137,-0.398157,-0.561198,0.582168,-0.371643,0.331399,0.613059,-0.613363,-0.811862,-0.930979,-0.714378,-0.661745
17.597174,0.407025,-0.417218,0.580917,-0.568151,-0.399726,0.362257,0.593951,-0.596834,0.435494,-0.400313,-0.559706,0.580365,-0.375476,0.335307,0.610949,-0.611007,-0.811862,-0.938870,-0.727019,-0.676510
17.886278,0.407025,-0.417218,0.580917,-0.568151,-0.407892,0.368414,0.590607,-0.590828,0.437401,-0.402013,-0.557465,0.579912,-0.375476,0.335307,0.610949,-0.611007,-0.835994,-0.945277,-0.727019,-0.676510
18.162798,0.407025,-0.417218,0.580917,-0.568151,-0.408387,0.368910,0.589302,-0.591480,0.439749,-0.404160,-0.555955,0.578091,-0.377810,0.337686,0.609640,-0.609563,-0.837677,-0.953176,-0.734739,-0.682221
18.456110,0.407025,-0.417218,0.580917,-0.568151,-0.410207,0.370732,0.589185,-0.589194,0.441122,-0.405342,-0.555055,0.577082,-0.379545,0.337436,0.609186,-0.609077,-0.843842,-0.957680,-0.737173,-0.685997
18.727190,0.407025,-0.417218,0.580917,-0.568151,-0.410417,0.372932,0.587462,-0.589380,0.441644,-0.405849,-0.553702,0.577626,-0.379705,0.339596,0.609581,-0.607379,-0.847938,-0.959579,-0.740986,-0.690776
19.008655,0.407025,-0.417218,0.580917,-0.568151,-0.410417,0.372932,0.587462,-0.589380,0.441644,-0.405849,-0.553702,0.577626,-0.379705,0.339596,0.609581,-0.607379,-0.847938,-0.959579,-0.740986,-0.690776
19.277700,0.407025,-0.417218,0.580917,-0.568151,-0.359880,0.322742,0.616814,-0.621179,0.409259,-0.376511,-0.576650,0.598516,-0.320007,0.274854,0.641271,-0.640954,-0.681269,-0.852509,-0.542077,-0.558177
19.573541,0.407025,-0.417218,0.580917,-0.568151,-0.252288,0.216934,0.663287,-0.670328,0.295490,-0.272346,-0.634704,0.660048,-0.250886,0.213019,0.668935,-0.666487,-0.350226,-0.500748,-0.342236,-0.230242
19.840732,0.407025,-0.417218,0.580917,-0.568151,-0.205607,0.175285,0.672552,-0.688966,0.228349,-0.208564,-0.650715,0.693489,-0.167347,0.129287,0.687864,-0.694350,-0.219364,-0.303323,-0.096421,0.006895
20.138974,0.407025,-0.417218,0.580917,-0.568151,-0.185817,0.154059,0.673120,-0.699033,0.219794,-0.200912,-0.651938,0.697353,-0.151406,0.113440,0.687596,-0.701013,-0.159512,-0.279413,-0.050563,0.041204
20.399792,0.407025,-0.417218,0.580917,-0.568151,-0.183633,0.151938,0.674592,-0.698655,0.215632,-0.199102,-0.653787,0.697440,-0.147342,0.109359,0.689254,-0.700899,-0.153202,-0.270542,-0.038835,0.049303
20.686023,0.407025,-0.417218,0.580917,-0.568151,-0.181429,0.151762,0.675873,-0.698031,0.215295,-0.196884,-0.655138,0.696907,-0.147342,0.109359,0.689254,-0.700899,-0.149739,-0.266605,-0.038835,0.049303
20.962828,0.407025,-0.417218,0.580917,-0.568151,-0.201946,0.169759,0.671606,-0.692348,0.230596,-0.210575,-0.649077,0.693673,-0.155305,0.117377,0.684934,-0.702117,-0.205933,-0.309754,-0.061876,0.008756
21.257502,0.407025,-0.417218,0.580917,-0.568151,-0.262946,0.221392,0.656770,-0.671191,0.297744,-0.264879,-0.629536,0.666987,-0.225363,0.189532,0.669213,-0.682234,-0.372949,-0.493044,-0.269377,-0.199834
21.520806,0.407025,-0.417218,0.580917,-0.568151,-0.329572,0.288780,0.629041,-0.642103,0.374095,-0.337231,-0.593623,0.627646,-0.300918,0.259643,0.644483,-0.653205,-0.578949,-0.728811,-0.488951,-0.421159
21.806702,0.407025,-0.417218,0.580917,-0.568151,-0.367669,0.324416,0.610278,-0.622201,0.399537,-0.360162,-0.579222,0.612499,-0.334083,0.293245,0.630067,-0.636720,-0.696643,-0.808919,-0.593019,-0.535427
22.079580,0.407025,-0.417218,0.580917,-0.568151,-0.391795,0.350386,0.599678,-0.603417,0.423061,-0.387149,-0.564978,0.593241,-0.359646,0.319204,0.618457,-0.621510,-0.778793,-0.894662,-0.675168,-0.612922
22.373888,0.407025,-0.417218,0.580917,-0.568151,-0.404162,0.364709,0.592867,-0.593422,0.436956,-0.401562,-0.556725,0.581270,-0.370139,0.329864,0.613871,-0.614287,-0.823437,-0.943792,-0.709428,-0.659676
22.640469,0.407025,-0.417218,0.580917,-0.568151,-0.406067,0.366588,0.590718,-0.593106,0.441644,-0.405849,-0.553702,0.577626,-0.375476,0.335307,0.610949,-0.611007,-0.829830,-0.959579,-0.727019,-0.677324
22.938626,0.407025,-0.417218,0.580917,-0.568151,-0.408104,0.370615,0.588891,-0.591019,0.441823,-0.407937,-0.553975,0.575753,-0.377810,0.337686,0.609640,-0.609563,-0.840083,-0.963503,-0.734739,-0.683844
23.198422,0.407025,-0.417218,0.580917,-0.568151,-0.408104,0.370615,0.588891,-0.591019,0.441823,-0.407937,-0.553975,0.575753,-0.375887,0.335701,0.611720,-0.609764,-0.840083,-0.963503,-0.728338,-0.677885
23.489175,0.407025,-0.417218,0.580917,-0.568151,-0.347368,0.308360,0.623443,-0.628943,0.395059,-0.359939,-0.584716,0.610311,-0.300715,0.261358,0.648246,-0.648876,-0.638092,-0.800724,-0.491262,-0.500818
23.766524,0.407025,-0.417218,0.580917,-0.568151,-0.250593,0.217327,0.666536,-0.667609,0.295822,-0.272694,-0.635621,0.658873,-0.240614,0.192666,0.673387,-0.671963,-0.348246,-0.501719,-0.296554,-0.207047
24.050567,0.407025,-0.417218,0.580917,-0.568151,-0.209561,0.183162,0.677164,-0.681164,0.234644,-0.216077,-0.650766,0.689025,-0.167376,0.129363,0.685839,-0.696329,-0.236609,-0.323711,-0.096584,-0.048889
24.318685,0.407025,-0.417218,0.580917,-0.568151,-0.185720,0.155957,0.674984,-0.696837,0.221728,-0.202610,-0.651425,0.696729,-0.151432,0.111465,0.687711,-0.701211,-0.162092,-0.284788,-0.047731,0.041199
24.610279,0.407025,-0.417218,0.580917,-0.568151,-0.181691,0.152032,0.674798,-0.698943,0.217511,-0.200763,-0.655355,0.694905,-0.149336,0.109397,0.687036,-0.702647,-0.150554,-0.275565,-0.041744,0.049740
24.898143,0.407025,-0.417218,0.580917,-0.568151,-0.181691,0.152032,0.674798,-0.698943,0.215536,-0.200924,-0.657670,0.693284,-0.149336,0.109397,0.687036,-0.702647,-0.150554,-0.272739,-0.041744,0.052905
25.188262,0.407025,-0.417218,0.580917,-0.568151,-0.181429,0.151762,0.675873,-0.698031,0.215536,-0.200924,-0.657670,0.693284,-0.147370,0.109436,0.687224,-0.702872,-0.149739,-0.272739,-0.039002,0.052251
25.465952,0.407025,-0.417218,0.580917,-0.568151,-0.210000,0.177592,0.669687,-0.689841,0.241028,-0.221757,-0.646885,0.688672,-0.163416,0.123477,0.683660,-0.700469,-0.229251,-0.341917,-0.082351,-0.007838
25.742914,0.407025,-0.417218,0.580917,-0.568151,-0.279016,0.239108,0.651050,-0.664162,0.340388,-0.305010,-0.607845,0.649330,-0.252858,0.213138,0.662544,-0.672064,-0.424067,-0.622845,-0.345378,-0.272095
26.014612,0.407025,-0.417218,0.580917,-0.568151,-0.361994,0.320799,0.612687,-0.625031,0.410399,-0.373774,-0.569958,0.605816,-0.336459,0.295655,0.628940,-0.635467,-0.681622,-0.850452,-0.600580,-0.534487
26.303744,0.407025,-0.417218,0.580917,-0.568151,-0.395960,0.358521,0.596166,-0.599386,0.431366,-0.396553,-0.559255,0.586432,-0.367555,0.329252,0.614783,-0.615254,-0.799295,-0.925357,-0.704231,-0.649060
26.577200,0.407025,-0.417218,0.580917,-0.568151,-0.410129,0.374631,0.587047,-0.588916,0.441626,-0.409620,-0.551427,0.577153,-0.379705,0.339596,0.609581,-0.607379,-0.850332,-0.966320,-0.740986,-0.680050
26.867401,0.407025,-0.417218,0.580917,-0.568151,-0.408238,0.372766,0.589214,-0.589249,0.441801,-0.411705,-0.551695,0.575277,-0.379705,0.339596,0.609581,-0.607379,-0.843945,-0.970231,-0.740986,-0.683472
27.136512,0.407025,-0.417218,0.580917,-0.568151,-0.371386,0.336103,0.610352,-0.613659,0.373965,-0.342819,-0.595302,0.623090,-0.318207,0.279043,0.641882,-0.639427,-0.721647,-0.737534,-0.545813,-0.496981
27.428691,0.407025,-0.417218,0.580917,-0.568151,-0.254199,0.220818,0.665403,-0.666229,0.262004,-0.244348,-0.650087,0.670101,-0.197246,0.161136,0.684462,-0.683111,-0.358892,-0.406587,-0.186208,-0.075972
27.694836,0.407025,-0.417218,0.580917,-0.568151,-0.193829,0.163837,0.673236,-0.694507,0.226181,-0.208493,-0.649993,0.694897,-0.147342,0.109359,0.689254,-0.700899,-0.185424,-0.300171,-0.038835,0.043772
27.987072,0.407025,-0.417218,0.580917,-0.568151,-0.185720,0.155957,0.674984,-0.696837,0.217882,-0.201117,-0.652185,0.697663,-0.143451,0.105480,0.689843,-0.701721,-0.162092,-0.276955,-0.027665,0.058809
28.258604,0.407025,-0.417218,0.580917,-0.568151,-0.185452,0.155682,0.676058,-0.695928,0.215659,-0.201008,-0.653525,0.697131,-0.141357,0.103414,0.689145,-0.703137,-0.161262,-0.273461,-0.021696,0.064320
28.546207,0.407025,-0.417218,0.580917,-0.568151,-0.185793,0.156003,0.672933,-0.698789,0.221787,-0.202649,-0.649342,0.698641,-0.145271,0.105319,0.688677,-0.702516,-0.162354,-0.285155,-0.030028,0.055239
28.826719,0.407025,-0.417218,0.580917,-0.568151,-0.228351,0.197460,0.664682,-0.683420,0.294064,-0.265418,-0.630198,0.667780,-0.197174,0.159222,0.677621,-0.690363,-0.285701,-0.488306,-0.183333,-0.138905
29.105680,0.407025,-0.417218,0.580917,-0.568151,-0.327743,0.284982,0.629244,-0.644532,0.352777,-0.318014,-0.601824,0.642046,-0.288638,0.247234,0.649309,-0.658757,-0.570124,-0.663409,-0.451073,-0.390589
29.384992,0.407025,-0.417218,0.580917,-0.568151,-0.378000,0.336670,0.605328,-0.614286,0.405998,-0.369794,-0.573506,0.607873,-0.338435,0.297637,0.629014,-0.633415,-0.733441,-0.836146,-0.606829,-0.516162
29.667332,0.407025,-0.417218,0.580917,-0.568151,-0.402052,0.364586,0.592560,-0.595234,0.429194,-0.396492,-0.561031,0.586371,-0.357689,0.317188,0.620479,-0.621656,-0.819688,-0.921386,-0.668765,-0.617778
29.938526,0.407025,-0.417218,0.580917,-0.568151,-0.408104,0.370615,0.588891,-0.591019,0.440183,-0.408396,-0.554417,0.576258,-0.369709,0.329403,0.615119,-0.613545,-0.840083,-0.961422,-0.707979,-0.655807
30.227141,0.407025,-0.417218,0.580917,-0.568151,-0.412230,0.374747,0.587336,-0.587085,0.442073,-0.410078,-0.552156,0.575786,-0.371807,0.333562,0.613468,-0.611680,-0.854097,-0.967825,-0.718173,-0.668443
30.497875,0.407025,-0.417218,0.580917,-0.568151,-0.414112,0.376604,0.585161,-0.586743,0.443883,-0.411701,-0.551980,0.573400,-0.373303,0.335087,0.612651,-0.610754,-0.860478,-0.973819,-0.723107,-0.672085
30.788575,0.407025,-0.417218,0.580917,-0.568151,-0.414112,0.376604,0.585161,-0.586743,0.443883,-0.411701,-0.551980,0.573400,-0.373550,0.333319,0.613020,-0.611200,-0.860478,-0.973819,-0.720624,-0.671027
31.065759,0.407025,-0.417218,0.580917,-0.568151,-0.383260,0.345856,0.602416,-0.608761,0.400034,-0.368281,-0.579888,0.606689,-0.333842,0.294921,0.633789,-0.632363,-0.757183,-0.823168,-0.595267,-0.521719
31.346683,0.407025,-0.417218,0.580917,-0.568151,-0.330671,0.285892,0.631407,-0.640506,0.346380,-0.312308,-0.609888,0.640720,-0.238932,0.200992,0.672623,-0.670889,-0.576058,-0.643529,-0.306441,-0.274905
31.625472,0.407025,-0.417218,0.580917,-0.568151,-0.330671,0.285892,0.631407,-0.640506,0.221820,-0.200782,-0.647515,0.700861,-0.151432,0.111465,0.687711,-0.701211,-0.576058,-0.282597,-0.047731,0.050105
31.905582,0.407025,-0.417218,0.580917,-0.568151,-0.187828,0.154009,0.670852,-0.700685,0.219546,-0.196864,-0.649387,0.700957,-0.141385,0.103490,0.687113,-0.705107,-0.162408,-0.273243,-0.021866,0.064331
32.180094,0.407025,-0.417218,0.580917,-0.568151,-0.187756,0.153963,0.672909,-0.698739,0.217634,-0.197067,-0.649633,0.701268,-0.141214,0.103292,0.688163,-0.704146,-0.162153,-0.270798,-0.021323,0.064325
32.470411,0.407025,-0.417218,0.580917,-0.568151,-0.189494,0.153642,0.671725,-0.699479,0.219801,-0.197134,-0.650374,0.699885,-0.141214,0.103292,0.688163,-0.704146,-0.164208,-0.273909,-0.021323,0.064325
32.734663,0.407025,-0.417218,0.580917,-0.568151,-0.193827,0.159816,0.668552,-0.699949,0.232273,-0.208217,-0.646025,0.696668,-0.149363,0.109473,0.685001,-0.704614,-0.179680,-0.308933,-0.041910,0.035669
33.026626,0.407025,-0.417218,0.580917,-0.568151,-0.238319,0.203195,0.660385,-0.682501,0.293240,-0.257012,-0.628761,0.672766,-0.207254,0.169350,0.674194,-0.688353,-0.309046,-0.474219,-0.212943,-0.127343
33.303575,0.407025,-0.417218,0.580917,-0.568151,-0.301518,0.259149,0.638017,-0.659441,0.323158,-0.287633,-0.616578,0.657775,-0.262955,0.223309,0.659220,-0.668144,-0.489286,-0.568128,-0.375821,-0.296331
33.585665,0.407025,-0.417218,0.580917,-0.568151,-0.345998,0.302956,0.617924,-0.637709,0.369891,-0.331502,-0.591024,0.635593,-0.300575,0.259322,0.643618,-0.654341,-0.627487,-0.713159,-0.487948,-0.376630
33.861166,0.407025,-0.417218,0.580917,-0.568151,-0.377901,0.334535,0.602872,-0.617918,0.405537,-0.365525,-0.572786,0.611430,-0.324475,0.283498,0.634459,-0.641722,-0.729868,-0.828351,-0.562590,-0.491318
34.146796,0.407025,-0.417218,0.580917,-0.568151,-0.391938,0.350477,0.595581,-0.607317,0.426495,-0.390160,-0.559797,0.593720,-0.350068,0.311477,0.622881,-0.626461,-0.779275,-0.906119,-0.647380,-0.590982
34.418126,0.407025,-0.417218,0.580917,-0.568151,-0.408038,0.368508,0.586514,-0.594733,0.439627,-0.405899,-0.551317,0.581398,-0.365638,0.327323,0.614805,-0.617400,-0.836464,-0.956424,-0.697991,-0.643982
34.707311,0.407025,-0.417218,0.580917,-0.568151,-0.412171,0.372644,0.584971,-0.590814,0.439809,-0.407991,-0.551593,0.579531,-0.369491,0.331248,0.612727,-0.615075,-0.850461,-0.960333,-0.710632,-0.654392
34.978704,0.407025,-0.417218,0.580917,-0.568151,-0.411882,0.374342,0.584559,-0.590349,0.441447,-0.407533,-0.551155,0.579024,-0.369491,0.331248,0.612727,-0.615075,-0.852858,-0.962409,-0.710632,-0.654392
35.269918,0.407025,-0.417218,0.580917,-0.568151,-0.412304,0.374795,0.585290,-0.589041,0.441896,-0.407990,-0.551886,0.577662,-0.369897,0.331639,0.613506,-0.613842,-0.854327,-0.963907,-0.711925,-0.656627
35.540782,0.407025,-0.417218,0.580917,-0.568151,-0.414478,0.374956,0.583527,-0.589162,0.443781,-0.409668,-0.549625,0.577185,-0.373573,0.333390,0.610992,-0.613174,-0.858323,-0.970310,-0.720779,-0.663865
35.831581,0.407025,-0.417218,0.580917,-0.568151,-0.414185,0.376651,0.583113,-0.588696,0.443781,-0.409668,-0.549625,0.577185,-0.373573,0.333390,0.610992,-0.613174,-0.860715,-0.970310,-0.720779,-0.663865
36.099718,0.407025,-0.417218,0.580917,-0.568151,-0.394107,0.356669,0.596243,-0.601632,0.435123,-0.399915,-0.556877,0.583630,-0.349869,0.309234,0.624451,-0.626120,-0.793124,-0.937789,-0.643464,-0.575457
36.392854,0.407025,-0.417218,0.580917,-0.568151,-0.311176,0.270667,0.637860,-0.650418,0.356846,-0.321679,-0.601986,0.637806,-0.262930,0.223235,0.661249,-0.666171,-0.521906,-0.675616,-0.375652,-0.362455
36.662478,0.407025,-0.417218,0.580917,-0.568151,-0.260607,0.225012,0.655613,-0.672030,0.274145,-0.249381,-0.636802,0.676119,-0.201367,0.163379,0.678653,-0.687160,-0.374979,-0.433391,-0.195522,-0.097183
36.952677,0.407025,-0.417218,0.580917,-0.568151,-0.206125,0.171817,0.667789,-0.694298,0.230371,-0.208430,-0.646285,0.696995,-0.159362,0.119405,0.685386,-0.700423,-0.215162,-0.306499,-0.070610,0.023962
37.219619,0.407025,-0.417218,0.580917,-0.568151,-0.191648,0.157699,0.670051,-0.699596,0.219602,-0.196900,-0.647295,0.702862,-0.143354,0.103455,0.686933,-0.704890,-0.173359,-0.273609,-0.024607,0.067051
37.506971,0.407025,-0.417218,0.580917,-0.568151,-0.189694,0.153867,0.672695,-0.698443,0.219602,-0.196900,-0.647295,0.702862,-0.141377,0.101436,0.689247,-0.703321,-0.164791,-0.273609,-0.018857,0.073161
37.780778,0.407025,-0.417218,0.580917,-0.568151,-0.187487,0.153692,0.673989,-0.697830,0.217517,-0.196991,-0.653803,0.697440,-0.141377,0.101436,0.689247,-0.703321,-0.161326,-0.270080,-0.018857,0.072765
38.070370,0.407025,-0.417218,0.580917,-0.568151,-0.187659,0.155860,0.674773,-0.696544,0.215603,-0.197193,-0.654048,0.697747,-0.141377,0.101436,0.689247,-0.703321,-0.164740,-0.267617,-0.018857,0.072765
38.339236,0.407025,-0.417218,0.580917,-0.568151,-0.187756,0.153963,0.672909,-0.698739,0.217325,-0.196760,-0.650734,0.700429,-0.141234,0.101317,0.688264,-0.704330,-0.162153,-0.269775,-0.018484,0.073166
38.629002,0.407025,-0.417218,0.580917,-0.568151,-0.191648,0.157699,0.670051,-0.699596,0.226258,-0.204767,-0.646356,0.699358,-0.147242,0.107332,0.686354,-0.704073,-0.173359,-0.295076,-0.035768,0.058199
38.905202,0.407025,-0.417218,0.580917,-0.568151,-0.264894,0.221287,0.654414,-0.672759,0.270584,-0.242477,-0.636600,0.680242,-0.205134,0.167199,0.675732,-0.688005,-0.375744,-0.417603,-0.206660,-0.183033
39.186487,0.407025,-0.417218,0.580917,-0.568151,-0.341989,0.298998,0.619797,-0.639918,0.375642,-0.334760,-0.590705,0.630789,-0.304994,0.263766,0.642819,-0.651298,-0.614828,-0.727558,-0.501600,-0.390957
39.457250,0.407025,-0.417218,0.580917,-0.568151,-0.404308,0.364802,0.588771,-0.597331,0.428801,-0.392283,-0.560428,0.590054,-0.350283,0.309675,0.623228,-0.626890,-0.823909,-0.913564,-0.644837,-0.580804
39.752293,0.407025,-0.417218,0.580917,-0.568151,-0.412171,0.372644,0.584971,-0.590814,0.445588,-0.411290,-0.549451,0.574801,-0.373550,0.333319,0.613020,-0.611200,-0.850461,-0.976291,-0.720624,-0.658571
40.016245,0.407025,-0.417218,0.580917,-0.568151,-0.415989,0.378456,0.582980,-0.586394,0.446038,-0.411747,-0.550176,0.573429,-0.373550,0.333319,0.613020,-0.611200,-0.866857,-0.977809,-0.720624,-0.667007
40.313799,0.407025,-0.417218,0.580917,-0.568151,-0.418284,0.380759,0.581517,-0.584722,0.447911,-0.413415,-0.547905,0.572944,-0.373550,0.333319,0.613020,-0.611200,-0.874727,-0.984199,-0.720624,-0.667007
40.581464,0.407025,-0.417218,0.580917,-0.568151,-0.363883,0.326675,0.612767,-0.620797,0.406928,-0.374364,-0.575953,0.602112,-0.316378,0.275199,0.642065,-0.641812,-0.694145,-0.845083,-0.536964,-0.515651
40.877125,0.407025,-0.417218,0.580917,-0.568151,-0.246360,0.215119,0.665533,-0.670893,0.293250,-0.272217,-0.636179,0.659680,-0.235040,0.197103,0.672767,-0.673269,-0.338630,-0.497045,-0.294868,-0.163300
41.143257,0.407025,-0.417218,0.580917,-0.568151,-0.201695,0.171444,0.670438,-0.693137,0.226121,-0.208452,-0.652072,0.692978,-0.151377,0.113363,0.689624,-0.699037,-0.208111,-0.299805,-0.050399,0.041199
41.439518,0.407025,-0.417218,0.580917,-0.568151,-0.189815,0.159923,0.673097,-0.696660,0.222007,-0.204790,-0.652140,0.695332,-0.139237,0.101275,0.690470,-0.702572,-0.173889,-0.288384,-0.015574,0.046682
41.695805,0.407025,-0.417218,0.580917,-0.568151,-0.185720,0.155957,0.674984,-0.696837,0.215324,-0.198790,-0.654878,0.696601,-0.139237,0.101275,0.690470,-0.702572,-0.162092,-0.269522,-0.015574,0.078268
41.986156,0.407025,-0.417218,0.580917,-0.568151,-0.187903,0.158079,0.673503,-0.697206,0.215632,-0.199102,-0.653787,0.697440,-0.139407,0.101471,0.689426,-0.703535,-0.168412,-0.270542,-0.016106,0.075343
42.255500,0.407025,-0.417218,0.580917,-0.568151,-0.194004,0.161990,0.669326,-0.698659,0.221763,-0.200745,-0.649605,0.698953,-0.143326,0.103379,0.688965,-0.702921,-0.183119,-0.282228,-0.024445,0.067258
42.550934,0.407025,-0.417218,0.580917,-0.568151,-0.214306,0.183752,0.666348,-0.690137,0.264316,-0.240658,-0.638005,0.682034,-0.177343,0.139327,0.683917,-0.693826,-0.244776,-0.405482,-0.125461,-0.040306
42.817637,0.407025,-0.417218,0.580917,-0.568151,-0.291113,0.252940,0.645321,-0.659421,0.336261,-0.307003,-0.609419,0.649065,-0.249181,0.211446,0.663426,-0.673102,-0.463674,-0.619478,-0.337357,-0.262304
43.103434,0.407025,-0.417218,0.580917,-0.568151,-0.343708,0.302715,0.621598,-0.635488,0.384368,-0.350235,-0.585306,0.622104,-0.318432,0.277350,0.638147,-0.643775,-0.623359,-0.767345,-0.543525,-0.476046
43.379296,0.407025,-0.417218,0.580917,-0.568151,-0.394107,0.356669,0.596243,-0.601632,0.420442,-0.386636,-0.565972,0.594489,-0.351842,0.311263,0.622453,-0.625999,-0.793124,-0.889286,-0.649871,-0.571900
43.679146,0.407025,-0.417218,0.580917,-0.568151,-0.406280,0.368791,0.589003,-0.593301,0.433661,-0.402459,-0.557601,0.582276,-0.359817,0.321372,0.618893,-0.619857,-0.833924,-0.939606,-0.678937,-0.621468
43.939326,0.407025,-0.417218,0.580917,-0.568151,-0.410129,0.374631,0.587047,-0.588916,0.439737,-0.407940,-0.553684,0.577625,-0.367794,0.327475,0.615146,-0.615697,-0.850332,-0.959919,-0.701731,-0.646321
44.235892,0.407025,-0.417218,0.580917,-0.568151,-0.412304,0.374795,0.585290,-0.589041,0.441376,-0.407482,-0.553243,0.577120,-0.367960,0.329641,0.615565,-0.614022,-0.854327,-0.961998,-0.705520,-0.647847
44.501384,0.407025,-0.417218,0.580917,-0.568151,-0.414609,0.377106,0.583841,-0.587384,0.443709,-0.409617,-0.551715,0.575280,-0.371212,0.330938,0.614307,-0.612625,-0.862195,-0.969899,-0.712925,-0.659435
44.802285,0.407025,-0.417218,0.580917,-0.568151,-0.415989,0.378456,0.582980,-0.586394,0.445588,-0.411290,-0.549451,0.574801,-0.373550,0.333319,0.613020,-0.611200,-0.866857,-0.976291,-0.720624,-0.662685
45.061901,0.407025,-0.417218,0.580917,-0.568151,-0.391766,0.354328,0.597600,-0.603196,0.431042,-0.398151,-0.560890,0.584021,-0.371618,0.331327,0.615084,-0.611387,-0.785320,-0.927405,-0.714230,-0.634373
45.350513,0.407025,-0.417218,0.580917,-0.568151,-0.324501,0.285749,0.632872,-0.642277,0.337402,-0.300413,-0.614686,0.646585,-0.262902,0.223160,0.663273,-0.664192,-0.566192,-0.610285,-0.375494,-0.314987
45.616220,0.407025,-0.417218,0.580917,-0.568151,-0.241934,0.208773,0.666132,-0.673907,0.246981,-0.225150,-0.646440,0.685873,-0.175146,0.139056,0.687223,-0.691167,-0.322550,-0.355743,-0.121877,-0.037443
45.906713,0.407025,-0.417218,0.580917,-0.568151,-0.191851,0.157929,0.671019,-0.698559,0.238499,-0.215683,-0.648154,0.690286,-0.141377,0.101436,0.689247,-0.703321,-0.173949,-0.328958,-0.018857,0.072765
46.181345,0.407025,-0.417218,0.580917,-0.568151,-0.189642,0.157751,0.672320,-0.697952,0.217325,-0.196760,-0.650734,0.700429,-0.139426,0.099491,0.689525,-0.703717,-0.170470,-0.269775,-0.013264,0.078272
46.465005,0.407025,-0.417218,0.580917,-0.568151,-0.189569,0.157705,0.674369,-0.696002,0.217517,-0.196991,-0.653803,0.697440,-0.139407,0.101471,0.689426,-0.703535,-0.170215,-0.270080,-0.016106,0.078274
46.742295,0.407025,-0.417218,0.580917,-0.568151,-0.189569,0.157705,0.674369,-0.696002,0.217517,-0.196991,-0.653803,0.697440,-0.139237,0.101275,0.690470,-0.702572,-0.170215,-0.270080,-0.015574,0.078871
47.033414,0.407025,-0.417218,0.580917,-0.568151,-0.189569,0.157705,0.674369,-0.696002,0.217517,-0.196991,-0.653803,0.697440,-0.139426,0.099491,0.689525,-0.703717,-0.170215,-0.270080,-0.013264,0.078876
47.297360,0.407025,-0.417218,0.580917,-0.568151,-0.189569,0.157705,0.674369,-0.696002,0.217517,-0.196991,-0.653803,0.697440,-0.165483,0.127520,0.684158,-0.698771,-0.170215,-0.270080,-0.091200,0.079197
47.595787,0.407025,-0.417218,0.580917,-0.568151,-0.278888,0.236954,0.648387,-0.667584,0.299943,-0.268717,-0.625270,0.668478,-0.231192,0.193354,0.668834,-0.679578,-0.420661,-0.502706,-0.283629,-0.142208
47.857815,0.407025,-0.417218,0.580917,-0.568151,-0.325547,0.280800,0.628580,-0.648118,0.365201,-0.323455,-0.594219,0.639460,-0.274871,0.233313,0.655392,-0.663681,-0.560176,-0.692409,-0.408923,-0.327718
48.150059,0.407025,-0.417218,0.580917,-0.568151,-0.381929,0.340538,0.601179,-0.613798,0.418360,-0.379029,-0.565862,0.600925,-0.336059,0.295228,0.630149,-0.634679,-0.746303,-0.872942,-0.599260,-0.532005
48.423359,0.407025,-0.417218,0.580917,-0.568151,-0.402399,0.362919,0.590918,-0.597646,0.430921,-0.396102,-0.558507,0.587776,-0.353984,0.315459,0.620898,-0.624233,-0.817501,-0.923901,-0.660038,-0.602653
48.710279,0.407025,-0.417218,0.580917,-0.568151,-0.410282,0.370780,0.587139,-0.591150,0.435382,-0.402061,-0.555074,0.583679,-0.363927,0.323537,0.617210,-0.618007,-0.844070,-0.942114,-0.689078,-0.631481
48.980560,0.407025,-0.417218,0.580917,-0.568151,-0.412304,0.374795,0.585290,-0.589041,0.439822,-0.404212,-0.553866,0.580001,-0.365850,0.325472,0.617195,-0.615867,-0.854327,-0.953578,-0.695329,-0.636677
49.268499,0.407025,-0.417218,0.580917,-0.568151,-0.416284,0.376765,0.583396,-0.586860,0.441896,-0.407990,-0.551886,0.577662,-0.369949,0.327625,0.615483,-0.613987,-0.864473,-0.963907,-0.705479,-0.649442
49.540536,0.407025,-0.417218,0.580917,-0.568151,-0.415989,0.378456,0.582980,-0.586394,0.443532,-0.407531,-0.551445,0.577154,-0.371454,0.329164,0.614672,-0.613067,-0.866857,-0.965979,-0.710432,-0.654038
49.829556,0.407025,-0.417218,0.580917,-0.568151,-0.415989,0.378456,0.582980,-0.586394,0.443532,-0.407531,-0.551445,0.577154,-0.371454,0.329164,0.614672,-0.613067,-0.866857,-0.965979,-0.710432,-0.654038
50.101497,0.407025,-0.417218,0.580917,-0.568151,-0.418157,0.378614,0.581211,-0.586507,0.444053,-0.408037,-0.550083,0.577695,-0.371454,0.329164,0.614672,-0.613067,-0.870854,-0.967895,-0.710432,-0.654038
50.394128,0.407025,-0.417218,0.580917,-0.568151,-0.371746,0.330461,0.608666,-0.618164,0.414212,-0.377206,-0.569795,0.601230,-0.318006,0.272852,0.641134,-0.642939,-0.713077,-0.862546,-0.535832,-0.526956
50.667369,0.407025,-0.417218,0.580917,-0.568151,-0.274568,0.236767,0.656299,-0.661684,0.304196,-0.276403,-0.632176,0.656825,-0.246842,0.206988,0.668473,-0.670350,-0.413707,-0.520419,-0.327161,-0.208762
50.946287,0.407025,-0.417218,0.580917,-0.568151,-0.254445,0.217089,0.663914,-0.668841,0.240738,-0.217686,-0.646490,0.690440,-0.163360,0.123326,0.687721,-0.696523,-0.353671,-0.335390,-0.082027,0.024203
51.223017,0.407025,-0.417218,0.580917,-0.568151,-0.197798,0.161742,0.670938,-0.696102,0.223728,-0.200575,-0.647265,0.700545,-0.143326,0.103379,0.688965,-0.702921,-0.188120,-0.285034,-0.024445,0.072773
51.518778,0.407025,-0.417218,0.580917,-0.568151,-0.193685,0.159725,0.672662,-0.696060,0.221738,-0.198838,-0.649866,0.699263,-0.139256,0.099298,0.690569,-0.702753,-0.179168,-0.279295,-0.012740,0.078869
51.780334,0.407025,-0.417218,0.580917,-0.568151,-0.191677,0.159777,0.674928,-0.694408,0.217545,-0.198898,-0.653543,0.697134,-0.137287,0.099331,0.690745,-0.702963,-0.176279,-0.273004,-0.009986,0.084369
52.078346,0.407025,-0.417218,0.580917,-0.568151,-0.191677,0.159777,0.674928,-0.694408,0.217484,-0.198858,-0.655618,0.695213,-0.137287,0.099331,0.690745,-0.702963,-0.176279,-0.272652,-0.009986,0.084369
52.338525,0.407025,-0.417218,0.580917,-0.568151,-0.191677,0.159777,0.674928,-0.694408,0.217484,-0.198858,-0.655618,0.695213,-0.137287,0.099331,0.690745,-0.702963,-0.176279,-0.272652,-0.009986,0.084369
52.635174,0.407025,-0.417218,0.580917,-0.568151,-0.191677,0.159777,0.674928,-0.694408,0.217795,-0.199170,-0.654529,0.696052,-0.137287,0.099331,0.690745,-0.702963,-0.176279,-0.273671,-0.009986,0.084369
52.899423,0.407025,-0.417218,0.580917,-0.568151,-0.191677,0.159777,0.674928,-0.694408,0.217484,-0.198858,-0.655618,0.695213,-0.137287,0.099331,0.690745,-0.702963,-0.176279,-0.272652,-0.009986,0.084369
53.204351,0.407025,-0.417218,0.580917,-0.568151,-0.191602,0.159728,0.676971,-0.692449,0.217421,-0.198815,-0.657689,0.693286,-0.137287,0.099331,0.690745,-0.702963,-0.176035,-0.272309,-0.009986,0.083987
53.459781,0.407025,-0.417218,0.580917,-0.568151,-0.191602,0.159728,0.676971,-0.692449,0.217421,-0.198815,-0.657689,0.693286,-0.137287,0.099331,0.690745,-0.702963,-0.176035,-0.272309,-0.009986,0.083987
53.765025,0.407025,-0.417218,0.580917,-0.568151,-0.191602,0.159728,0.676971,-0.692449,0.217484,-0.198858,-0.655618,0.695213,-0.137287,0.099331,0.690745,-0.702963,-0.176035,-0.272652,-0.009986,0.084369
54.038704,0.407025,-0.417218,0.580917,-0.568151,-0.193856,0.157875,0.668742,-0.700199,0.221511,-0.196696,-0.647048,0.702547,-0.139455,0.099567,0.687491,-0.705688,-0.176833,-0.276044,-0.013425,0.084178
54.316858,0.407025,-0.417218,0.580917,-0.568151,-0.193856,0.157875,0.668742,-0.700199,0.221511,-0.196696,-0.647048,0.702547,-0.139455,0.099567,0.687491,-0.705688,-0.176833,-0.276044,-0.013425,0.084178
54.578923,0.407025,-0.417218,0.580917,-0.568151,-0.193856,0.157875,0.668742,-0.700199,0.221511,-0.196696,-0.647048,0.702547,-0.139455,0.099567,0.687491,-0.705688,-0.176833,-0.276044,-0.013425,0.084178
54.883193,0.407025,-0.417218,0.580917,-0.568151,-0.193856,0.157875,0.668742,-0.700199,0.221511,-0.196696,-0.647048,0.702547,-0.139455,0.099567,0.687491,-0.705688,-0.176833,-0.276044,-0.013425,0.084178
55.144362,0.407025,-0.417218,0.580917,-0.568151,-0.193856,0.157875,0.668742,-0.700199,0.221511,-0.196696,-0.647048,0.702547,-0.139455,0.099567,0.687491,-0.705688,-0.176833,-0.276044,-0.013425,0.084178
55.438853,0.407025,-0.417218,0.580917,-0.568151,-0.193856,0.157875,0.668742,-0.700199,0.221511,-0.196696,-0.647048,0.702547,-0.139455,0.099567,0.687491,-0.705688,-0.176833,-0.276044,-0.013425,0.084178
55.701702,0.407025,-0.417218,0.580917,-0.568151,-0.193856,0.157875,0.668742,-0.700199,0.221511,-0.196696,-0.647048,0.702547,-0.139455,0.099567,0.687491,-0.705688,-0.176833,-0.276044,-0.013425,0.084178
56.002523,0.407025,-0.417218,0.580917,-0.568151,-0.193856,0.157875,0.668742,-0.700199,0.221511,-0.196696,-0.647048,0.702547,-0.139455,0.099567,0.687491,-0.705688,-0.176833,-0.276044,-0.013425,0.084178
56.260981,0.407025,-0.417218,0.580917,-0.568151,-0.193856,0.157875,0.668742,-0.700199,0.221511,-0.196696,-0.647048,0.702547,-0.139455,0.099567,0.687491,-0.705688,-0.176833,-0.276044,-0.013425,0.084178
56.558080,0.407025,-0.417218,0.580917,-0.568151,-0.193856,0.157875,0.668742,-0.700199,0.221511,-0.196696,-0.647048,0.702547,-0.139455,0.099567,0.687491,-0.705688,-0.176833,-0.276044,-0.013425,0.084178
56.818172,0.407025,-0.417218,0.580917,-0.568151,-0.193856,0.157875,0.668742,-0.700199,0.221511,-0.196696,-0.647048,0.702547,-0.139455,0.099567,0.687491,-0.705688,-0.176833,-0.276044,-0.013425,0.084178
57.113194,0.407025,-0.417218,0.580917,-0.568151,-0.193856,0.157875,0.668742,-0.700199,0.221511,-0.196696,-0.647048,0.702547,-0.139455,0.099567,0.687491,-0.705688,-0.176833,-0.276044,-0.013425,0.084178
57.378434,0.407025,-0.417218,0.580917,-0.568151,-0.193856,0.157875,0.668742,-0.700199,0.221511,-0.196696,-0.647048,0.702547,-0.139455,0.099567,0.687491,-0.705688,-0.176833,-0.276044,-0.013425,0.084178
57.665551,0.407025,-0.417218,0.580917,-0.568151,-0.193856,0.157875,0.668742,-0.700199,0.221511,-0.196696,-0.647048,0.702547,-0.139455,0.099567,0.687491,-0.705688,-0.176833,-0.276044,-0.013425,0.084178
57.942687,0.407025,-0.417218,0.580917,-0.568151,-0.193856,0.157875,0.668742,-0.700199,0.221511,-0.196696,-0.647048,0.702547,-0.139455,0.099567,0.687491,-0.705688,-0.176833,-0.276044,-0.013425,0.084178
58.232704,0.407025,-0.417218,0.580917,-0.568151,-0.193856,0.157875,0.668742,-0.700199,0.221511,-0.196696,-0.647048,0.702547,-0.139455,0.099567,0.687491,-0.705688,-0.176833,-0.276044,-0.013425,0.084178
58.503381,0.407025,-0.417218,0.580917,-0.568151,-0.193856,0.157875,0.668742,-0.700199,0.221511,-0.196696,-0.647048,0.702547,-0.139455,0.099567,0.687491,-0.705688,-0.176833,-0.276044,-0.013425,0.084178
58.785715,0.407025,-0.417218,0.580917,-0.568151,-0.193856,0.157875,0.668742,-0.700199,0.221511,-0.196696,-0.647048,0.702547,-0.139455,0.099567,0.687491,-0.705688,-0.176833,-0.276044,-0.013425,0.084178
59.058549,0.407025,-0.417218,0.580917,-0.568151,-0.193856,0.157875,0.668742,-0.700199,0.221511,-0.196696,-0.647048,0.702547,-0.139455,0.099567,0.687491,-0.705688,-0.176833,-0.276044,-0.013425,0.084178
59.340722,0.407025,-0.417218,0.580917,-0.568151,-0.193856,0.157875,0.668742,-0.700199,0.221511,-0.196696,-0.647048,0.702547,-0.139455,0.099567,0.687491,-0.705688,-0.176833,-0.276044,-0.013425,0.084178
59.608103,0.407025,-0.417218,0.580917,-0.568151,-0.193856,0.157875,0.668742,-0.700199,0.221511,-0.196696,-0.647048,0.702547,-0.139455,0.099567,0.687491,-0.705688,-0.176833,-0.276044,-0.013425,0.084178
59.878307,0.407025,-0.417218,0.580917,-0.568151,-0.193856,0.157875,0.668742,-0.700199,0.221511,-0.196696,-0.647048,0.702547,-0.139455,0.099567,0.687491,-0.705688,-0.176833,-0.276044,-0.013425,0.084178
