0.000000,0.407025,-0.417218,0.580917,-0.568151,-0.193856,0.157875,0.668742,-0.700199,0.221511,-0.196696,-0.647048,0.702547,-0.139455,0.099567,0.687491,-0.705688,-0.176833,-0.276044,-0.013425,0.084178
0.275048,0.407025,-0.417218,0.580917,-0.568151,-0.193856,0.157875,0.668742,-0.700199,0.221511,-0.196696,-0.647048,0.702547,-0.139455,0.099567,0.687491,-0.705688,-0.176833,-0.276044,-0.013425,0.084178
0.395987,0.407025,-0.417218,0.580917,-0.568151,-0.193856,0.157875,0.668742,-0.700199,0.221511,-0.196696,-0.647048,0.702547,-0.139455,0.099567,0.687491,-0.705688,-0.176833,-0.276044,-0.013425,0.084178
0.477685,0.407025,-0.417218,0.580917,-0.568151,-0.193856,0.157875,0.668742,-0.700199,0.221511,-0.196696,-0.647048,0.702547,-0.139455,0.099567,0.687491,-0.705688,-0.176833,-0.276044,-0.013425,0.084178
0.556584,0.407025,-0.417218,0.580917,-0.568151,-0.193856,0.157875,0.668742,-0.700199,0.221511,-0.196696,-0.647048,0.702547,-0.139455,0.099567,0.687491,-0.705688,-0.176833,-0.276044,-0.013425,0.084178
0.638842,0.407025,-0.417218,0.580917,-0.568151,-0.193856,0.157875,0.668742,-0.700199,0.221511,-0.196696,-0.647048,0.702547,-0.139455,0.099567,0.687491,-0.705688,-0.176833,-0.276044,-0.013425,0.084178
0.702811,0.407025,-0.417218,0.580917,-0.568151,-0.193856,0.157875,0.668742,-0.700199,0.221511,-0.196696,-0.647048,0.702547,-0.139455,0.099567,0.687491,-0.705688,-0.176833,-0.276044,-0.013425,0.084178
0.767290,0.407025,-0.417218,0.580917,-0.568151,-0.193856,0.157875,0.668742,-0.700199,0.221511,-0.196696,-0.647048,0.702547,-0.139455,0.099567,0.687491,-0.705688,-0.176833,-0.276044,-0.013425,0.084178
0.830634,0.407025,-0.417218,0.580917,-0.568151,-0.193856,0.157875,0.668742,-0.700199,0.221511,-0.196696,-0.647048,0.702547,-0.139455,0.099567,0.687491,-0.705688,-0.176833,-0.276044,-0.013425,0.084178
0.893801,0.407025,-0.417218,0.580917,-0.568151,-0.193856,0.157875,0.668742,-0.700199,0.221511,-0.196696,-0.647048,0.702547,-0.139455,0.099567,0.687491,-0.705688,-0.176833,-0.276044,-0.013425,0.084178
0.959656,0.407025,-0.417218,0.580917,-0.568151,-0.193856,0.157875,0.668742,-0.700199,0.221511,-0.196696,-0.647048,0.702547,-0.139455,0.099567,0.687491,-0.705688,-0.176833,-0.276044,-0.013425,0.084178
1.025719,0.407025,-0.417218,0.580917,-0.568151,-0.193856,0.157875,0.668742,-0.700199,0.221511,-0.196696,-0.647048,0.702547,-0.139455,0.099567,0.687491,-0.705688,-0.176833,-0.276044,-0.013425,0.084178
1.092590,0.407025,-0.417218,0.580917,-0.568151,-0.193856,0.157875,0.668742,-0.700199,0.221511,-0.196696,-0.647048,0.702547,-0.139455,0.099567,0.687491,-0.705688,-0.176833,-0.276044,-0.013425,0.084178
1.363560,0.407025,-0.417218,0.580917,-0.568151,-0.193856,0.157875,0.668742,-0.700199,0.221511,-0.196696,-0.647048,0.702547,-0.139455,0.099567,0.687491,-0.705688,-0.176833,-0.276044,-0.013425,0.084178
1.634110,0.407025,-0.417218,0.580917,-0.568151,-0.193856,0.157875,0.668742,-0.700199,0.221511,-0.196696,-0.647048,0.702547,-0.139455,0.099567,0.687491,-0.705688,-0.176833,-0.276044,-0.013425,0.084178
1.929384,0.407025,-0.417218,0.580917,-0.568151,-0.193856,0.157875,0.668742,-0.700199,0.221511,-0.196696,-0.647048,0.702547,-0.139455,0.099567,0.687491,-0.705688,-0.176833,-0.276044,-0.013425,0.084178
2.229416,0.407025,-0.417218,0.580917,-0.568151,-0.193856,0.157875,0.668742,-0.700199,0.221511,-0.196696,-0.647048,0.702547,-0.139455,0.099567,0.687491,-0.705688,-0.176833,-0.276044,-0.013425,0.084178
2.484850,0.407025,-0.417218,0.580917,-0.568151,-0.193856,0.157875,0.668742,-0.700199,0.221511,-0.196696,-0.647048,0.702547,-0.139455,0.099567,0.687491,-0.705688,-0.176833,-0.276044,-0.013425,0.084178
2.757043,0.407025,-0.417218,0.580917,-0.568151,-0.193856,0.157875,0.668742,-0.700199,0.221511,-0.196696,-0.647048,0.702547,-0.139455,0.099567,0.687491,-0.705688,-0.176833,-0.276044,-0.013425,0.084178
3.040812,0.407025,-0.417218,0.580917,-0.568151,-0.193856,0.157875,0.668742,-0.700199,0.221511,-0.196696,-0.647048,0.702547,-0.139455,0.099567,0.687491,-0.705688,-0.176833,-0.276044,-0.013425,0.084178
3.334501,0.407025,-0.417218,0.580917,-0.568151,-0.193856,0.157875,0.668742,-0.700199,0.221511,-0.196696,-0.647048,0.702547,-0.139455,0.099567,0.687491,-0.705688,-0.176833,-0.276044,-0.013425,0.084178
3.604609,0.407025,-0.417218,0.580917,-0.568151,-0.193856,0.157875,0.668742,-0.700199,0.219602,-0.196900,-0.647295,0.702862,-0.139455,0.099567,0.687491,-0.705688,-0.176833,-0.273609,-0.013425,0.084178
3.878031,0.407025,-0.417218,0.580917,-0.568151,-0.195759,0.159716,0.668332,-0.699644,0.230086,-0.206248,-0.645577,0.698393,-0.141385,0.103490,0.687113,-0.705107,-0.182300,-0.302873,-0.021866,0.058176
4.160255,0.407025,-0.417218,0.580917,-0.568151,-0.260583,0.219039,0.655506,-0.674115,0.286996,-0.253341,-0.632703,0.673156,-0.234917,0.195091,0.668018,-0.678606,-0.365906,-0.458898,-0.291715,-0.242411
4.441109,0.407025,-0.417218,0.580917,-0.568151,-0.400674,0.357188,0.591056,-0.602104,0.413984,-0.371262,-0.569542,0.605312,-0.369732,0.329474,0.613091,-0.615520,-0.805032,-0.852195,-0.708135,-0.577663
4.720578,0.407025,-0.417218,0.580917,-0.568151,-0.483999,0.444689,0.534422,-0.531404,0.507287,-0.471270,-0.500814,0.519374,-0.432648,0.395809,0.576617,-0.568915,-1.106673,-1.202661,-0.925603,-0.883503
5.010151,0.407025,-0.417218,0.580917,-0.568151,-0.490314,0.451078,0.529139,-0.525484,0.521460,-0.484189,-0.489554,0.503961,-0.448476,0.412097,0.565176,-0.556437,-1.130624,-1.256304,-0.982243,-0.953326
5.284210,0.407025,-0.417218,0.580917,-0.568151,-0.498106,0.458972,0.523427,-0.516972,0.526593,-0.488964,-0.484926,0.498458,-0.455694,0.417507,0.560442,-0.551303,-1.160568,-1.276317,-1.004863,-0.977514
5.551704,0.407025,-0.417218,0.580917,-0.568151,-0.508339,0.469353,0.514283,-0.506767,0.534202,-0.495879,-0.478913,0.489260,-0.465601,0.429742,0.552965,-0.541080,-1.200549,-1.305980,-1.045020,-1.019155
5.840545,0.407025,-0.417218,0.580917,-0.568151,-0.510891,0.471946,0.510945,-0.505166,0.538222,-0.499551,-0.475109,0.484806,-0.469813,0.432083,0.549337,-0.539267,-1.210633,-1.321918,-1.057007,-1.031588
6.118324,0.407025,-0.417218,0.580917,-0.568151,-0.512392,0.471440,0.510458,-0.504611,0.540219,-0.499453,-0.473115,0.484636,-0.469813,0.432083,0.549337,-0.539267,-1.212602,-1.325949,-1.057007,-1.031588
6.403108,0.407025,-0.417218,0.580917,-0.568151,-0.512450,0.473501,0.508519,-0.504579,0.540759,-0.499979,-0.471581,0.484986,-0.471394,0.431685,0.548823,-0.538729,-1.216761,-1.328240,-1.059190,-1.035699
6.676905,0.407025,-0.417218,0.580917,-0.568151,-0.496578,0.459452,0.523911,-0.517524,0.540759,-0.499979,-0.471581,0.484986,-0.415079,0.377682,0.592503,-0.577932,-1.158545,-1.328240,-0.864094,-0.796916
6.961770,0.407025,-0.417218,0.580917,-0.568151,-0.353791,0.318690,0.618381,-0.625199,0.432392,-0.405051,-0.564249,0.574973,-0.234834,0.200858,0.674324,-0.670668,-0.664956,-0.941435,-0.300142,-0.186818
7.252824,0.407025,-0.417218,0.580917,-0.568151,-0.206112,0.179741,0.669945,-0.690206,0.239635,-0.233829,-0.649374,0.682798,-0.149355,0.115299,0.691719,-0.697082,-0.226791,-0.357775,-0.050293,-0.024611
7.526835,0.407025,-0.417218,0.580917,-0.568151,-0.187922,0.162008,0.671061,-0.698652,0.216352,-0.207353,-0.650527,0.697861,-0.133199,0.097227,0.692223,-0.702589,-0.174354,-0.284296,-0.001123,0.090230
7.798692,0.407025,-0.417218,0.580917,-0.568151,-0.187922,0.162008,0.671061,-0.698652,0.284308,-0.268155,-0.634711,0.666636,-0.185249,0.151193,0.683951,-0.689228,-0.174354,-0.477463,-0.154210,-0.023028
8.082875,0.407025,-0.417218,0.580917,-0.568151,-0.396950,0.365547,0.593864,-0.596768,0.444984,-0.420470,-0.553720,0.564436,-0.356094,0.315469,0.625315,-0.618594,-0.812719,-0.991049,-0.663468,-0.630308
8.355928,0.407025,-0.417218,0.580917,-0.568151,-0.464533,0.427113,0.550122,-0.546946,0.496712,-0.467386,-0.512235,0.521961,-0.438364,0.401640,0.574570,-0.562487,-1.038201,-1.174188,-0.945886,-0.910343
8.644061,0.407025,-0.417218,0.580917,-0.568151,-0.503202,0.468233,0.519146,-0.507970,0.530186,-0.497978,-0.482964,0.487510,-0.460001,0.421902,0.559118,-0.545696,-1.188358,-1.301850,-1.020627,-0.986366
8.916058,0.407025,-0.417218,0.580917,-0.568151,-0.506290,0.471332,0.516357,-0.504867,0.532660,-0.500292,-0.481639,0.483740,-0.462161,0.424130,0.557431,-0.543867,-1.200441,-1.311707,-1.028580,-1.002705
9.212554,0.407025,-0.417218,0.580917,-0.568151,-0.508313,0.473387,0.514503,-0.502801,0.534664,-0.504043,-0.479809,0.479436,-0.465510,0.427591,0.554788,-0.540996,-1.208442,-1.323629,-1.040976,-1.017221
9.481338,0.407025,-0.417218,0.580917,-0.568151,-0.510305,0.477443,0.512740,-0.498733,0.538662,-0.505770,-0.475902,0.477030,-0.469727,0.429936,0.551168,-0.539189,-1.220390,-1.335629,-1.052951,-1.026449
9.762658,0.407025,-0.417218,0.580917,-0.568151,-0.511884,0.476984,0.510214,-0.500143,0.538662,-0.505770,-0.475902,0.477030,-0.467651,0.429803,0.553078,-0.539144,-1.222548,-1.335629,-1.048932,-1.023333
10.034441,0.407025,-0.417218,0.580917,-0.568151,-0.472608,0.443237,0.544712,-0.532421,0.489390,-0.464429,-0.518593,0.525227,-0.389100,0.349073,0.609179,-0.596364,-1.082739,-1.154320,-0.772242,-0.804403
10.326911,0.407025,-0.417218,0.580917,-0.568151,-0.316366,0.285706,0.638736,-0.640547,0.380828,-0.358558,-0.592291,0.612860,-0.344072,0.305218,0.632887,-0.622825,-0.553341,-0.774586,-0.627876,-0.419303
10.596896,0.407025,-0.417218,0.580917,-0.568151,-0.316366,0.285706,0.638736,-0.640547,0.269056,-0.260181,-0.647131,0.664180,-0.175082,0.138899,0.691246,-0.687191,-0.553341,-0.441314,-0.121565,-0.033740
10.884407,0.407025,-0.417218,0.580917,-0.568151,-0.197978,0.175765,0.671430,-0.692166,0.224829,-0.220600,-0.652590,0.689140,-0.137238,0.101232,0.692668,-0.700806,-0.209081,-0.316056,-0.012653,0.067229
11.156906,0.407025,-0.417218,0.580917,-0.568151,-0.187653,0.161726,0.672147,-0.697746,0.214400,-0.209421,-0.652580,0.695927,-0.129330,0.091427,0.690803,-0.705483,-0.173495,-0.284332,0.012742,0.090252
11.440401,0.407025,-0.417218,0.580917,-0.568151,-0.198159,0.170017,0.670009,-0.694921,0.218252,-0.210904,-0.651819,0.694995,-0.147318,0.111333,0.689141,-0.700705,-0.200927,-0.292173,-0.041662,0.078324
11.713094,0.407025,-0.417218,0.580917,-0.568151,-0.300980,0.264601,0.641184,-0.654431,0.345487,-0.321065,-0.605031,0.641478,-0.244820,0.205073,0.664054,-0.676048,-0.496787,-0.656569,-0.321322,-0.276526
12.011031,0.407025,-0.417218,0.580917,-0.568151,-0.413819,0.378296,0.584744,-0.586277,0.454869,-0.425511,-0.543221,0.562980,-0.365874,0.325543,0.615166,-0.617842,-0.862860,-1.018188,-0.695485,-0.652307
12.283342,0.407025,-0.417218,0.580917,-0.568151,-0.473918,0.436525,0.541810,-0.539713,0.511127,-0.476653,-0.496728,0.514598,-0.432427,0.391572,0.576071,-0.572556,-1.072696,-1.220781,-0.917820,-0.889546
12.561734,0.407025,-0.417218,0.580917,-0.568151,-0.502752,0.465714,0.518452,-0.511428,0.528204,-0.492309,-0.482571,0.495738,-0.456096,0.415934,0.558843,-0.553778,-1.182552,-1.286395,-1.002730,-0.978938
12.832872,0.407025,-0.417218,0.580917,-0.568151,-0.509894,0.472933,0.511975,-0.504207,0.536301,-0.499704,-0.475008,0.486873,-0.461724,0.423751,0.554774,-0.547240,-1.210615,-1.318283,-1.027010,-1.002205
13.123614,0.407025,-0.417218,0.580917,-0.568151,-0.512888,0.476007,0.509182,-0.501096,0.540294,-0.503350,-0.471184,0.482397,-0.463782,0.423819,0.554899,-0.545317,-1.222590,-1.334212,-1.030904,-1.010934
13.392148,0.407025,-0.417218,0.580917,-0.568151,-0.513908,0.477012,0.508241,-0.500049,0.540753,-0.503821,-0.471742,0.480842,-0.465933,0.426039,0.553199,-0.543478,-1.226602,-1.336104,-1.038858,-1.018925
13.684578,0.407025,-0.417218,0.580917,-0.568151,-0.508328,0.471372,0.514395,-0.504786,0.499540,-0.473864,-0.509289,0.516272,-0.442335,0.405749,0.570703,-0.560362,-1.204495,-1.192177,-0.960099,-0.961322
13.951451,0.407025,-0.417218,0.580917,-0.568151,-0.370195,0.338981,0.611951,-0.611198,0.426221,-0.403275,-0.567931,0.577199,-0.310138,0.270869,0.645357,-0.643396,-0.724376,-0.927481,-0.520542,-0.375549
14.239603,0.407025,-0.417218,0.580917,-0.568151,-0.264308,0.234631,0.659501,-0.663437,0.279632,-0.269622,-0.641411,0.661590,-0.187209,0.149103,0.685896,-0.687218,-0.394948,-0.472054,-0.154003,-0.122196
14.516459,0.407025,-0.417218,0.580917,-0.568151,-0.203975,0.175694,0.671702,-0.690175,0.235234,-0.229865,-0.650657,0.684451,-0.155249,0.117225,0.688992,-0.698174,-0.217636,-0.345261,-0.061540,0.029702
14.806509,0.407025,-0.417218,0.580917,-0.568151,-0.194045,0.167998,0.671749,-0.694893,0.216044,-0.207032,-0.651628,0.697025,-0.131289,0.093378,0.690550,-0.705113,-0.191940,-0.283239,0.007142,0.084159
15.073531,0.407025,-0.417218,0.580917,-0.568151,-0.189887,0.159969,0.671043,-0.698609,0.216078,-0.205170,-0.649812,0.699256,-0.129345,0.089445,0.690889,-0.705650,-0.174155,-0.280722,0.015590,0.089670
15.375157,0.407025,-0.417218,0.580917,-0.568151,-0.216054,0.187430,0.667700,-0.687290,0.235074,-0.224007,-0.646430,0.690427,-0.191523,0.153567,0.678887,-0.691989,-0.252715,-0.336730,-0.166825,-0.137851
15.638401,0.407025,-0.417218,0.580917,-0.568151,-0.392247,0.354812,0.596313,-0.603872,0.367508,-0.336972,-0.596481,0.628966,-0.326860,0.285914,0.633373,-0.640511,-0.786952,-0.717629,-0.570117,-0.479714
15.921212,0.407025,-0.417218,0.580917,-0.568151,-0.470138,0.432710,0.543796,-0.544076,0.494460,-0.461465,-0.511593,0.529935,-0.409860,0.368461,0.589025,-0.591017,-1.058704,-1.158744,-0.839409,-0.772211
16.194406,0.407025,-0.417218,0.580917,-0.568151,-0.507875,0.470882,0.513830,-0.506273,0.524024,-0.488504,-0.488402,0.498223,-0.460051,0.422046,0.555073,-0.549658,-1.202623,-1.270041,-1.020874,-1.002323
16.484605,0.407025,-0.417218,0.580917,-0.568151,-0.514891,0.478043,0.507303,-0.499005,0.540730,-0.507643,-0.471888,0.476687,-0.466025,0.428191,0.551374,-0.543562,-1.230599,-1.343968,-1.042917,-1.023794
16.756490,0.407025,-0.417218,0.580917,-0.568151,-0.481092,0.453846,0.537929,-0.522692,0.520977,-0.493322,-0.493648,0.491454,-0.424698,0.389600,0.584462,-0.571181,-1.118496,-1.273410,-0.901070,-0.880589
17.045240,0.407025,-0.417218,0.580917,-0.568151,-0.329462,0.304680,0.633664,-0.630154,0.379811,-0.369186,-0.593736,0.605742,-0.262646,0.226870,0.664772,-0.661533,-0.603717,-0.790265,-0.380706,-0.431384
17.317557,0.407025,-0.417218,0.580917,-0.568151,-0.240391,0.225193,0.669994,-0.665289,0.259116,-0.264610,-0.653136,0.660494,-0.189204,0.155082,0.686101,-0.685140,-0.344616,-0.432522,-0.165626,-0.064111
17.610192,0.407025,-0.417218,0.580917,-0.568151,-0.240391,0.225193,0.669994,-0.665289,0.227091,-0.226380,-0.650358,0.688633,-0.143376,0.109357,0.691650,-0.699360,-0.344616,-0.328234,-0.033153,0.055464
17.876697,0.407025,-0.417218,0.580917,-0.568151,-0.240391,0.225193,0.669994,-0.665289,0.222756,-0.216824,-0.648281,0.695053,-0.129300,0.095389,0.690624,-0.705139,-0.344616,-0.307949,0.007054,0.080846
18.171290,0.407025,-0.417218,0.580917,-0.568151,-0.191907,0.167857,0.671002,-0.696242,0.220242,-0.212629,-0.649216,0.696276,-0.127355,0.091458,0.690965,-0.705680,-0.188699,-0.297935,0.015498,0.086738
18.437726,0.407025,-0.417218,0.580917,-0.568151,-0.191907,0.167857,0.671002,-0.696242,0.243823,-0.235648,-0.645338,0.684514,-0.175205,0.139210,0.683178,-0.695120,-0.188699,-0.367092,-0.122219,0.015084
18.732841,0.407025,-0.417218,0.580917,-0.568151,-0.368829,0.337607,0.608660,-0.616052,0.371673,-0.346635,-0.593997,0.623595,-0.262843,0.225203,0.658964,-0.667805,-0.719976,-0.740186,-0.378521,-0.374122
18.994347,0.407025,-0.417218,0.580917,-0.568151,-0.387860,0.354452,0.599736,-0.603527,0.487008,-0.460516,-0.518243,0.531198,-0.389627,0.349773,0.601845,-0.603019,-0.779014,-1.142459,-0.774165,-0.564292
19.287837,0.407025,-0.417218,0.580917,-0.568151,-0.492904,0.459819,0.528376,-0.516170,0.530186,-0.497978,-0.482964,0.487510,-0.446763,0.410355,0.565442,-0.558826,-1.152254,-1.301850,-0.976073,-0.955666
19.558825,0.407025,-0.417218,0.580917,-0.568151,-0.510328,0.475435,0.512640,-0.500726,0.536748,-0.505931,-0.475808,0.479105,-0.459640,0.423609,0.556669,-0.547180,-1.216443,-1.331965,-1.022987,-1.003878
19.853524,0.407025,-0.417218,0.580917,-0.568151,-0.510328,0.475435,0.512640,-0.500726,0.538748,-0.505835,-0.473815,0.478937,-0.462187,0.424204,0.555410,-0.545852,-1.216443,-1.336000,-1.028695,-1.009275
20.123201,0.407025,-0.417218,0.580917,-0.568151,-0.512335,0.477475,0.510769,-0.498643,0.540730,-0.507643,-0.471888,0.476687,-0.463390,0.425449,0.554470,-0.544818,-1.224445,-1.343968,-1.033142,-1.015081
20.408796,0.407025,-0.417218,0.580917,-0.568151,-0.514361,0.477503,0.508794,-0.498549,0.540744,-0.505735,-0.471817,0.478766,-0.463390,0.425449,0.554470,-0.544818,-1.228499,-1.340036,-1.033142,-1.012615
20.672497,0.407025,-0.417218,0.580917,-0.568151,-0.503730,0.468729,0.519670,-0.506451,0.447011,-0.429924,-0.551662,0.557687,-0.369571,0.333187,0.619199,-0.607451,-1.190389,-1.011528,-0.713988,-0.729347
20.966651,0.407025,-0.417218,0.580917,-0.568151,-0.304920,0.272538,0.645880,-0.644659,0.334398,-0.316805,-0.617892,0.637199,-0.223035,0.182991,0.678394,-0.675686,-0.515028,-0.631274,-0.256207,-0.166624
21.234126,0.407025,-0.417218,0.580917,-0.568151,-0.262446,0.238802,0.662158,-0.660032,0.241795,-0.239527,-0.649133,0.680285,-0.141255,0.107213,0.692980,-0.698807,-0.398375,-0.369508,-0.027015,-0.011002
21.523915,0.407025,-0.417218,0.580917,-0.568151,-0.195876,0.173691,0.670905,-0.693795,0.224647,-0.214719,-0.648312,0.695069,-0.129442,0.093518,0.691703,-0.704306,-0.203019,-0.307509,0.009568,0.075331
21.795054,0.407025,-0.417218,0.580917,-0.568151,-0.198124,0.171951,0.669802,-0.694655,0.224647,-0.214719,-0.648312,0.695069,-0.129315,0.093409,0.690715,-0.705312,-0.203747,-0.307509,0.009897,0.075337
22.096096,0.407025,-0.417218,0.580917,-0.568151,-0.200018,0.173776,0.669366,-0.694078,0.258514,-0.246890,-0.642100,0.678177,-0.165244,0.129254,0.685082,-0.697604,-0.209195,-0.405976,-0.093374,-0.055412
22.356586,0.407025,-0.417218,0.580917,-0.568151,-0.371926,0.336621,0.607050,-0.616318,0.365165,-0.335046,-0.597676,0.630224,-0.324475,0.283498,0.634459,-0.641722,-0.723447,-0.710679,-0.562590,-0.545839
22.643913,0.407025,-0.417218,0.580917,-0.568151,-0.482480,0.447206,0.535065,-0.530025,0.501090,-0.471376,-0.506603,0.519679,-0.427328,0.390366,0.579293,-0.573955,-1.108530,-1.190527,-0.906866,-0.813068
22.922365,0.407025,-0.417218,0.580917,-0.568151,-0.506805,0.473892,0.514989,-0.503351,0.532205,-0.499822,-0.481070,0.485291,-0.452391,0.416154,0.561231,-0.554237,-1.206456,-1.309821,-0.996473,-0.971376
23.223232,0.407025,-0.417218,0.580917,-0.568151,-0.513854,0.481016,0.508432,-0.496059,0.541164,-0.510017,-0.472508,0.473034,-0.461795,0.425834,0.554980,-0.545351,-1.234482,-1.349823,-1.030934,-1.012777
23.477971,0.407025,-0.417218,0.580917,-0.568151,-0.514832,0.482052,0.507490,-0.495003,0.541184,-0.508113,-0.472442,0.475120,-0.461795,0.425834,0.554980,-0.545351,-1.238495,-1.345883,-1.030934,-1.012777
23.773715,0.407025,-0.417218,0.580917,-0.568151,-0.470953,0.443621,0.547215,-0.530998,0.496226,-0.470755,-0.516042,0.515606,-0.385509,0.347450,0.609737,-0.599067,-1.080447,-1.179596,-0.763561,-0.737935
24.036429,0.407025,-0.417218,0.580917,-0.568151,-0.323273,0.296544,0.634893,-0.635978,0.389638,-0.370369,-0.589522,0.602886,-0.231281,0.195290,0.675612,-0.672250,-0.581153,-0.808734,-0.286603,-0.333402
24.328934,0.407025,-0.417218,0.580917,-0.568151,-0.268507,0.242763,0.660421,-0.657886,0.275495,-0.267852,-0.645568,0.660000,-0.167280,0.131174,0.689743,-0.692145,-0.413562,-0.462780,-0.099061,-0.086737
24.598313,0.407025,-0.417218,0.580917,-0.568151,-0.196047,0.175871,0.671653,-0.692471,0.220768,-0.215103,-0.650895,0.693778,-0.129315,0.093409,0.690715,-0.705312,-0.206437,-0.302181,0.009897,0.081229
24.883688,0.407025,-0.417218,0.580917,-0.568151,-0.192077,0.170036,0.671762,-0.694932,0.220496,-0.212918,-0.650196,0.695193,-0.127244,0.089371,0.690062,-0.706849,-0.192113,-0.298608,0.018665,0.086751
25.156909,0.407025,-0.417218,0.580917,-0.568151,-0.191907,0.167857,0.671002,-0.696242,0.220476,-0.211021,-0.650473,0.695518,-0.127244,0.089371,0.690062,-0.706849,-0.188699,-0.295707,0.018665,0.086751
25.456311,0.407025,-0.417218,0.580917,-0.568151,-0.220396,0.197632,0.666817,-0.683902,0.256651,-0.245268,-0.642709,0.678895,-0.185459,0.153485,0.680688,-0.691889,-0.274229,-0.400711,-0.157915,0.044287
25.718256,0.407025,-0.417218,0.580917,-0.568151,-0.362976,0.327825,0.612723,-0.620765,0.397182,-0.365627,-0.580440,0.609633,-0.297193,0.255899,0.644950,-0.655920,-0.694544,-0.814020,-0.477479,-0.440395
26.004808,0.407025,-0.417218,0.580917,-0.568151,-0.412885,0.383432,0.584480,-0.583857,0.501405,-0.467867,-0.506942,0.522210,-0.410942,0.371603,0.587759,-0.589556,-0.870016,-1.184403,-0.846574,-0.815518
26.276620,0.407025,-0.417218,0.580917,-0.568151,-0.502221,0.467201,0.520040,-0.508975,0.528143,-0.494191,-0.484760,0.491780,-0.451931,0.415704,0.560580,-0.555606,-1.184443,-1.289936,-0.994830,-0.970976
26.568873,0.407025,-0.417218,0.580917,-0.568151,-0.516775,0.482022,0.507550,-0.492941,0.542637,-0.507476,-0.471977,0.474606,-0.467764,0.432023,0.549227,-0.541205,-1.242371,-1.347622,-1.053102,-1.031610
26.837030,0.407025,-0.417218,0.580917,-0.568151,-0.518307,0.483549,0.505107,-0.492347,0.545144,-0.509803,-0.468500,0.472680,-0.469348,0.431627,0.548715,-0.540668,-1.248451,-1.357886,-1.055291,-1.033309
27.123223,0.407025,-0.417218,0.580917,-0.568151,-0.473399,0.444142,0.547981,-0.527587,0.528167,-0.498056,-0.484940,0.487660,-0.457378,0.419221,0.560152,-0.548898,-1.086085,-1.297816,-1.011010,-0.970457
27.396669,0.407025,-0.417218,0.580917,-0.568151,-0.392265,0.368944,0.601305,-0.590289,0.374832,-0.357000,-0.596443,0.613439,-0.314361,0.277136,0.644165,-0.639863,-0.810508,-0.761954,-0.536850,-0.417059
27.684523,0.407025,-0.417218,0.580917,-0.568151,-0.252076,0.232568,0.664932,-0.663503,0.284097,-0.277459,-0.642119,0.655735,-0.189287,0.153210,0.684257,-0.687379,-0.373305,-0.490721,-0.163018,-0.061173
27.959028,0.407025,-0.417218,0.580917,-0.568151,-0.212223,0.193638,0.670483,-0.684046,0.237804,-0.234101,-0.647570,0.685054,-0.141357,0.103414,0.689145,-0.703137,-0.256187,-0.355716,-0.021696,0.064320
28.251333,0.407025,-0.417218,0.580917,-0.568151,-0.198124,0.171951,0.669802,-0.694655,0.229096,-0.222479,-0.646530,0.692833,-0.135362,0.097462,0.688984,-0.705322,-0.203747,-0.325784,-0.004559,0.072409
28.518510,0.407025,-0.417218,0.580917,-0.568151,-0.196017,0.169875,0.669269,-0.696275,0.229084,-0.220592,-0.646818,0.693171,-0.133406,0.095514,0.689248,-0.705703,-0.197679,-0.322898,0.001039,0.081233
28.805233,0.407025,-0.417218,0.580917,-0.568151,-0.202194,0.175896,0.667831,-0.694392,0.263186,-0.251153,-0.641631,0.675251,-0.159332,0.121374,0.685261,-0.700214,-0.215553,-0.419385,-0.073437,-0.020229
29.075241,0.407025,-0.417218,0.580917,-0.568151,-0.334572,0.297690,0.622894,-0.641440,0.401831,-0.371761,-0.577302,0.605845,-0.293287,0.253942,0.647150,-0.656272,-0.601037,-0.832173,-0.468474,-0.345865
29.364526,0.407025,-0.417218,0.580917,-0.568151,-0.408026,0.374512,0.586754,-0.590741,0.465290,-0.434964,-0.535849,0.554236,-0.397400,0.355694,0.597764,-0.598525,-0.846573,-1.054321,-0.796965,-0.753718
29.635428,0.407025,-0.417218,0.580917,-0.568151,-0.486245,0.450984,0.530940,-0.527524,0.519923,-0.486682,-0.492221,0.500539,-0.444108,0.407644,0.566403,-0.561945,-1.122729,-1.258023,-0.966536,-0.918559
29.931744,0.407025,-0.417218,0.580917,-0.568151,-0.506354,0.473400,0.514425,-0.504842,0.538217,-0.503389,-0.475269,0.480666,-0.458349,0.420266,0.557393,-0.550096,-1.204576,-1.329786,-1.014596,-0.991571
30.198132,0.407025,-0.417218,0.580917,-0.568151,-0.510405,0.475485,0.510598,-0.502684,0.543177,-0.508008,-0.470440,0.474945,-0.463877,0.425973,0.553079,-0.545406,-1.216639,-1.349916,-1.034960,-1.013990
30.491192,0.407025,-0.417218,0.580917,-0.568151,-0.512412,0.477525,0.508727,-0.500601,0.546588,-0.509161,-0.468035,0.472165,-0.467213,0.429422,0.550433,-0.542524,-1.224640,-1.359607,-1.047338,-1.026524
30.756123,0.407025,-0.417218,0.580917,-0.568151,-0.512412,0.477525,0.508727,-0.500601,0.546670,-0.509222,-0.465945,0.474067,-0.466025,0.428191,0.551374,-0.543562,-1.224640,-1.359995,-1.042917,-1.023142
31.053920,0.407025,-0.417218,0.580917,-0.568151,-0.458265,0.426831,0.553678,-0.548861,0.473890,-0.444725,-0.530847,0.543920,-0.359992,0.319436,0.623298,-0.616332,-1.026273,-1.088052,-0.676132,-0.699168
31.318280,0.407025,-0.417218,0.580917,-0.568151,-0.284791,0.256697,0.650935,-0.655198,0.336265,-0.316540,-0.615457,0.638702,-0.264561,0.220796,0.664310,-0.663287,-0.459668,-0.633974,-0.374437,-0.322534
31.603095,0.407025,-0.417218,0.580917,-0.568151,-0.220396,0.197632,0.666817,-0.683902,0.251913,-0.240958,-0.645205,0.679845,-0.195237,0.157189,0.682102,-0.686958,-0.274229,-0.386960,-0.177500,0.027601
31.876763,0.407025,-0.417218,0.580917,-0.568151,-0.198019,0.169815,0.666988,-0.697910,0.230755,-0.216338,-0.644066,0.696512,-0.131289,0.093378,0.690550,-0.705113,-0.200592,-0.319249,0.007142,0.084159
32.165027,0.407025,-0.417218,0.580917,-0.568151,-0.196154,0.166050,0.667615,-0.698743,0.230741,-0.214445,-0.644345,0.696844,-0.131304,0.091397,0.690639,-0.705283,-0.192301,-0.316340,0.009988,0.086734
32.443825,0.407025,-0.417218,0.580917,-0.568151,-0.224547,0.193696,0.660622,-0.689665,0.270860,-0.250293,-0.634186,0.679556,-0.189263,0.149347,0.677548,-0.694840,-0.274743,-0.430230,-0.157383,-0.013999
32.722200,0.407025,-0.417218,0.580917,-0.568151,-0.374266,0.336894,0.601258,-0.620417,0.402664,-0.370643,-0.572242,0.610757,-0.286946,0.245571,0.647914,-0.661487,-0.727931,-0.832247,-0.445985,-0.375293
32.998356,0.407025,-0.417218,0.580917,-0.568151,-0.453051,0.415494,0.551702,-0.563679,0.508034,-0.473885,-0.495272,0.521575,-0.413219,0.373935,0.586289,-0.587953,-0.996631,-1.209639,-0.854408,-0.823689
33.286336,0.407025,-0.417218,0.580917,-0.568151,-0.502892,0.469863,0.514596,-0.511390,0.538912,-0.504035,-0.469549,0.484815,-0.452391,0.416154,0.561231,-0.554237,-1.190853,-1.332876,-0.996473,-0.960531
33.558997,0.407025,-0.417218,0.580917,-0.568151,-0.514003,0.481112,0.504347,-0.499967,0.547262,-0.511708,-0.462366,0.474212,-0.465626,0.429814,0.550944,-0.543060,-1.234886,-1.366641,-1.045143,-1.024839
33.847959,0.407025,-0.417218,0.580917,-0.568151,-0.516474,0.481628,0.502913,-0.498365,0.549743,-0.514011,-0.458854,0.472258,-0.467678,0.429877,0.551058,-0.541127,-1.240853,-1.376941,-1.049045,-1.029108
34.119129,0.407025,-0.417218,0.580917,-0.568151,-0.493140,0.462007,0.522371,-0.520086,0.524289,-0.492373,-0.484403,0.498039,-0.451908,0.415633,0.562604,-0.553629,-1.156808,-1.278527,-0.994695,-0.963781
34.402418,0.407025,-0.417218,0.580917,-0.568151,-0.425979,0.394439,0.575615,-0.575872,0.399905,-0.370030,-0.577364,0.608116,-0.320232,0.281118,0.639985,-0.639408,-0.911570,-0.826113,-0.552210,-0.472746
34.674620,0.407025,-0.417218,0.580917,-0.568151,-0.295002,0.264721,0.645419,-0.652940,0.310982,-0.293850,-0.626180,0.651798,-0.193323,0.155226,0.684547,-0.685512,-0.487704,-0.558338,-0.171841,-0.057765
34.952954,0.407025,-0.417218,0.580917,-0.568151,-0.222251,0.199418,0.666320,-0.683268,0.243328,-0.227565,-0.642535,0.690039,-0.137287,0.099331,0.690745,-0.702963,-0.279618,-0.354515,-0.009986,0.046679
35.218095,0.407025,-0.417218,0.580917,-0.568151,-0.191836,0.163791,0.668380,-0.699742,0.228556,-0.212474,-0.643902,0.698574,-0.129330,0.091427,0.690803,-0.705483,-0.182738,-0.310292,0.012742,0.089665
35.490889,0.407025,-0.417218,0.580917,-0.568151,-0.198019,0.169815,0.666988,-0.697910,0.237073,-0.220093,-0.642567,0.694595,-0.135362,0.097462,0.688984,-0.705322,-0.200592,-0.334187,-0.004559,0.075728
35.783226,0.407025,-0.417218,0.580917,-0.568151,-0.267034,0.231281,0.650455,-0.672391,0.321978,-0.292340,-0.615900,0.656913,-0.203579,0.163662,0.675276,-0.689762,-0.394248,-0.573797,-0.199190,-0.144704
36.061973,0.407025,-0.417218,0.580917,-0.568151,-0.342316,0.305275,0.616276,-0.640180,0.372954,-0.338134,-0.588560,0.632588,-0.292761,0.251446,0.645691,-0.658900,-0.625512,-0.729049,-0.463866,-0.319733
36.341780,0.407025,-0.417218,0.580917,-0.568151,-0.405215,0.369699,0.584013,-0.598374,0.441762,-0.409716,-0.547239,0.580954,-0.360067,0.319654,0.617218,-0.622266,-0.833840,-0.967178,-0.676583,-0.604338
36.613530,0.407025,-0.417218,0.580917,-0.568151,-0.446329,0.408752,0.558586,-0.567181,0.483888,-0.447968,-0.516315,0.546440,-0.391344,0.349506,0.601382,-0.602524,-0.972538,-1.113611,-0.776570,-0.744521
36.899072,0.407025,-0.417218,0.580917,-0.568151,-0.458264,0.422732,0.549158,-0.556522,0.503150,-0.467458,-0.500187,0.527386,-0.413065,0.371727,0.588000,-0.587752,-1.018949,-1.187572,-0.850387,-0.814620
37.174171,0.407025,-0.417218,0.580917,-0.568151,-0.468564,0.431097,0.542020,-0.548468,0.517910,-0.480965,-0.489640,0.510581,-0.430661,0.389780,0.576283,-0.574891,-1.052920,-1.242989,-0.911632,-0.883021
37.462253,0.407025,-0.417218,0.580917,-0.568151,-0.494647,0.457440,0.521613,-0.523443,0.528252,-0.490415,-0.480371,0.499686,-0.448408,0.410064,0.562913,-0.560274,-1.150997,-1.282886,-0.978473,-0.956742
37.738727,0.407025,-0.417218,0.580917,-0.568151,-0.512503,0.475559,0.506576,-0.504544,0.544798,-0.505577,-0.465715,0.480309,-0.463805,0.423890,0.552875,-0.547295,-1.220920,-1.348520,-1.031033,-1.003298
38.028639,0.407025,-0.417218,0.580917,-0.568151,-0.516501,0.479624,0.502817,-0.500362,0.549721,-0.510156,-0.460826,0.474539,-0.465559,0.427735,0.550746,-0.544955,-1.236921,-1.368685,-1.041220,-1.022671
38.300752,0.407025,-0.417218,0.580917,-0.568151,-0.508473,0.471464,0.510302,-0.508693,0.528241,-0.496188,-0.482764,0.491628,-0.455717,0.417577,0.558419,-0.553280,-1.204920,-1.294257,-1.004995,-0.982782
38.581033,0.407025,-0.417218,0.580917,-0.568151,-0.431394,0.399808,0.570985,-0.572737,0.429249,-0.406067,-0.560977,0.579792,-0.365824,0.325398,0.619219,-0.613887,-0.930369,-0.937960,-0.695186,-0.618733
38.852727,0.407025,-0.417218,0.580917,-0.568151,-0.287172,0.261016,0.647674,-0.655684,0.342921,-0.322564,-0.612466,0.635014,-0.224903,0.184913,0.675880,-0.677062,-0.469993,-0.654211,-0.261788,-0.158266
39.144970,0.407025,-0.417218,0.580917,-0.568151,-0.230117,0.207096,0.666160,-0.678519,0.252189,-0.243143,-0.645843,0.678358,-0.149307,0.109321,0.689065,-0.700675,-0.302581,-0.390592,-0.041584,-0.004886
39.412691,0.407025,-0.417218,0.580917,-0.568151,-0.195810,0.169629,0.668306,-0.697317,0.232936,-0.218307,-0.644498,0.694770,-0.135380,0.095482,0.689078,-0.705498,-0.197072,-0.325298,-0.001711,0.067026
39.699804,0.407025,-0.417218,0.580917,-0.568151,-0.193943,0.165866,0.668930,-0.698145,0.230697,-0.216300,-0.646156,0.694605,-0.131319,0.089414,0.690724,-0.705450,-0.188792,-0.318850,0.012836,0.084166
39.978627,0.407025,-0.417218,0.580917,-0.568151,-0.200089,0.173821,0.667310,-0.696022,0.248016,-0.231833,-0.642189,0.687266,-0.135380,0.095482,0.689078,-0.705498,-0.209481,-0.367816,-0.001711,0.058159
40.267561,0.407025,-0.417218,0.580917,-0.568151,-0.307333,0.270792,0.633590,-0.656339,0.294648,-0.271679,-0.628924,0.666203,-0.199132,0.159230,0.675334,-0.692038,-0.516398,-0.498977,-0.186211,-0.307715
40.536776,0.407025,-0.417218,0.580917,-0.568151,-0.426322,0.390727,0.571658,-0.582055,0.317497,-0.292100,-0.618995,0.656292,-0.377668,0.335592,0.607207,-0.613225,-0.905864,-0.566266,-0.731096,-0.630983
40.825988,0.407025,-0.417218,0.580917,-0.568151,-0.480994,0.447708,0.533494,-0.532529,0.513772,-0.479107,-0.493425,0.512861,-0.420475,0.381376,0.581546,-0.582715,-1.106672,-1.230954,-0.879534,-0.851991
41.091997,0.407025,-0.417218,0.580917,-0.568151,-0.494664,0.459485,0.521755,-0.521491,0.532359,-0.498012,-0.476801,0.491160,-0.454025,0.415854,0.558700,-0.555681,-1.154921,-1.306678,-0.998853,-0.973355
41.385845,0.407025,-0.417218,0.580917,-0.568151,-0.510477,0.475531,0.508551,-0.504638,0.542801,-0.507598,-0.467795,0.478413,-0.463413,0.425519,0.552448,-0.546794,-1.216851,-1.348397,-1.033273,-1.009016
41.652697,0.407025,-0.417218,0.580917,-0.568151,-0.514483,0.479603,0.504800,-0.500464,0.545304,-0.509922,-0.464311,0.476485,-0.469284,0.429553,0.548523,-0.542567,-1.232852,-1.358677,-1.051362,-1.028513
41.941695,0.407025,-0.417218,0.580917,-0.568151,-0.514456,0.481607,0.504896,-0.498467,0.549160,-0.511532,-0.462448,0.472124,-0.466025,0.428191,0.551374,-0.543562,-1.236784,-1.370275,-1.042917,-1.022015
42.220956,0.407025,-0.417218,0.580917,-0.568151,-0.510459,0.477543,0.508655,-0.502649,0.484588,-0.459974,-0.521403,0.530788,-0.418612,0.379347,0.587802,-0.579093,-1.220782,-1.136716,-0.872900,-0.801360
42.499896,0.407025,-0.417218,0.580917,-0.568151,-0.387493,0.360056,0.599286,-0.600887,0.319805,-0.309381,-0.622929,0.643403,-0.262470,0.218667,0.666013,-0.663115,-0.787696,-0.596434,-0.368100,-0.279819
42.773309,0.407025,-0.417218,0.580917,-0.568151,-0.230165,0.213081,0.666319,-0.676490,0.243819,-0.237520,-0.645030,0.684158,-0.157314,0.121265,0.689517,-0.696501,-0.311538,-0.369939,-0.070355,0.020546
43.061521,0.407025,-0.417218,0.580917,-0.568151,-0.194084,0.169979,0.669489,-0.696579,0.227131,-0.222655,-0.648868,0.691235,-0.135333,0.097386,0.691014,-0.703349,-0.195046,-0.322912,-0.004394,0.084151
43.335209,0.407025,-0.417218,0.580917,-0.568151,-0.191907,0.167857,0.671002,-0.696242,0.226844,-0.218582,-0.648470,0.693001,-0.133245,0.095326,0.690292,-0.704738,-0.188699,-0.316445,0.001547,0.084156
43.624437,0.407025,-0.417218,0.580917,-0.568151,-0.193912,0.167800,0.668729,-0.697885,0.226830,-0.216691,-0.648754,0.693333,-0.133245,0.095326,0.690292,-0.704738,-0.191621,-0.313554,0.001547,0.084156
43.894263,0.407025,-0.417218,0.580917,-0.568151,-0.193943,0.165866,0.668930,-0.698145,0.228735,-0.216476,-0.648498,0.693014,-0.133406,0.095514,0.689248,-0.705703,-0.188792,-0.316009,0.001039,0.084163
44.182938,0.407025,-0.417218,0.580917,-0.568151,-0.193943,0.165866,0.668930,-0.698145,0.228794,-0.216515,-0.646413,0.694927,-0.133406,0.095514,0.689248,-0.705703,-0.188792,-0.316406,0.001039,0.084163
44.453582,0.407025,-0.417218,0.580917,-0.568151,-0.193943,0.165866,0.668930,-0.698145,0.230684,-0.214407,-0.646436,0.694935,-0.133406,0.095514,0.689248,-0.705703,-0.188792,-0.315947,0.001039,0.084163
44.762731,0.407025,-0.417218,0.580917,-0.568151,-0.193943,0.165866,0.668930,-0.698145,0.230684,-0.214407,-0.646436,0.694935,-0.133406,0.095514,0.689248,-0.705703,-0.188792,-0.315947,0.001039,0.084163
45.016762,0.407025,-0.417218,0.580917,-0.568151,-0.193943,0.165866,0.668930,-0.698145,0.230684,-0.214407,-0.646436,0.694935,-0.133406,0.095514,0.689248,-0.705703,-0.188792,-0.315947,0.001039,0.084163
45.304702,0.407275,-0.415581,0.581445,-0.568631,-0.193943,0.165866,0.668930,-0.698145,0.230684,-0.214407,-0.646436,0.694935,-0.135380,0.095482,0.689078,-0.705498,-0.186342,-0.313498,0.000737,0.086551
45.575109,0.407275,-0.415581,0.581445,-0.568631,-0.194117,0.168044,0.669694,-0.696843,0.230684,-0.214407,-0.646436,0.694935,-0.135380,0.095482,0.689078,-0.705498,-0.189776,-0.313498,0.000737,0.086551
45.865366,0.407275,-0.415581,0.581445,-0.568631,-0.193912,0.167800,0.668729,-0.697885,0.230684,-0.214407,-0.646436,0.694935,-0.135380,0.095482,0.689078,-0.705498,-0.189173,-0.313498,0.000737,0.086551
46.141256,0.407275,-0.415581,0.581445,-0.568631,-0.193912,0.167800,0.668729,-0.697885,0.230684,-0.214407,-0.646436,0.694935,-0.135380,0.095482,0.689078,-0.705498,-0.189173,-0.313498,0.000737,0.086551
46.421120,0.407275,-0.415581,0.581445,-0.568631,-0.193912,0.167800,0.668729,-0.697885,0.232585,-0.214192,-0.646176,0.694610,-0.135380,0.095482,0.689078,-0.705498,-0.189173,-0.315937,0.000737,0.086551
46.693798,0.407275,-0.415581,0.581445,-0.568631,-0.195875,0.165763,0.668711,-0.697841,0.232585,-0.214192,-0.646176,0.694610,-0.135380,0.095482,0.689078,-0.705498,-0.188969,-0.315937,0.000737,0.086551
46.984304,0.407275,-0.415581,0.581445,-0.568631,-0.195875,0.165763,0.668711,-0.697841,0.232585,-0.214192,-0.646176,0.694610,-0.135380,0.095482,0.689078,-0.705498,-0.188969,-0.315937,0.000737,0.086551
47.258835,0.407275,-0.415581,0.581445,-0.568631,-0.195875,0.165763,0.668711,-0.697841,0.232585,-0.214192,-0.646176,0.694610,-0.135380,0.095482,0.689078,-0.705498,-0.188969,-0.315937,0.000737,0.086551
47.548412,0.407275,-0.415581,0.581445,-0.568631,-0.195875,0.165763,0.668711,-0.697841,0.232585,-0.214192,-0.646176,0.694610,-0.135380,0.095482,0.689078,-0.705498,-0.188969,-0.315937,0.000737,0.086551
47.821547,0.407275,-0.415581,0.581445,-0.568631,-0.195875,0.165763,0.668711,-0.697841,0.232585,-0.214192,-0.646176,0.694610,-0.135380,0.095482,0.689078,-0.705498,-0.188969,-0.315937,0.000737,0.086551
48.105764,0.407275,-0.415581,0.581445,-0.568631,-0.195875,0.165763,0.668711,-0.697841,0.232585,-0.214192,-0.646176,0.694610,-0.135380,0.095482,0.689078,-0.705498,-0.188969,-0.315937,0.000737,0.086551
48.383633,0.407275,-0.415581,0.581445,-0.568631,-0.195875,0.165763,0.668711,-0.697841,0.232585,-0.214192,-0.646176,0.694610,-0.135380,0.095482,0.689078,-0.705498,-0.188969,-0.315937,0.000737,0.086551
48.672663,0.407275,-0.415581,0.581445,-0.568631,-0.195875,0.165763,0.668711,-0.697841,0.232585,-0.214192,-0.646176,0.694610,-0.135380,0.095482,0.689078,-0.705498,-0.188969,-0.315937,0.000737,0.086551
48.936786,0.407275,-0.415581,0.581445,-0.568631,-0.195875,0.165763,0.668711,-0.697841,0.232585,-0.214192,-0.646176,0.694610,-0.135380,0.095482,0.689078,-0.705498,-0.188969,-0.315937,0.000737,0.086551
49.231027,0.407275,-0.415581,0.581445,-0.568631,-0.195875,0.165763,0.668711,-0.697841,0.232585,-0.214192,-0.646176,0.694610,-0.135380,0.095482,0.689078,-0.705498,-0.188969,-0.315937,0.000737,0.086551
49.501366,0.407275,-0.415581,0.581445,-0.568631,-0.195875,0.165763,0.668711,-0.697841,0.232585,-0.214192,-0.646176,0.694610,-0.135380,0.095482,0.689078,-0.705498,-0.188969,-0.315937,0.000737,0.086551
49.789989,0.407275,-0.415581,0.581445,-0.568631,-0.195875,0.165763,0.668711,-0.697841,0.232585,-0.214192,-0.646176,0.694610,-0.135380,0.095482,0.689078,-0.705498,-0.188969,-0.315937,0.000737,0.086551
50.052227,0.407275,-0.415581,0.581445,-0.568631,-0.195875,0.165763,0.668711,-0.697841,0.232585,-0.214192,-0.646176,0.694610,-0.135380,0.095482,0.689078,-0.705498,-0.188969,-0.315937,0.000737,0.086551
50.345218,0.407275,-0.415581,0.581445,-0.568631,-0.195875,0.165763,0.668711,-0.697841,0.232585,-0.214192,-0.646176,0.694610,-0.135380,0.095482,0.689078,-0.705498,-0.188969,-0.315937,0.000737,0.086551
50.617585,0.407275,-0.415581,0.581445,-0.568631,-0.195875,0.165763,0.668711,-0.697841,0.232585,-0.214192,-0.646176,0.694610,-0.135380,0.095482,0.689078,-0.705498,-0.188969,-0.315937,0.000737,0.086551
50.909936,0.407275,-0.415581,0.581445,-0.568631,-0.195875,0.165763,0.668711,-0.697841,0.232585,-0.214192,-0.646176,0.694610,-0.135380,0.095482,0.689078,-0.705498,-0.188969,-0.315937,0.000737,0.086551
51.181772,0.407275,-0.415581,0.581445,-0.568631,-0.195875,0.165763,0.668711,-0.697841,0.232585,-0.214192,-0.646176,0.694610,-0.135380,0.095482,0.689078,-0.705498,-0.188969,-0.315937,0.000737,0.086551
51.462051,0.407275,-0.415581,0.581445,-0.568631,-0.195875,0.165763,0.668711,-0.697841,0.232585,-0.214192,-0.646176,0.694610,-0.135380,0.095482,0.689078,-0.705498,-0.188969,-0.315937,0.000737,0.086551
51.736718,0.407275,-0.415581,0.581445,-0.568631,-0.195875,0.165763,0.668711,-0.697841,0.232585,-0.214192,-0.646176,0.694610,-0.135380,0.095482,0.689078,-0.705498,-0.188969,-0.315937,0.000737,0.086551
52.032340,0.407275,-0.415581,0.581445,-0.568631,-0.195875,0.165763,0.668711,-0.697841,0.232585,-0.214192,-0.646176,0.694610,-0.135380,0.095482,0.689078,-0.705498,-0.188969,-0.315937,0.000737,0.086551
52.300241,0.407275,-0.415581,0.581445,-0.568631,-0.195875,0.165763,0.668711,-0.697841,0.232585,-0.214192,-0.646176,0.694610,-0.135380,0.095482,0.689078,-0.705498,-0.188969,-0.315937,0.000737,0.086551
52.592373,0.407275,-0.415581,0.581445,-0.568631,-0.195875,0.165763,0.668711,-0.697841,0.232585,-0.214192,-0.646176,0.694610,-0.135380,0.095482,0.689078,-0.705498,-0.188969,-0.315937,0.000737,0.086551
52.853559,0.407275,-0.415581,0.581445,-0.568631,-0.195875,0.165763,0.668711,-0.697841,0.232585,-0.214192,-0.646176,0.694610,-0.135380,0.095482,0.689078,-0.705498,-0.188969,-0.315937,0.000737,0.086551
53.154464,0.407275,-0.415581,0.581445,-0.568631,-0.195875,0.165763,0.668711,-0.697841,0.232585,-0.214192,-0.646176,0.694610,-0.135380,0.095482,0.689078,-0.705498,-0.188969,-0.315937,0.000737,0.086551
53.413395,0.407275,-0.415581,0.581445,-0.568631,-0.195875,0.165763,0.668711,-0.697841,0.232585,-0.214192,-0.646176,0.694610,-0.135380,0.095482,0.689078,-0.705498,-0.188969,-0.315937,0.000737,0.086551
53.720516,0.407275,-0.415581,0.581445,-0.568631,-0.195875,0.165763,0.668711,-0.697841,0.232585,-0.214192,-0.646176,0.694610,-0.135380,0.095482,0.689078,-0.705498,-0.188969,-0.315937,0.000737,0.086551
53.985804,0.407275,-0.415581,0.581445,-0.568631,-0.195875,0.165763,0.668711,-0.697841,0.232585,-0.214192,-0.646176,0.694610,-0.135380,0.095482,0.689078,-0.705498,-0.188969,-0.315937,0.000737,0.086551
54.264642,0.407275,-0.415581,0.581445,-0.568631,-0.195875,0.165763,0.668711,-0.697841,0.232585,-0.214192,-0.646176,0.694610,-0.135380,0.095482,0.689078,-0.705498,-0.188969,-0.315937,0.000737,0.086551
54.536493,0.407275,-0.415581,0.581445,-0.568631,-0.195875,0.165763,0.668711,-0.697841,0.232585,-0.214192,-0.646176,0.694610,-0.135380,0.095482,0.689078,-0.705498,-0.188969,-0.315937,0.000737,0.086551
54.828825,0.407275,-0.415581,0.581445,-0.568631,-0.195875,0.165763,0.668711,-0.697841,0.232585,-0.214192,-0.646176,0.694610,-0.135380,0.095482,0.689078,-0.705498,-0.188969,-0.315937,0.000737,0.086551
55.102059,0.407275,-0.415581,0.581445,-0.568631,-0.195875,0.165763,0.668711,-0.697841,0.232585,-0.214192,-0.646176,0.694610,-0.135380,0.095482,0.689078,-0.705498,-0.188969,-0.315937,0.000737,0.086551
55.383705,0.407275,-0.415581,0.581445,-0.568631,-0.195875,0.165763,0.668711,-0.697841,0.232585,-0.214192,-0.646176,0.694610,-0.135380,0.095482,0.689078,-0.705498,-0.188969,-0.315937,0.000737,0.086551
55.657449,0.407275,-0.415581,0.581445,-0.568631,-0.195875,0.165763,0.668711,-0.697841,0.232585,-0.214192,-0.646176,0.694610,-0.135380,0.095482,0.689078,-0.705498,-0.188969,-0.315937,0.000737,0.086551
55.949265,0.407275,-0.415581,0.581445,-0.568631,-0.195875,0.165763,0.668711,-0.697841,0.232585,-0.214192,-0.646176,0.694610,-0.135380,0.095482,0.689078,-0.705498,-0.188969,-0.315937,0.000737,0.086551
56.223370,0.407275,-0.415581,0.581445,-0.568631,-0.195875,0.165763,0.668711,-0.697841,0.232585,-0.214192,-0.646176,0.694610,-0.135380,0.095482,0.689078,-0.705498,-0.188969,-0.315937,0.000737,0.086551
56.511894,0.407275,-0.415581,0.581445,-0.568631,-0.195875,0.165763,0.668711,-0.697841,0.232585,-0.214192,-0.646176,0.694610,-0.135380,0.095482,0.689078,-0.705498,-0.188969,-0.315937,0.000737,0.086551
56.776254,0.407275,-0.415581,0.581445,-0.568631,-0.195875,0.165763,0.668711,-0.697841,0.232585,-0.214192,-0.646176,0.694610,-0.135380,0.095482,0.689078,-0.705498,-0.188969,-0.315937,0.000737,0.086551
57.061381,0.407275,-0.415581,0.581445,-0.568631,-0.195875,0.165763,0.668711,-0.697841,0.232585,-0.214192,-0.646176,0.694610,-0.135380,0.095482,0.689078,-0.705498,-0.188969,-0.315937,0.000737,0.086551
57.332602,0.407275,-0.415581,0.581445,-0.568631,-0.195875,0.165763,0.668711,-0.697841,0.232585,-0.214192,-0.646176,0.694610,-0.135380,0.095482,0.689078,-0.705498,-0.188969,-0.315937,0.000737,0.086551
57.628479,0.407275,-0.415581,0.581445,-0.568631,-0.195875,0.165763,0.668711,-0.697841,0.232585,-0.214192,-0.646176,0.694610,-0.135380,0.095482,0.689078,-0.705498,-0.188969,-0.315937,0.000737,0.086551
57.897665,0.407275,-0.415581,0.581445,-0.568631,-0.195875,0.165763,0.668711,-0.697841,0.232585,-0.214192,-0.646176,0.694610,-0.135380,0.095482,0.689078,-0.705498,-0.188969,-0.315937,0.000737,0.086551
58.197978,0.407275,-0.415581,0.581445,-0.568631,-0.195875,0.165763,0.668711,-0.697841,0.232585,-0.214192,-0.646176,0.694610,-0.135380,0.095482,0.689078,-0.705498,-0.188969,-0.315937,0.000737,0.086551
58.455713,0.407275,-0.415581,0.581445,-0.568631,-0.195875,0.165763,0.668711,-0.697841,0.232585,-0.214192,-0.646176,0.694610,-0.135380,0.095482,0.689078,-0.705498,-0.188969,-0.315937,0.000737,0.086551
58.748134,0.407275,-0.415581,0.581445,-0.568631,-0.195875,0.165763,0.668711,-0.697841,0.232585,-0.214192,-0.646176,0.694610,-0.135380,0.095482,0.689078,-0.705498,-0.188969,-0.315937,0.000737,0.086551
59.016617,0.407275,-0.415581,0.581445,-0.568631,-0.195875,0.165763,0.668711,-0.697841,0.232585,-0.214192,-0.646176,0.694610,-0.135380,0.095482,0.689078,-0.705498,-0.188969,-0.315937,0.000737,0.086551
59.312532,0.407275,-0.415581,0.581445,-0.568631,-0.195875,0.165763,0.668711,-0.697841,0.232585,-0.214192,-0.646176,0.694610,-0.135380,0.095482,0.689078,-0.705498,-0.188969,-0.315937,0.000737,0.086551
59.578759,0.407275,-0.415581,0.581445,-0.568631,-0.195875,0.165763,0.668711,-0.697841,0.232585,-0.214192,-0.646176,0.694610,-0.135380,0.095482,0.689078,-0.705498,-0.188969,-0.315937,0.000737,0.086551
59.863960,0.407275,-0.415581,0.581445,-0.568631,-0.195875,0.165763,0.668711,-0.697841,0.232585,-0.214192,-0.646176,0.694610,-0.135380,0.095482,0.689078,-0.705498,-0.188969,-0.315937,0.000737,0.086551
