0.000000,0.407275,-0.415581,0.581445,-0.568631,-0.195875,0.165763,0.668711,-0.697841,0.232585,-0.214192,-0.646176,0.694610,-0.135380,0.095482,0.689078,-0.705498,-0.188969,-0.315937,0.000737,0.086551
0.269821,0.407275,-0.415581,0.581445,-0.568631,-0.195875,0.165763,0.668711,-0.697841,0.232585,-0.214192,-0.646176,0.694610,-0.135380,0.095482,0.689078,-0.705498,-0.188969,-0.315937,0.000737,0.086551
0.389865,0.407275,-0.415581,0.581445,-0.568631,-0.195875,0.165763,0.668711,-0.697841,0.232585,-0.214192,-0.646176,0.694610,-0.135380,0.095482,0.689078,-0.705498,-0.188969,-0.315937,0.000737,0.086551
0.471715,0.407275,-0.415581,0.581445,-0.568631,-0.195875,0.165763,0.668711,-0.697841,0.232585,-0.214192,-0.646176,0.694610,-0.135380,0.095482,0.689078,-0.705498,-0.188969,-0.315937,0.000737,0.086551
0.550736,0.407275,-0.415581,0.581445,-0.568631,-0.195875,0.165763,0.668711,-0.697841,0.232585,-0.214192,-0.646176,0.694610,-0.135380,0.095482,0.689078,-0.705498,-0.188969,-0.315937,0.000737,0.086551
0.640183,0.407275,-0.415581,0.581445,-0.568631,-0.195875,0.165763,0.668711,-0.697841,0.232585,-0.214192,-0.646176,0.694610,-0.135380,0.095482,0.689078,-0.705498,-0.188969,-0.315937,0.000737,0.086551
0.709382,0.407275,-0.415581,0.581445,-0.568631,-0.195875,0.165763,0.668711,-0.697841,0.232585,-0.214192,-0.646176,0.694610,-0.135380,0.095482,0.689078,-0.705498,-0.188969,-0.315937,0.000737,0.086551
0.775534,0.407275,-0.415581,0.581445,-0.568631,-0.195875,0.165763,0.668711,-0.697841,0.232585,-0.214192,-0.646176,0.694610,-0.135380,0.095482,0.689078,-0.705498,-0.188969,-0.315937,0.000737,0.086551
0.842348,0.407275,-0.415581,0.581445,-0.568631,-0.195875,0.165763,0.668711,-0.697841,0.232585,-0.214192,-0.646176,0.694610,-0.135380,0.095482,0.689078,-0.705498,-0.188969,-0.315937,0.000737,0.086551
0.909234,0.407275,-0.415581,0.581445,-0.568631,-0.195875,0.165763,0.668711,-0.697841,0.232585,-0.214192,-0.646176,0.694610,-0.135380,0.095482,0.689078,-0.705498,-0.188969,-0.315937,0.000737,0.086551
0.977278,0.407275,-0.415581,0.581445,-0.568631,-0.313614,0.271002,0.630143,-0.656600,0.337716,-0.300624,-0.604233,0.656106,-0.255268,0.215613,0.659726,-0.673135,-0.524067,-0.609839,-0.350316,-0.334964
1.045316,0.407275,-0.415581,0.581445,-0.568631,-0.480757,0.439387,0.534862,-0.538271,0.530708,-0.488857,-0.478865,0.500056,-0.460611,0.424658,0.553892,-0.548367,-1.088365,-1.282511,-1.024218,-1.009053
1.111913,0.407275,-0.415581,0.581445,-0.568631,-0.526780,0.488111,0.495784,-0.488312,0.536249,-0.491964,-0.474634,0.495106,-0.515194,0.479197,0.508997,-0.495850,-1.272318,-1.300249,-1.231166,-1.215553
1.383113,0.407275,-0.415581,0.581445,-0.568631,-0.584035,0.546986,0.431060,-0.417010,0.603743,-0.558071,-0.397663,0.407326,-0.537366,0.500364,0.486308,-0.473685,-1.525423,-1.600261,-1.319328,-1.313435
1.663049,0.407275,-0.415581,0.581445,-0.568631,-0.589919,0.557204,0.421644,-0.404642,0.620507,-0.579499,-0.371919,0.375270,-0.552926,0.518739,0.468920,-0.453097,-1.563888,-1.698292,-1.391441,-1.388142
1.938001,0.407275,-0.415581,0.581445,-0.568631,-0.591966,0.555223,0.419563,-0.406534,0.620096,-0.579072,-0.371525,0.376996,-0.553500,0.517285,0.469362,-0.453600,-1.564002,-1.696109,-1.389552,-1.386486
2.213257,0.407275,-0.415581,0.581445,-0.568631,-0.592010,0.559372,0.417820,-0.402559,0.622024,-0.580874,-0.369747,0.372771,-0.554716,0.520624,0.466842,-0.450888,-1.574179,-1.706049,-1.399430,-1.396570
2.488697,0.407275,-0.415581,0.581445,-0.568631,-0.593985,0.557345,0.417785,-0.402497,0.622504,-0.581349,-0.368029,0.372927,-0.556700,0.518608,0.466759,-0.450852,-1.574100,-1.708677,-1.399394,-1.396537
2.753761,0.407275,-0.415581,0.581445,-0.568631,-0.593985,0.557345,0.417785,-0.402497,0.622504,-0.581349,-0.368029,0.372927,-0.557167,0.519071,0.467209,-0.449273,-1.574100,-1.708677,-1.401475,-1.398590
3.048264,0.407275,-0.415581,0.581445,-0.568631,-0.593985,0.557345,0.417785,-0.402497,0.622504,-0.581349,-0.368029,0.372927,-0.539186,0.502181,0.488331,-0.467574,-1.574100,-1.708677,-1.327123,-1.326736
3.314516,0.407275,-0.415581,0.581445,-0.568631,-0.498200,0.465122,0.521773,-0.513041,0.548675,-0.512958,-0.461969,0.471608,-0.451770,0.413391,0.566413,-0.551532,-1.170187,-1.369917,-0.988145,-0.958780
3.604293,0.407275,-0.415581,0.581445,-0.568631,-0.407328,0.371817,0.589784,-0.589908,0.434026,-0.406648,-0.558163,0.578543,-0.324184,0.281026,0.642040,-0.635385,-0.838400,-0.945053,-0.555888,-0.597650
3.879693,0.407275,-0.415581,0.581445,-0.568631,-0.286955,0.252860,0.649187,-0.657476,0.336023,-0.308697,-0.613205,0.644805,-0.252976,0.209099,0.669098,-0.666775,-0.454729,-0.619000,-0.337091,-0.262360
4.162232,0.407275,-0.415581,0.581445,-0.568631,-0.262873,0.229254,0.656585,-0.668757,0.272505,-0.251768,-0.639796,0.673063,-0.187054,0.146969,0.685101,-0.688511,-0.382328,-0.431896,-0.148243,-0.067549
4.431981,0.407275,-0.415581,0.581445,-0.568631,-0.208222,0.177795,0.665818,-0.694059,0.241147,-0.221837,-0.642715,0.692498,-0.151246,0.111256,0.688761,-0.700254,-0.224716,-0.340230,-0.044722,0.020802
4.735743,0.407275,-0.415581,0.581445,-0.568631,-0.193974,0.163929,0.669129,-0.698404,0.232629,-0.212335,-0.644362,0.696846,-0.133261,0.093346,0.690383,-0.704911,-0.183507,-0.313404,0.006835,0.060910
5.004285,0.407275,-0.415581,0.581445,-0.568631,-0.193728,0.161709,0.670416,-0.697755,0.230387,-0.210328,-0.646012,0.696672,-0.131304,0.091397,0.690639,-0.705283,-0.179807,-0.306965,0.012433,0.063495
5.286524,0.407275,-0.415581,0.581445,-0.568631,-0.191794,0.161809,0.670634,-0.698057,0.228162,-0.210217,-0.647381,0.696167,-0.131304,0.091397,0.690639,-0.705283,-0.177177,-0.303450,0.012433,0.063495
5.553607,0.407275,-0.415581,0.581445,-0.568631,-0.191794,0.161809,0.670634,-0.698057,0.230329,-0.210290,-0.648100,0.694761,-0.131304,0.091397,0.690639,-0.705283,-0.177177,-0.306595,0.012433,0.063495
5.844878,0.407275,-0.415581,0.581445,-0.568631,-0.193728,0.161709,0.670416,-0.697755,0.230387,-0.210328,-0.646012,0.696672,-0.131463,0.091579,0.689595,-0.706251,-0.179807,-0.306965,0.011945,0.063500
6.111068,0.407275,-0.415581,0.581445,-0.568631,-0.203980,0.171677,0.667062,-0.695664,0.243039,-0.221614,-0.642443,0.692160,-0.149336,0.109397,0.687036,-0.702647,-0.209454,-0.342655,-0.039299,-0.029236
6.398776,0.407275,-0.415581,0.581445,-0.568631,-0.301314,0.256945,0.637446,-0.660948,0.323650,-0.288084,-0.613281,0.660412,-0.271400,0.229856,0.654575,-0.667113,-0.483176,-0.567543,-0.396046,-0.233168
6.673672,0.407275,-0.415581,0.581445,-0.568631,-0.406210,0.366679,0.586619,-0.597008,0.469010,-0.432530,-0.529137,0.559430,-0.367625,0.325309,0.614724,-0.617365,-0.827931,-1.054917,-0.695547,-0.674821
6.968235,0.407275,-0.415581,0.581445,-0.568631,-0.461651,0.422186,0.549033,-0.554256,0.538365,-0.497730,-0.470827,0.490663,-0.454025,0.415854,0.558700,-0.555681,-1.021689,-1.316498,-0.996464,-0.979080
7.234625,0.407275,-0.415581,0.581445,-0.568631,-0.511992,0.473009,0.507960,-0.506067,0.580899,-0.538826,-0.423290,0.439373,-0.504284,0.467882,0.517408,-0.508993,-1.212511,-1.499555,-1.187362,-1.182697
7.524674,0.407275,-0.415581,0.581445,-0.568631,-0.576801,0.541507,0.437082,-0.427821,0.603534,-0.561695,-0.393425,0.406770,-0.533539,0.498378,0.490364,-0.475918,-1.495663,-1.608825,-1.307283,-1.305126
7.799393,0.407275,-0.415581,0.581445,-0.568631,-0.582759,0.547689,0.429480,-0.419495,0.612073,-0.571606,-0.382761,0.390035,-0.543422,0.506693,0.480727,-0.465679,-1.523984,-1.655443,-1.345341,-1.342664
8.084753,0.407275,-0.415581,0.581445,-0.568631,-0.588102,0.553243,0.423448,-0.410792,0.616117,-0.575370,-0.377161,0.383534,-0.548922,0.512474,0.474593,-0.459148,-1.549900,-1.675781,-1.369333,-1.366961
8.358042,0.407275,-0.415581,0.581445,-0.568631,-0.589991,0.557250,0.419598,-0.406596,0.618564,-0.577683,-0.373692,0.379492,-0.550636,0.516306,0.472553,-0.454887,-1.564078,-1.688342,-1.381283,-1.379336
8.641522,0.407275,-0.415581,0.581445,-0.568631,-0.589991,0.557250,0.419598,-0.406596,0.620096,-0.579072,-0.371525,0.376996,-0.550636,0.516306,0.472553,-0.454887,-1.564078,-1.696109,-1.381283,-1.379684
8.912791,0.407275,-0.415581,0.581445,-0.568631,-0.592238,0.557557,0.417863,-0.404691,0.617249,-0.576343,-0.374602,0.382761,-0.552436,0.518202,0.470484,-0.452688,-1.570297,-1.681391,-1.389268,-1.383810
9.216354,0.407275,-0.415581,0.581445,-0.568631,-0.444392,0.414914,0.563188,-0.559625,0.506084,-0.473690,-0.501238,0.517936,-0.371751,0.333412,0.617511,-0.607714,-0.977522,-1.202596,-0.715496,-0.876546
9.476961,0.407275,-0.415581,0.581445,-0.568631,-0.349201,0.312135,0.621102,-0.628381,0.295965,-0.272795,-0.631486,0.662732,-0.230938,0.196967,0.674459,-0.673036,-0.644681,-0.500018,-0.286171,-0.211803
9.763395,0.407275,-0.415581,0.581445,-0.568631,-0.200116,0.179813,0.669681,-0.692206,0.226240,-0.208532,-0.647909,0.696810,-0.133313,0.099321,0.693112,-0.701398,-0.215807,-0.298094,-0.001869,0.052001
10.036363,0.407275,-0.415581,0.581445,-0.568631,-0.191875,0.169790,0.670797,-0.695979,0.222124,-0.204868,-0.647970,0.699160,-0.129285,0.093332,0.692741,-0.703338,-0.189076,-0.286675,0.012502,0.069622
10.326674,0.407275,-0.415581,0.581445,-0.568631,-0.193979,0.171865,0.671335,-0.694365,0.224054,-0.206560,-0.647452,0.698526,-0.159441,0.123415,0.688135,-0.697006,-0.195133,-0.292044,-0.074104,-0.023015
10.594739,0.407275,-0.415581,0.581445,-0.568631,-0.284870,0.252744,0.646584,-0.660983,0.389880,-0.359097,-0.579296,0.619241,-0.355900,0.317337,0.622938,-0.620146,-0.451468,-0.789118,-0.663730,-0.380535
10.885240,0.407275,-0.415581,0.581445,-0.568631,-0.545967,0.515852,0.474733,-0.458743,0.508948,-0.472738,-0.498397,0.518739,-0.469407,0.433699,0.548904,-0.538764,-1.370199,-1.206536,-1.056821,-1.023197
11.159151,0.407275,-0.415581,0.581445,-0.568631,-0.577844,0.548751,0.436935,-0.417200,0.591481,-0.550563,-0.410606,0.422414,-0.539635,0.504745,0.484822,-0.467947,-1.515110,-1.551968,-1.333299,-1.328908
11.444450,0.407275,-0.415581,0.581445,-0.568631,-0.591047,0.562467,0.419382,-0.398012,0.612401,-0.577736,-0.379276,0.383842,-0.552900,0.518666,0.470939,-0.451113,-1.579542,-1.672034,-1.391344,-1.388343
11.714751,0.407275,-0.415581,0.581445,-0.568631,-0.591955,0.563451,0.418105,-0.396611,0.612401,-0.577736,-0.379276,0.383842,-0.552900,0.518666,0.470939,-0.451113,-1.584183,-1.672034,-1.391344,-1.388125
12.010239,0.407275,-0.415581,0.581445,-0.568631,-0.523174,0.490497,0.500422,-0.485056,0.560137,-0.531252,-0.445983,0.452899,-0.449861,0.417493,0.566714,-0.549691,-1.269911,-1.434686,-0.992069,-1.015491
12.286760,0.407275,-0.415581,0.581445,-0.568631,-0.406348,0.382925,0.589747,-0.583479,0.378531,-0.356420,-0.589418,0.618276,-0.322497,0.277360,0.642189,-0.637699,-0.855539,-0.765234,-0.547500,-0.431069
12.564564,0.407275,-0.415581,0.581445,-0.568631,-0.224400,0.207486,0.666945,-0.679543,0.237590,-0.230079,-0.645131,0.688782,-0.163296,0.135196,0.689879,-0.692188,-0.292291,-0.347232,-0.096716,-0.008139
12.831268,0.407275,-0.415581,0.581445,-0.568631,-0.190043,0.168004,0.669161,-0.698486,0.211972,-0.203396,-0.649572,0.701252,-0.127295,0.095343,0.692812,-0.703362,-0.183910,-0.269779,0.012430,0.092031
13.128731,0.407275,-0.415581,0.581445,-0.568631,-0.192149,0.170082,0.669707,-0.696881,0.214162,-0.205375,-0.650053,0.699561,-0.129411,0.097482,0.691517,-0.703956,-0.189965,-0.275808,0.006324,0.083572
13.392903,0.407275,-0.415581,0.581445,-0.568631,-0.212543,0.189946,0.664805,-0.690493,0.249817,-0.239052,-0.642771,0.683587,-0.207100,0.173152,0.675841,-0.685833,-0.249079,-0.378857,-0.215878,-0.032093
13.697926,0.407275,-0.415581,0.581445,-0.568631,-0.341809,0.308782,0.619686,-0.635460,0.403322,-0.373222,-0.573388,0.607670,-0.308898,0.273695,0.643092,-0.645063,-0.627700,-0.835111,-0.520601,-0.502982
13.960276,0.407275,-0.415581,0.581445,-0.568631,-0.490080,0.473264,0.519904,-0.515308,0.506628,-0.480363,-0.498238,0.514138,-0.456792,0.422661,0.560139,-0.546758,-1.170082,-1.216729,-1.013766,-0.999361
14.254693,0.407275,-0.415581,0.581445,-0.568631,-0.565205,0.533630,0.450858,-0.438759,0.595373,-0.559953,-0.405191,0.409639,-0.522013,0.488342,0.502285,-0.486554,-1.451293,-1.583847,-1.263211,-1.257743
14.512174,0.407275,-0.415581,0.581445,-0.568631,-0.587444,0.558707,0.423328,-0.404412,0.608131,-0.575682,-0.384841,0.388156,-0.547302,0.516881,0.475156,-0.455545,-1.561561,-1.655493,-1.375376,-1.372172
14.816651,0.407275,-0.415581,0.581445,-0.568631,-0.591540,0.562985,0.417724,-0.398291,0.612586,-0.579876,-0.379645,0.379937,-0.552326,0.520115,0.470495,-0.450611,-1.581943,-1.678013,-1.393226,-1.390274
15.074040,0.407275,-0.415581,0.581445,-0.568631,-0.576058,0.548927,0.436993,-0.419372,0.593866,-0.562464,-0.405616,0.407962,-0.541409,0.508635,0.482827,-0.463729,-1.511263,-1.586199,-1.345269,-1.339614
15.361872,0.407275,-0.415581,0.581445,-0.568631,-0.486861,0.461760,0.530217,-0.518279,0.482530,-0.462118,-0.519454,0.532708,-0.420753,0.387533,0.588489,-0.571372,-1.141947,-1.134587,-0.888345,-0.851984
15.635927,0.407275,-0.415581,0.581445,-0.568631,-0.329445,0.302593,0.629117,-0.635700,0.300085,-0.289678,-0.630312,0.654785,-0.250579,0.218722,0.668187,-0.665505,-0.598093,-0.532427,-0.347902,-0.238161
15.931586,0.407275,-0.415581,0.581445,-0.568631,-0.218425,0.199666,0.666825,-0.683936,0.284100,-0.273614,-0.635735,0.663523,-0.149302,0.119241,0.691473,-0.696675,-0.271943,-0.482994,-0.053491,0.046538
16.193092,0.407275,-0.415581,0.581445,-0.568631,-0.196084,0.177846,0.669387,-0.694149,0.212271,-0.207481,-0.650022,0.699545,-0.129411,0.097482,0.691517,-0.703956,-0.207105,-0.276263,0.006324,0.084163
16.486397,0.407275,-0.415581,0.581445,-0.568631,-0.196047,0.175871,0.671653,-0.692471,0.212213,-0.207442,-0.652108,0.697631,-0.131386,0.097450,0.691352,-0.703757,-0.204005,-0.275854,0.003562,0.086741
16.755698,0.407275,-0.415581,0.581445,-0.568631,-0.196047,0.175871,0.671653,-0.692471,0.213799,-0.205017,-0.653234,0.696809,-0.129411,0.097482,0.691517,-0.703956,-0.204005,-0.274370,0.006324,0.086741
17.047291,0.407275,-0.415581,0.581445,-0.568631,-0.202155,0.177824,0.667617,-0.694118,0.237308,-0.226012,-0.644757,0.690573,-0.151353,0.117384,0.687357,-0.700610,-0.215925,-0.340746,-0.053782,0.051737
17.311242,0.407275,-0.415581,0.581445,-0.568631,-0.232602,0.209547,0.663425,-0.679598,0.321228,-0.297290,-0.618072,0.653007,-0.278722,0.241171,0.655381,-0.659262,-0.307597,-0.577778,-0.424292,-0.379502
17.609624,0.407275,-0.415581,0.581445,-0.568631,-0.465117,0.429732,0.548921,-0.545603,0.462688,-0.436542,-0.533252,0.557668,-0.415137,0.377834,0.588465,-0.581904,-1.041646,-1.050345,-0.861939,-0.722828
17.872247,0.407275,-0.415581,0.581445,-0.568631,-0.516401,0.481582,0.504960,-0.496411,0.552100,-0.518139,-0.457484,0.466289,-0.471533,0.435898,0.547171,-0.536892,-1.238250,-1.388399,-1.064783,-1.032534
18.162472,0.407275,-0.415581,0.581445,-0.568631,-0.570494,0.537052,0.446635,-0.432005,0.596310,-0.560904,-0.403972,0.408175,-0.525869,0.492372,0.498359,-0.482358,-1.471056,-1.588482,-1.279224,-1.271987
18.434134,0.407275,-0.415581,0.581445,-0.568631,-0.585767,0.552874,0.427212,-0.410727,0.607983,-0.571689,-0.388693,0.390443,-0.543252,0.510571,0.480789,-0.461559,-1.543502,-1.644878,-1.353270,-1.348368
18.721742,0.407275,-0.415581,0.581445,-0.568631,-0.591777,0.561181,0.417773,-0.400426,0.612060,-0.575482,-0.383113,0.383962,-0.551101,0.516771,0.473012,-0.453316,-1.578061,-1.665220,-1.383351,-1.379575
18.997224,0.407275,-0.415581,0.581445,-0.568631,-0.594012,0.561479,0.416030,-0.398510,0.614112,-0.577383,-0.379256,0.381653,-0.552900,0.518666,0.470939,-0.451113,-1.584286,-1.675596,-1.391344,-1.387684
19.287886,0.407275,-0.415581,0.581445,-0.568631,-0.594012,0.561479,0.416030,-0.398510,0.614112,-0.577383,-0.379256,0.381653,-0.552900,0.518666,0.470939,-0.451113,-1.584286,-1.675596,-1.391344,-1.387767
19.554943,0.407275,-0.415581,0.581445,-0.568631,-0.587245,0.556419,0.422978,-0.408204,0.603532,-0.565596,-0.395932,0.398859,-0.536733,0.503728,0.487926,-0.469152,-1.555467,-1.618150,-1.325136,-1.316765
19.848483,0.407275,-0.415581,0.581445,-0.568631,-0.526576,0.498051,0.494085,-0.480149,0.555430,-0.523038,-0.453050,0.461166,-0.451552,0.419211,0.566425,-0.547289,-1.292199,-1.406263,-0.998236,-0.915980
20.119708,0.407275,-0.415581,0.581445,-0.568631,-0.317623,0.286989,0.635186,-0.642877,0.368782,-0.336161,-0.597333,0.627844,-0.284549,0.250958,0.657553,-0.650904,-0.554972,-0.715875,-0.448100,-0.213904
20.407566,0.407275,-0.415581,0.581445,-0.568631,-0.216258,0.191581,0.666138,-0.687597,0.239143,-0.225748,-0.646572,0.688326,-0.143177,0.111122,0.692575,-0.698207,-0.256822,-0.342795,-0.032984,-0.011209
20.672342,0.407275,-0.415581,0.581445,-0.568631,-0.198088,0.173882,0.669592,-0.694387,0.215745,-0.202951,-0.651179,0.698735,-0.129380,0.097405,0.693542,-0.701977,-0.204123,-0.274303,0.006498,0.101006
20.972237,0.407275,-0.415581,0.581445,-0.568631,-0.196083,0.173942,0.671867,-0.692742,0.215686,-0.202911,-0.653260,0.696820,-0.129380,0.097405,0.693542,-0.701977,-0.201200,-0.273926,0.006498,0.101006
21.231869,0.407275,-0.415581,0.581445,-0.568631,-0.211993,0.187396,0.667239,-0.689009,0.254516,-0.239580,-0.642990,0.681459,-0.163260,0.129225,0.687318,-0.695875,-0.244357,-0.386510,-0.088031,-0.014922
21.530253,0.407275,-0.415581,0.581445,-0.568631,-0.343961,0.308942,0.620126,-0.633790,0.369470,-0.334919,-0.594409,0.630871,-0.331231,0.294342,0.632543,-0.635247,-0.631322,-0.715253,-0.587838,-0.503483
21.793502,0.407275,-0.415581,0.581445,-0.568631,-0.511884,0.476984,0.510214,-0.500143,0.513825,-0.481080,-0.493551,0.510835,-0.472198,0.442702,0.544266,-0.533684,-1.220152,-1.232526,-1.078554,-1.016740
22.086189,0.407275,-0.415581,0.581445,-0.568631,-0.576364,0.545180,0.439090,-0.421644,0.591267,-0.552303,-0.412713,0.418369,-0.518621,0.484821,0.504683,-0.491198,-1.503277,-1.555388,-1.249239,-1.239985
22.365067,0.407275,-0.415581,0.581445,-0.568631,-0.576364,0.545180,0.439090,-0.421644,0.612327,-0.577682,-0.381381,0.381952,-0.549111,0.518785,0.473090,-0.453348,-1.503277,-1.671616,-1.383373,-1.379492
22.651892,0.407275,-0.415581,0.581445,-0.568631,-0.593526,0.565077,0.415925,-0.394235,0.616072,-0.579214,-0.377495,0.377444,-0.554573,0.522460,0.468865,-0.446821,-1.592055,-1.685553,-1.403297,-1.399937
22.917881,0.407275,-0.415581,0.581445,-0.568631,-0.588089,0.557362,0.423764,-0.404874,0.612551,-0.575970,-0.381415,0.384138,-0.546910,0.514416,0.476691,-0.457199,-1.559888,-1.667808,-1.369263,-1.365418
23.209346,0.407275,-0.415581,0.581445,-0.568631,-0.511847,0.486954,0.508623,-0.492129,0.566921,-0.541428,-0.439374,0.438642,-0.452490,0.420188,0.565709,-0.546506,-1.239941,-1.472694,-1.001676,-1.017060
23.472939,0.407275,-0.415581,0.581445,-0.568631,-0.384314,0.362797,0.601442,-0.599123,0.383168,-0.362566,-0.588489,0.612706,-0.414733,0.379307,0.594106,-0.575466,-0.784507,-0.782914,-0.863951,-0.582088
23.765100,0.407275,-0.415581,0.581445,-0.568631,-0.290670,0.268371,0.646607,-0.652217,0.269203,-0.260288,-0.643018,0.668063,-0.198946,0.168835,0.683458,-0.681763,-0.484231,-0.439636,-0.197546,-0.052446
24.031610,0.407275,-0.415581,0.581445,-0.568631,-0.244601,0.227264,0.663995,-0.669053,0.231228,-0.228169,-0.648442,0.688473,-0.139316,0.107326,0.691138,-0.700999,-0.351792,-0.334721,-0.021997,0.069630
24.332054,0.407275,-0.415581,0.581445,-0.568631,-0.198334,0.176112,0.668285,-0.695014,0.220300,-0.212667,-0.647132,0.698184,-0.135278,0.103320,0.690716,-0.702806,-0.207849,-0.295895,-0.010460,0.080644
24.593789,0.407275,-0.415581,0.581445,-0.568631,-0.196156,0.173988,0.669815,-0.694693,0.216376,-0.209254,-0.650255,0.697540,-0.133343,0.099398,0.691088,-0.703376,-0.201486,-0.284757,-0.002035,0.086740
24.889245,0.407275,-0.415581,0.581445,-0.568631,-0.195911,0.171761,0.671115,-0.694062,0.216044,-0.207032,-0.651628,0.697025,-0.131386,0.097450,0.691352,-0.703757,-0.197773,-0.280790,0.003562,0.092239
25.152694,0.407275,-0.415581,0.581445,-0.568631,-0.195837,0.171714,0.673162,-0.692109,0.215984,-0.206991,-0.653706,0.695107,-0.131386,0.097450,0.691352,-0.703757,-0.197498,-0.280404,0.003562,0.092239
25.449814,0.407275,-0.415581,0.581445,-0.568631,-0.196017,0.169875,0.669269,-0.696275,0.217991,-0.204964,-0.649569,0.698949,-0.133228,0.097304,0.690199,-0.704562,-0.195235,-0.280723,0.001151,0.092622
25.717217,0.407275,-0.415581,0.581445,-0.568631,-0.216309,0.189664,0.666371,-0.687887,0.237297,-0.222242,-0.645340,0.691256,-0.177329,0.141361,0.681735,-0.695564,-0.254036,-0.334975,-0.126006,-0.014464
26.010204,0.407275,-0.415581,0.581445,-0.568631,-0.365840,0.326536,0.606199,-0.626146,0.367732,-0.331443,-0.590575,0.637291,-0.300787,0.261573,0.642149,-0.654792,-0.694934,-0.707357,-0.489374,-0.316676
26.274546,0.407275,-0.415581,0.581445,-0.568631,-0.496733,0.461583,0.519948,-0.519472,0.506972,-0.472989,-0.494093,0.524530,-0.422407,0.385384,0.579630,-0.580586,-1.160536,-1.203713,-0.887358,-0.849217
26.577148,0.407275,-0.415581,0.581445,-0.568631,-0.549580,0.515489,0.467958,-0.461787,0.576692,-0.540677,-0.422756,0.443138,-0.505272,0.470975,0.514575,-0.508031,-1.377065,-1.494211,-1.195297,-1.186807
26.842098,0.407275,-0.415581,0.581445,-0.568631,-0.581502,0.550420,0.428611,-0.418552,0.604542,-0.568473,-0.386220,0.402742,-0.545602,0.513109,0.475172,-0.461788,-1.527413,-1.628424,-1.363518,-1.359241
27.122266,0.407275,-0.415581,0.581445,-0.568631,-0.590100,0.561438,0.415803,-0.404570,0.612536,-0.577831,-0.375055,0.387614,-0.550556,0.518297,0.470550,-0.454796,-1.574435,-1.672913,-1.385338,-1.382220
27.395573,0.407275,-0.415581,0.581445,-0.568631,-0.593916,0.563373,0.411887,-0.400281,0.616051,-0.581067,-0.371140,0.380917,-0.556960,0.522966,0.465203,-0.447089,-1.588543,-1.690627,-1.409503,-1.406533
27.693743,0.407275,-0.415581,0.581445,-0.568631,-0.583861,0.554942,0.425197,-0.412739,0.614989,-0.580154,-0.371588,0.383578,-0.552816,0.520654,0.468931,-0.451018,-1.543755,-1.685475,-1.395398,-1.391750
27.957618,0.407275,-0.415581,0.581445,-0.568631,-0.527033,0.500565,0.492620,-0.478535,0.573171,-0.543304,-0.429505,0.437974,-0.475332,0.443786,0.547437,-0.526712,-1.298293,-1.491529,-1.086631,-1.055682
28.247410,0.407275,-0.415581,0.581445,-0.568631,-0.486417,0.461268,0.529622,-0.519741,0.401995,-0.379485,-0.572938,0.605090,-0.320384,0.287226,0.642709,-0.633862,-1.140135,-0.843414,-0.559619,-0.428381
28.512237,0.407275,-0.415581,0.581445,-0.568631,-0.260735,0.233121,0.658364,-0.666505,0.285791,-0.269379,-0.633120,0.667021,-0.189236,0.155161,0.684085,-0.687127,-0.384919,-0.479311,-0.163378,-0.043977
28.810831,0.407275,-0.415581,0.581445,-0.568631,-0.196228,0.174034,0.667758,-0.696639,0.222501,-0.210888,-0.646048,0.699028,-0.133343,0.099398,0.691088,-0.703376,-0.201780,-0.296512,-0.002035,0.052008
29.082458,0.407275,-0.415581,0.581445,-0.568631,-0.191978,0.167902,0.668946,-0.698186,0.211669,-0.199310,-0.649109,0.702943,-0.127355,0.091458,0.690965,-0.705680,-0.186543,-0.263277,0.017943,0.106526
29.360860,0.407275,-0.415581,0.581445,-0.568631,-0.196228,0.174034,0.667758,-0.696639,0.218047,-0.205001,-0.647480,0.700856,-0.133343,0.099398,0.691088,-0.703376,-0.201780,-0.281115,-0.002035,0.089462
29.639365,0.407275,-0.415581,0.581445,-0.568631,-0.197914,0.171702,0.668840,-0.695703,0.217991,-0.204964,-0.649569,0.698949,-0.133360,0.097418,0.691184,-0.703554,-0.200686,-0.280723,0.000803,0.089463
29.926777,0.407275,-0.415581,0.581445,-0.568631,-0.197914,0.171702,0.668840,-0.695703,0.217991,-0.204964,-0.649569,0.698949,-0.135362,0.097462,0.688984,-0.705322,-0.200686,-0.280723,-0.002111,0.089479
30.192759,0.407275,-0.415581,0.581445,-0.568631,-0.200089,0.173821,0.667310,-0.696022,0.222180,-0.204904,-0.645877,0.701066,-0.165448,0.129487,0.684022,-0.698552,-0.207036,-0.287059,-0.091583,0.075454
30.480581,0.407275,-0.415581,0.581445,-0.568631,-0.355970,0.316788,0.612194,-0.630991,0.303897,-0.272225,-0.622741,0.667632,-0.254849,0.217174,0.660608,-0.671926,-0.663209,-0.511931,-0.352031,-0.292409
30.754339,0.407275,-0.415581,0.581445,-0.568631,-0.398438,0.360948,0.590689,-0.601706,0.477744,-0.442381,-0.519942,0.552919,-0.385410,0.345443,0.605317,-0.604748,-0.805224,-1.089484,-0.757619,-0.621492
31.051335,0.407275,-0.415581,0.581445,-0.568631,-0.535905,0.501430,0.483616,-0.476958,0.519034,-0.483991,-0.486757,0.509336,-0.487381,0.452359,0.531781,-0.524443,-1.318415,-1.249031,-1.125100,-1.109002
31.318538,0.407275,-0.415581,0.581445,-0.568631,-0.570635,0.537140,0.442535,-0.435913,0.588863,-0.548076,-0.411768,0.428134,-0.526365,0.492914,0.496848,-0.482823,-1.471467,-1.539975,-1.281296,-1.272839
31.608877,0.407275,-0.415581,0.581445,-0.568631,-0.587957,0.555113,0.421364,-0.410620,0.603246,-0.565252,-0.391292,0.404320,-0.545579,0.513039,0.477194,-0.459805,-1.553986,-1.616901,-1.363412,-1.356350
31.875369,0.407275,-0.415581,0.581445,-0.568631,-0.592080,0.559416,0.415772,-0.404512,0.609924,-0.571505,-0.382360,0.393922,-0.549217,0.516865,0.473076,-0.455424,-1.574376,-1.649745,-1.379412,-1.375184
32.171194,0.407275,-0.415581,0.581445,-0.568631,-0.594574,0.562037,0.412313,-0.400742,0.612205,-0.575586,-0.378900,0.387739,-0.552900,0.518666,0.470939,-0.451113,-1.586902,-1.666076,-1.391344,-1.387970
32.439783,0.407275,-0.415581,0.581445,-0.568631,-0.596142,0.563662,0.410133,-0.398359,0.613110,-0.576507,-0.377602,0.386202,-0.554690,0.520552,0.468860,-0.448904,-1.594777,-1.670840,-1.399333,-1.395860
32.729603,0.407275,-0.415581,0.581445,-0.568631,-0.593663,0.561055,0.413602,-0.402138,0.613110,-0.576507,-0.377602,0.386202,-0.551101,0.516771,0.473012,-0.453316,-1.582253,-1.670840,-1.383351,-1.379292
32.994487,0.407275,-0.415581,0.581445,-0.568631,-0.516431,0.479580,0.504866,-0.498410,0.586609,-0.545987,-0.415486,0.430301,-0.465687,0.433809,0.555357,-0.535279,-1.234317,-1.529591,-1.050373,-1.062211
33.288812,0.407275,-0.415581,0.581445,-0.568631,-0.367695,0.328408,0.608274,-0.622054,0.407983,-0.371567,-0.571343,0.607498,-0.342041,0.311203,0.633071,-0.620791,-0.700835,-0.840254,-0.631740,-0.622524
33.554256,0.407275,-0.415581,0.581445,-0.568631,-0.304695,0.268250,0.640724,-0.651671,0.280980,-0.257438,-0.634150,0.672778,-0.205084,0.172995,0.682167,-0.680192,-0.505724,-0.453707,-0.212647,-0.110231
33.848113,0.407275,-0.415581,0.581445,-0.568631,-0.226199,0.197306,0.664001,-0.684840,0.240810,-0.221499,-0.643836,0.691682,-0.157253,0.125200,0.689255,-0.696078,-0.279930,-0.339102,-0.073546,0.032123
34.115502,0.407275,-0.415581,0.581445,-0.568631,-0.200196,0.168022,0.667930,-0.696821,0.221844,-0.202686,-0.647253,0.700548,-0.133295,0.101299,0.693012,-0.701217,-0.198552,-0.283071,-0.004696,0.103921
34.409385,0.407275,-0.415581,0.581445,-0.568631,-0.196083,0.166005,0.669675,-0.696799,0.217409,-0.198702,-0.648389,0.702027,-0.129270,0.095312,0.692650,-0.703165,-0.189579,-0.270617,0.009666,0.106496
34.680254,0.407275,-0.415581,0.581445,-0.568631,-0.195804,0.165718,0.670765,-0.695897,0.217662,-0.198975,-0.649375,0.700960,-0.129411,0.097482,0.691517,-0.703956,-0.188704,-0.271275,0.006324,0.101018
34.971373,0.407275,-0.415581,0.581445,-0.568631,-0.197982,0.167837,0.669250,-0.696231,0.219910,-0.200988,-0.647763,0.701175,-0.133360,0.097418,0.691184,-0.703554,-0.195039,-0.277694,0.000803,0.095534
35.240740,0.407275,-0.415581,0.581445,-0.568631,-0.208039,0.175613,0.665075,-0.695381,0.254020,-0.233367,-0.639912,0.686677,-0.155440,0.119491,0.685788,-0.700896,-0.221242,-0.376702,-0.062694,0.041043
35.522204,0.407275,-0.415581,0.581445,-0.568631,-0.208039,0.175613,0.665075,-0.695381,0.333770,-0.297150,-0.611116,0.653327,-0.265090,0.229434,0.659906,-0.664538,-0.221242,-0.597482,-0.385864,-0.311706
35.803079,0.407275,-0.415581,0.581445,-0.568631,-0.430176,0.392603,0.571746,-0.577856,0.447981,-0.413464,-0.545812,0.574847,-0.389183,0.349297,0.603121,-0.602307,-0.913355,-0.982262,-0.770241,-0.641627
36.081684,0.407275,-0.415581,0.581445,-0.568631,-0.516456,0.477574,0.504769,-0.500405,0.549276,-0.507776,-0.460210,0.478190,-0.446306,0.409907,0.564782,-0.560186,-1.230383,-1.360530,-0.972060,-0.836130
36.359873,0.407275,-0.415581,0.581445,-0.568631,-0.566299,0.530630,0.449936,-0.441921,0.590659,-0.547806,-0.411788,0.425982,-0.518124,0.484280,0.506178,-0.490718,-1.447010,-1.543552,-1.247199,-1.237419
36.626276,0.407275,-0.415581,0.581445,-0.568631,-0.587813,0.550894,0.425132,-0.412619,0.590659,-0.547806,-0.411788,0.425982,-0.543340,0.508634,0.480760,-0.463620,-1.543618,-1.543552,-1.349305,-1.343962
36.896940,0.407275,-0.415581,0.581445,-0.568631,-0.592238,0.557557,0.417863,-0.404691,0.609634,-0.569285,-0.384075,0.395912,-0.548725,0.516325,0.474633,-0.455009,-1.570297,-1.643360,-1.377254,-1.371897
37.171345,0.407275,-0.415581,0.581445,-0.568631,-0.594055,0.557389,0.415737,-0.404450,0.613716,-0.573083,-0.378503,0.389439,-0.551101,0.516771,0.473012,-0.453316,-1.574303,-1.663686,-1.383351,-1.378973
37.461682,0.407275,-0.415581,0.581445,-0.568631,-0.594318,0.559715,0.414028,-0.402599,0.615699,-0.574937,-0.376758,0.385247,-0.552900,0.518666,0.470939,-0.451113,-1.580601,-1.673620,-1.391344,-1.387374
37.733509,0.407275,-0.415581,0.581445,-0.568631,-0.596059,0.559498,0.413948,-0.400403,0.615699,-0.574937,-0.376758,0.385247,-0.552900,0.518666,0.470939,-0.451113,-1.584399,-1.673620,-1.391344,-1.387456
38.029879,0.407275,-0.415581,0.581445,-0.568631,-0.595893,0.561348,0.411853,-0.400221,0.616604,-0.575851,-0.375454,0.383705,-0.555268,0.519103,0.469303,-0.449405,-1.588477,-1.678392,-1.397451,-1.393802
38.300318,0.407275,-0.415581,0.581445,-0.568631,-0.595893,0.561348,0.411853,-0.400221,0.616604,-0.575851,-0.375454,0.383705,-0.555268,0.519103,0.469303,-0.449405,-1.588477,-1.678392,-1.397451,-1.393802
38.583067,0.407275,-0.415581,0.581445,-0.568631,-0.571604,0.540204,0.444089,-0.429224,0.603968,-0.562141,-0.393857,0.405087,-0.542403,0.505539,0.485817,-0.462831,-1.480767,-1.610931,-1.341002,-1.337558
38.858695,0.407275,-0.415581,0.581445,-0.568631,-0.502284,0.471296,0.518230,-0.506980,0.484156,-0.454000,-0.518969,0.538654,-0.477396,0.443910,0.545511,-0.526740,-1.190110,-1.122579,-1.090665,-1.051276
39.142564,0.407275,-0.415581,0.581445,-0.568631,-0.442518,0.411038,0.565222,-0.561917,0.375932,-0.340769,-0.593233,0.625000,-0.286539,0.248947,0.657480,-0.650877,-0.967313,-0.735155,-0.448089,-0.355532
39.414858,0.407275,-0.415581,0.581445,-0.568631,-0.254739,0.225315,0.662631,-0.667279,0.295719,-0.266895,-0.633680,0.663148,-0.177321,0.143103,0.692634,-0.684351,-0.364079,-0.490355,-0.128528,-0.028779
39.705410,0.407275,-0.415581,0.581445,-0.568631,-0.213957,0.185362,0.667223,-0.688968,0.247480,-0.229472,-0.649841,0.681031,-0.145166,0.109113,0.692504,-0.698183,-0.244188,-0.360250,-0.032932,0.052669
39.980225,0.407275,-0.415581,0.581445,-0.568631,-0.200054,0.171845,0.669576,-0.694346,0.228126,-0.206422,-0.647924,0.696809,-0.133313,0.099321,0.693112,-0.701398,-0.203939,-0.297616,-0.001869,0.095145
40.265692,0.407275,-0.415581,0.581445,-0.568631,-0.198051,0.171904,0.671854,-0.692703,0.226102,-0.206553,-0.652345,0.693297,-0.133330,0.097341,0.693209,-0.701576,-0.201034,-0.294455,0.000962,0.095718
40.540686,0.407275,-0.415581,0.581445,-0.568631,-0.197976,0.171856,0.673900,-0.690746,0.224132,-0.206720,-0.654675,0.691688,-0.133330,0.097341,0.693209,-0.701576,-0.200769,-0.291644,0.000962,0.095718
40.821263,0.407275,-0.415581,0.581445,-0.568631,-0.200090,0.169912,0.669783,-0.694611,0.226221,-0.206632,-0.648179,0.697130,-0.135333,0.097386,0.691014,-0.703349,-0.201118,-0.295174,-0.001954,0.098079
41.093058,0.407275,-0.415581,0.581445,-0.568631,-0.244385,0.211064,0.656306,-0.681902,0.234814,-0.214305,-0.644798,0.695105,-0.191312,0.153376,0.677931,-0.693027,-0.327524,-0.319469,-0.163821,0.026881
41.378378,0.407275,-0.415581,0.581445,-0.568631,-0.360006,0.316762,0.608084,-0.632686,0.405362,-0.363428,-0.570318,0.615093,-0.282808,0.241346,0.651496,-0.661305,-0.669786,-0.822531,-0.430784,-0.342809
41.651408,0.407275,-0.415581,0.581445,-0.568631,-0.486831,0.447475,0.525062,-0.535791,0.534378,-0.492149,-0.472415,0.499053,-0.438765,0.400114,0.570941,-0.566939,-1.115032,-1.297105,-0.941442,-0.922251
41.940148,0.407275,-0.415581,0.581445,-0.568631,-0.548259,0.512031,0.468530,-0.466601,0.585369,-0.544895,-0.415916,0.432950,-0.510262,0.474060,0.513767,-0.500943,-1.366842,-1.524195,-1.211228,-1.196024
42.215829,0.407275,-0.415581,0.581445,-0.568631,-0.581698,0.548577,0.428637,-0.420667,0.585369,-0.544895,-0.415916,0.432950,-0.537721,0.504810,0.484862,-0.470033,-1.523536,-1.524195,-1.329360,-1.323446
42.500379,0.407275,-0.415581,0.581445,-0.568631,-0.593495,0.562902,0.411508,-0.401954,0.615764,-0.574982,-0.374648,0.387129,-0.555181,0.521090,0.467292,-0.449308,-1.586321,-1.674077,-1.401512,-1.397068
42.779053,0.407275,-0.415581,0.581445,-0.568631,-0.595721,0.563193,0.409757,-0.400036,0.617985,-0.579005,-0.371152,0.380911,-0.555181,0.521090,0.467292,-0.449308,-1.592550,-1.690399,-1.401512,-1.397747
43.066158,0.407275,-0.415581,0.581445,-0.568631,-0.595721,0.563193,0.409757,-0.400036,0.617985,-0.579005,-0.371152,0.380911,-0.556587,0.520520,0.466769,-0.448772,-1.592550,-1.690399,-1.403355,-1.399655
43.341058,0.407275,-0.415581,0.581445,-0.568631,-0.595721,0.563193,0.409757,-0.400036,0.618465,-0.579482,-0.369437,0.381075,-0.556587,0.520520,0.466769,-0.448772,-1.592550,-1.693024,-1.403355,-1.399655
43.625791,0.407275,-0.415581,0.581445,-0.568631,-0.597943,0.563478,0.408000,-0.398111,0.618881,-0.579914,-0.369833,0.379354,-0.556470,0.522428,0.466775,-0.446690,-1.598780,-1.695196,-1.407318,-1.403779
43.889816,0.407275,-0.415581,0.581445,-0.568631,-0.592080,0.559416,0.415772,-0.404512,0.618881,-0.579914,-0.369833,0.379354,-0.546979,0.512413,0.478686,-0.457282,-1.574376,-1.695196,-1.365209,-1.362406
44.178575,0.407275,-0.415581,0.581445,-0.568631,-0.496324,0.463112,0.521489,-0.516952,0.536367,-0.497828,-0.472822,0.490832,-0.479986,0.440494,0.545716,-0.527041,-1.162669,-1.312440,-1.089172,-1.039127
44.453564,0.407275,-0.415581,0.581445,-0.568631,-0.377600,0.336246,0.604545,-0.615534,0.379948,-0.340550,-0.589080,0.626618,-0.298632,0.259181,0.652100,-0.646846,-0.729728,-0.741636,-0.482322,-0.386778
44.753205,0.407275,-0.415581,0.581445,-0.568631,-0.262511,0.228889,0.657714,-0.667915,0.300099,-0.270813,-0.630009,0.663091,-0.183337,0.147187,0.688555,-0.686015,-0.381206,-0.503316,-0.143181,-0.025365
45.012456,0.407275,-0.415581,0.581445,-0.568631,-0.214076,0.183488,0.665396,-0.691196,0.253268,-0.226993,-0.645143,0.684193,-0.145345,0.109320,0.691465,-0.699142,-0.241658,-0.365391,-0.033487,0.063717
45.301143,0.407275,-0.415581,0.581445,-0.568631,-0.203980,0.171677,0.667062,-0.695664,0.232273,-0.208217,-0.646025,0.696668,-0.141328,0.103338,0.691173,-0.701162,-0.209454,-0.306478,-0.019099,0.084173
45.573614,0.407275,-0.415581,0.581445,-0.568631,-0.201983,0.171738,0.669348,-0.694034,0.226142,-0.204691,-0.650534,0.695533,-0.137406,0.101428,0.691630,-0.701769,-0.206569,-0.291892,-0.010748,0.095157
45.861575,0.407275,-0.415581,0.581445,-0.568631,-0.199981,0.171798,0.671627,-0.692394,0.226082,-0.204651,-0.652615,0.693613,-0.137257,0.099254,0.692768,-0.700986,-0.203674,-0.291543,-0.007396,0.098295
46.132304,0.407275,-0.415581,0.581445,-0.568631,-0.201910,0.171692,0.671398,-0.692083,0.226142,-0.204691,-0.650534,0.695533,-0.137424,0.099448,0.691730,-0.701951,-0.206310,-0.291892,-0.007913,0.098302
46.421596,0.407275,-0.415581,0.581445,-0.568631,-0.206157,0.173793,0.665521,-0.695973,0.228107,-0.204520,-0.648192,0.697127,-0.141357,0.103414,0.689145,-0.703137,-0.215805,-0.294691,-0.019254,0.080664
46.700437,0.407275,-0.415581,0.581445,-0.568631,-0.293027,0.252805,0.642935,-0.660953,0.297859,-0.263080,-0.627789,0.669291,-0.239080,0.199229,0.668810,-0.675160,-0.464031,-0.488175,-0.301617,-0.091464
46.979450,0.407275,-0.415581,0.581445,-0.568631,-0.326171,0.283420,0.627892,-0.647331,0.431076,-0.388613,-0.556689,0.594349,-0.328459,0.287490,0.634677,-0.637690,-0.562882,-0.909203,-0.572682,-0.521646
47.258277,0.407275,-0.415581,0.581445,-0.568631,-0.498621,0.457466,0.521829,-0.519419,0.529625,-0.483944,-0.479573,0.505277,-0.450119,0.411805,0.562648,-0.557886,-1.156284,-1.270590,-0.982238,-0.926472
47.546116,0.407275,-0.415581,0.581445,-0.568631,-0.531649,0.493104,0.490911,-0.482912,0.594875,-0.547842,-0.405951,0.425672,-0.517160,0.483320,0.505126,-0.493756,-1.292456,-1.554143,-1.243267,-1.232130
47.815846,0.407275,-0.415581,0.581445,-0.568631,-0.580091,0.544929,0.434887,-0.421213,0.607726,-0.565595,-0.387918,0.400363,-0.535424,0.500353,0.488363,-0.473783,-1.511318,-1.629163,-1.315285,-1.307231
48.098371,0.407275,-0.415581,0.581445,-0.568631,-0.592010,0.559372,0.417820,-0.402559,0.613716,-0.573083,-0.378503,0.389439,-0.554226,0.520088,0.468409,-0.450483,-1.574179,-1.663686,-1.397250,-1.392611
48.378025,0.407275,-0.415581,0.581445,-0.568631,-0.594248,0.559672,0.416077,-0.400645,0.615962,-0.577130,-0.375023,0.383236,-0.556587,0.520520,0.466769,-0.448772,-1.580401,-1.680015,-1.403355,-1.399655
48.659971,0.407275,-0.415581,0.581445,-0.568631,-0.594248,0.559672,0.416077,-0.400645,0.615962,-0.577130,-0.375023,0.383236,-0.557052,0.520983,0.467217,-0.447189,-1.580401,-1.680015,-1.405445,-1.401803
48.938662,0.407275,-0.415581,0.581445,-0.568631,-0.594084,0.561525,0.413983,-0.400465,0.617089,-0.576331,-0.373744,0.383874,-0.557052,0.520983,0.467217,-0.447189,-1.584475,-1.681009,-1.405445,-1.401803
49.230696,0.407275,-0.415581,0.581445,-0.568631,-0.595403,0.560838,0.413522,-0.399945,0.617089,-0.576331,-0.373744,0.383874,-0.557052,0.520983,0.467217,-0.447189,-1.586051,-1.681009,-1.405445,-1.401803
49.493730,0.407275,-0.415581,0.581445,-0.568631,-0.594084,0.561525,0.413983,-0.400465,0.616604,-0.575851,-0.375454,0.383705,-0.551204,0.514849,0.472995,-0.455390,-1.584475,-1.678392,-1.379384,-1.376089
49.781789,0.407275,-0.415581,0.581445,-0.568631,-0.492016,0.460878,0.527328,-0.517142,0.532368,-0.499943,-0.476890,0.489098,-0.483207,0.449953,0.539573,-0.522412,-1.150136,-1.308240,-1.112826,-1.104663
50.054768,0.407275,-0.415581,0.581445,-0.568631,-0.404084,0.374625,0.590982,-0.589163,0.384853,-0.354527,-0.586094,0.618620,-0.328033,0.290995,0.638067,-0.632919,-0.837631,-0.772699,-0.577535,-0.482460
50.346868,0.407275,-0.415581,0.581445,-0.568631,-0.377851,0.344514,0.605335,-0.610007,0.277066,-0.257810,-0.640993,0.667754,-0.205211,0.169118,0.682557,-0.680738,-0.743650,-0.447810,-0.207151,-0.112437
50.616001,0.407275,-0.415581,0.581445,-0.568631,-0.216359,0.187745,0.666601,-0.688174,0.245374,-0.231317,-0.646786,0.684070,-0.153287,0.117267,0.689189,-0.698406,-0.251245,-0.360240,-0.056361,0.038079
50.905181,0.407275,-0.415581,0.581445,-0.568631,-0.193943,0.165866,0.668930,-0.698145,0.217714,-0.202784,-0.648851,0.700336,-0.133360,0.097418,0.691184,-0.703554,-0.186342,-0.277138,0.000803,0.075132
51.172925,0.407275,-0.415581,0.581445,-0.568631,-0.191938,0.165922,0.671204,-0.696502,0.215745,-0.202951,-0.651179,0.698735,-0.133360,0.097418,0.691184,-0.703554,-0.183433,-0.274303,0.000803,0.086741
51.463075,0.407275,-0.415581,0.581445,-0.568631,-0.193872,0.165820,0.670986,-0.696201,0.215745,-0.202951,-0.651179,0.698735,-0.133360,0.097418,0.691184,-0.703554,-0.186070,-0.274303,0.000803,0.084163
51.738514,0.407275,-0.415581,0.581445,-0.568631,-0.195771,0.167652,0.670564,-0.695637,0.217966,-0.203061,-0.649835,0.699264,-0.137316,0.099408,0.688716,-0.704935,-0.191527,-0.277799,-0.007705,0.081258
52.028598,0.407275,-0.415581,0.581445,-0.568631,-0.195771,0.167652,0.670564,-0.695637,0.217966,-0.203061,-0.649835,0.699264,-0.137316,0.099408,0.688716,-0.704935,-0.191527,-0.277799,-0.007705,0.081258
52.292753,0.407275,-0.415581,0.581445,-0.568631,-0.230518,0.199571,0.663067,-0.683649,0.239258,-0.223945,-0.642695,0.692494,-0.177329,0.141361,0.681735,-0.695564,-0.289662,-0.340696,-0.126006,0.052427
52.588750,0.407275,-0.415581,0.581445,-0.568631,-0.346118,0.305109,0.620455,-0.634150,0.390872,-0.356095,-0.579795,0.619881,-0.280950,0.241481,0.651851,-0.661698,-0.628607,-0.785716,-0.428177,-0.397883
52.861939,0.407275,-0.415581,0.581445,-0.568631,-0.456289,0.416755,0.553063,-0.558782,0.494506,-0.459554,-0.507233,0.535713,-0.423624,0.384554,0.581437,-0.578439,-1.002214,-1.153343,-0.888023,-0.864482
53.141272,0.407275,-0.415581,0.581445,-0.568631,-0.481258,0.441947,0.535657,-0.534925,0.580277,-0.540144,-0.424936,0.436980,-0.506308,0.472053,0.513613,-0.506970,-1.094033,-1.500951,-1.199434,-1.190378
53.414418,0.407275,-0.415581,0.581445,-0.568631,-0.580595,0.545452,0.433253,-0.421525,0.597286,-0.559759,-0.400987,0.411253,-0.537743,0.504879,0.482839,-0.472013,-1.513684,-1.588291,-1.329476,-1.324320
53.733932,0.407275,-0.415581,0.581445,-0.568631,-0.590142,0.555385,0.421686,-0.406770,0.609857,-0.571458,-0.384469,0.392037,-0.548772,0.516466,0.470594,-0.458971,-1.559998,-1.649299,-1.377464,-1.372915
53.988215,0.407275,-0.415581,0.581445,-0.568631,-0.594504,0.561993,0.414363,-0.398787,0.615962,-0.577130,-0.375023,0.383236,-0.552839,0.520724,0.466911,-0.453000,-1.586705,-1.680015,-1.395501,-1.392862
54.268448,0.407275,-0.415581,0.581445,-0.568631,-0.594504,0.561993,0.414363,-0.398787,0.615962,-0.577130,-0.375023,0.383236,-0.554624,0.522605,0.464830,-0.450787,-1.586705,-1.680015,-1.403487,-1.400733
54.539930,0.407275,-0.415581,0.581445,-0.568631,-0.586267,0.553394,0.425565,-0.411023,0.602860,-0.562960,-0.395089,0.404401,-0.544154,0.511564,0.477803,-0.462497,-1.545887,-1.610083,-1.357183,-1.353557
54.832953,0.407275,-0.415581,0.581445,-0.568631,-0.565998,0.534405,0.449935,-0.437740,0.532255,-0.494086,-0.478709,0.493377,-0.424585,0.387479,0.584179,-0.572995,-1.454822,-1.296068,-0.894785,-0.865660
55.092016,0.407275,-0.415581,0.581445,-0.568631,-0.333459,0.298579,0.627032,-0.637562,0.377736,-0.340454,-0.590745,0.626439,-0.254663,0.218849,0.666432,-0.665673,-0.598134,-0.737774,-0.354225,-0.427633
55.390093,0.407275,-0.415581,0.581445,-0.568631,-0.238488,0.211338,0.663286,-0.677134,0.274744,-0.251893,-0.638354,0.673476,-0.222915,0.186924,0.675956,-0.677091,-0.318950,-0.435545,-0.259417,-0.071842
55.655896,0.407275,-0.415581,0.581445,-0.568631,-0.210101,0.179610,0.665365,-0.693461,0.236438,-0.213797,-0.643561,0.695857,-0.149441,0.113479,0.687787,-0.701241,-0.230146,-0.321175,-0.045378,0.046532
55.949676,0.407275,-0.415581,0.581445,-0.568631,-0.198053,0.167882,0.667192,-0.698173,0.223773,-0.204380,-0.646739,0.699916,-0.141357,0.103414,0.689145,-0.703137,-0.195309,-0.288438,-0.019254,0.069639
56.217018,0.407275,-0.415581,0.581445,-0.568631,-0.195875,0.165763,0.668711,-0.697841,0.221844,-0.202686,-0.647253,0.700548,-0.137316,0.099408,0.688716,-0.704935,-0.188969,-0.283071,-0.007705,0.080659
56.506457,0.407275,-0.415581,0.581445,-0.568631,-0.195875,0.165763,0.668711,-0.697841,0.221787,-0.202649,-0.649342,0.698641,-0.135362,0.097462,0.688984,-0.705322,-0.188969,-0.282699,-0.002111,0.080657
56.772251,0.407275,-0.415581,0.581445,-0.568631,-0.195875,0.165763,0.668711,-0.697841,0.221787,-0.202649,-0.649342,0.698641,-0.135362,0.097462,0.688984,-0.705322,-0.188969,-0.282699,-0.002111,0.080657
57.060612,0.407275,-0.415581,0.581445,-0.568631,-0.195875,0.165763,0.668711,-0.697841,0.221787,-0.202649,-0.649342,0.698641,-0.135362,0.097462,0.688984,-0.705322,-0.188969,-0.282699,-0.002111,0.081256
57.334158,0.407275,-0.415581,0.581445,-0.568631,-0.195875,0.165763,0.668711,-0.697841,0.222102,-0.202964,-0.648236,0.699476,-0.135362,0.097462,0.688984,-0.705322,-0.188969,-0.283745,-0.002111,0.080657
57.626891,0.407275,-0.415581,0.581445,-0.568631,-0.204050,0.171721,0.665002,-0.697602,0.223751,-0.202479,-0.647003,0.700232,-0.159362,0.119405,0.685386,-0.700423,-0.209722,-0.285508,-0.068168,0.005856
57.894154,0.407275,-0.415581,0.581445,-0.568631,-0.316248,0.275617,0.629666,-0.653868,0.317152,-0.284148,-0.616557,0.662217,-0.267202,0.231636,0.656137,-0.666658,-0.535321,-0.551163,-0.392427,-0.227172
58.187851,0.407275,-0.415581,0.581445,-0.568631,-0.434153,0.394551,0.567712,-0.577533,0.448328,-0.411887,-0.544173,0.577259,-0.353956,0.319492,0.618958,-0.624124,-0.923741,-0.980298,-0.664096,-0.599717
58.455459,0.407275,-0.415581,0.581445,-0.568631,-0.502287,0.461156,0.517618,-0.516830,0.548821,-0.505390,-0.459587,0.481826,-0.447948,0.409616,0.562253,-0.561630,-1.170459,-1.354737,-0.974471,-0.960904
58.743164,0.407275,-0.415581,0.581445,-0.568631,-0.566070,0.526309,0.451526,-0.445744,0.589495,-0.544872,-0.414321,0.428891,-0.523496,0.489961,0.497791,-0.487950,-1.436882,-1.533863,-1.269386,-1.263937
59.020986,0.407275,-0.415581,0.581445,-0.568631,-0.586046,0.551086,0.425198,-0.414801,0.611427,-0.568997,-0.381955,0.395613,-0.547894,0.515496,0.473581,-0.458036,-1.539811,-1.647369,-1.373573,-1.370209
59.309896,0.407275,-0.415581,0.581445,-0.568631,-0.591813,0.557086,0.417475,-0.406358,0.617089,-0.576331,-0.373744,0.383874,-0.555089,0.523072,0.465278,-0.449208,-1.568088,-1.681009,-1.405570,-1.402723
59.577050,0.407275,-0.415581,0.581445,-0.568631,-0.593826,0.559203,0.415694,-0.402319,0.619915,-0.576939,-0.371161,0.380902,-0.556587,0.520520,0.466769,-0.448772,-1.578179,-1.690157,-1.403355,-1.400712
59.870121,0.407275,-0.415581,0.581445,-0.568631,-0.593826,0.559203,0.415694,-0.402319,0.619915,-0.576939,-0.371161,0.380902,-0.556587,0.520520,0.466769,-0.448772,-1.578179,-1.690157,-1.403355,-1.400712
