0.000000,-21.536249,36.672122,7.655495,39.042582,28.024856,20.079898,53.481937,6.916727,10.101879,52.567274,-4.713670,51.335907
0.354819,-21.813118,39.000361,10.974263,38.522212,28.843742,23.668755,27.632275,6.744041,7.432168,54.975562,-2.063742,55.861280
0.626228,-34.762220,52.546385,8.152660,40.758457,29.332761,20.915344,9.706588,11.033894,-1.407629,48.219849,-6.201068,33.228443
0.835885,-35.406512,64.340797,12.560172,45.460267,31.186622,16.053944,47.221017,9.898811,-0.905593,37.615604,-10.265453,31.410274
1.043679,-34.634888,63.670521,12.454410,44.519544,30.682657,17.175591,53.727940,9.391074,-0.815043,37.263690,-9.707135,30.634184
1.283677,-34.522395,63.486432,12.461671,43.473612,30.531384,17.659426,59.001020,9.343822,0.272627,37.227684,-10.914076,27.590815
1.490660,-34.449569,63.436954,13.030430,43.516822,30.443485,17.934895,57.696975,9.275625,-0.841038,37.019390,-11.322316,25.015001
1.687278,-34.288038,63.183898,13.458434,43.621801,30.044979,17.499925,54.371296,9.292462,-0.727370,36.844276,-11.549318,24.462534
1.909690,-34.310523,63.036973,13.598716,43.707792,29.936268,17.490002,52.066490,8.987268,1.695526,37.752806,-10.255176,26.766650
2.105223,-34.034324,63.038971,13.547473,43.373932,30.456396,17.810758,52.635696,8.624379,0.851018,37.716497,-10.410629,25.729414
2.315178,-35.563676,61.473571,13.046874,43.139199,29.814171,17.860525,41.580683,9.810758,3.819402,33.796962,-11.482725,18.376999
2.517876,-33.816236,51.461848,11.706438,41.757514,29.686551,19.240616,-17.751169,14.346594,6.861133,34.638562,-5.414142,6.747076
2.721067,-31.357543,19.430593,9.213197,27.666767,18.273192,6.073131,-61.033505,22.934499,2.884975,23.548270,7.439203,3.960641
2.909992,-5.268997,12.965660,5.145262,20.740326,14.390597,8.753899,-43.892209,16.309780,7.704525,23.856204,8.785529,12.551254
3.119833,1.775008,13.949182,6.671277,23.525690,17.302776,9.468447,-41.880131,14.268073,3.276792,21.847937,6.880545,9.664636
3.333524,1.034851,13.757504,6.493293,23.949254,16.625809,8.917045,-41.880131,14.268073,3.276792,23.551508,6.931469,8.977807
3.525703,-5.340720,15.030885,6.082678,23.997445,18.030829,9.704926,-36.250174,16.295733,2.420265,47.722170,10.598147,5.351366
3.730808,-19.944426,16.788492,12.944810,25.598471,13.884502,3.479473,119.975378,21.866886,88.217745,79.457114,17.243923,-26.395025
3.926532,-15.738566,15.953626,9.320898,21.984724,15.157373,11.987848,139.397580,17.757160,84.218366,80.413948,20.025964,-79.734617
4.133655,-21.733866,10.271946,-15.100968,11.817367,29.285774,50.093638,141.597406,21.520887,80.664539,74.645490,15.825842,-72.859424
4.352942,7.339862,17.722733,2.540594,26.220928,9.522415,-22.270031,99.070090,13.435893,67.492097,71.648248,14.762921,-29.315967
4.561222,-18.914797,19.788732,1.088867,27.420763,23.697933,-3.268599,-25.394057,22.497423,1.852539,14.755657,9.367262,2.406901
4.763838,-3.903798,13.094104,8.836096,22.560932,15.610590,0.863711,-29.569045,10.105234,1.922319,18.546419,7.912752,-1.893415
4.971177,0.639223,14.375451,9.840955,23.898124,14.869645,-1.223274,-45.590652,10.526591,4.226340,23.429171,7.014331,-8.678667
5.183655,1.278739,14.463479,4.869201,23.195213,17.103912,3.137148,-29.357663,8.919570,4.609235,20.460288,7.567645,-9.954589
5.385170,0.683938,14.044419,4.366482,22.527658,18.046485,3.745507,-28.499846,9.545974,5.227068,19.708559,6.477942,-11.951517
5.593932,-1.390737,11.834183,5.199232,23.022884,15.897836,2.203262,-26.318911,9.545951,7.408469,19.787571,4.086259,-11.394148
5.793131,0.717683,11.478624,5.994406,22.695384,15.353135,1.942802,-28.423633,9.545909,5.303105,19.764418,4.304825,-10.365275
5.988983,1.444748,11.620544,7.507663,22.962000,14.958592,1.091498,-29.953162,9.635875,3.110642,19.597269,5.315029,-8.231759
6.196873,-0.971704,12.722093,6.108430,23.319445,16.294218,2.308434,-29.053510,11.134386,3.540443,20.038590,6.597989,-8.765977
6.410361,-1.331975,12.398795,5.763823,23.040778,16.245813,2.432073,-31.505205,11.220737,3.396430,20.309568,6.363902,-9.036113
6.610682,-2.990975,12.247827,5.697768,23.373247,16.256434,2.475911,-31.262628,11.220749,3.639093,20.367143,6.209261,-9.365103
6.805915,-2.265225,12.230285,5.675954,23.208772,16.276066,2.510554,-31.481319,11.189392,3.315708,20.349461,6.273419,-9.046537
7.012336,-2.990975,12.247827,5.697768,23.373247,16.256434,2.475911,-31.262628,11.220749,3.639093,20.197873,6.289805,-8.653761
7.225666,-4.141496,12.428214,6.081188,23.515692,16.371253,2.511641,-33.130946,11.547917,4.070581,20.446337,6.334630,-8.473341
7.423844,-4.383848,12.428213,5.838933,23.358740,16.130692,2.975258,-32.888769,11.547930,4.312840,20.446337,6.334630,-8.473341
7.627019,-4.577236,12.586734,5.540061,23.354978,16.428943,3.514528,-31.981233,11.214906,4.307014,20.064858,6.185732,-8.717386
7.817841,-0.931150,12.423201,6.648444,22.644405,15.838718,3.448948,-25.812272,10.697338,6.800233,19.085101,5.650348,-10.592678
8.022877,10.832501,12.381354,9.865790,24.052159,14.127075,3.277353,14.470529,11.485540,13.465784,14.003066,5.333977,-15.198295
8.228048,63.985521,32.966350,17.891180,21.912259,13.678676,-6.905065,58.983886,30.480836,21.936058,17.235328,1.223718,-24.981613
8.463447,75.273979,57.008228,22.512042,25.980054,9.777627,-14.636667,70.891778,58.596684,29.454481,17.515678,-1.046599,-31.147889
8.657229,82.271597,79.119151,30.663453,17.667065,9.489116,-18.601647,77.502730,76.850800,35.903531,13.729410,-3.976380,-32.676851
8.857436,85.393867,90.431182,33.737704,23.339917,5.192751,-18.089713,80.815499,89.365670,40.862964,10.816898,-5.054898,-33.700626
9.046768,88.003052,98.527458,38.141706,23.660768,3.984234,-19.230210,82.678713,96.115982,45.352851,9.905076,-5.055933,-33.654562
9.244603,89.007960,101.771502,39.989053,24.052836,3.618277,-19.594617,83.506489,100.241040,47.769368,9.317179,-5.026827,-33.556420
9.440035,88.591106,101.937277,38.492168,22.679361,3.778807,-18.797708,82.364660,100.801601,45.711997,7.932251,-5.450433,-33.113711
9.633669,88.116734,102.175680,37.592753,22.486760,3.568769,-19.148433,82.519410,100.626057,46.784033,8.359976,-5.324510,-33.591417
9.828083,88.563958,102.085120,38.282208,22.030397,3.674766,-19.211339,81.813380,99.992686,45.599270,8.182502,-5.261013,-32.375474
10.025152,88.359417,102.150899,38.273038,22.155487,3.936542,-19.029241,81.295799,99.956021,45.002606,8.434440,-5.024112,-32.206780
10.216826,88.609767,101.846198,38.751857,21.676100,4.188902,-18.916025,81.017315,99.545808,44.779835,8.549878,-5.000935,-32.406022
10.416568,88.574689,101.340253,38.713443,21.889771,4.267152,-18.895594,80.625409,99.124055,44.923090,8.667842,-4.938548,-31.953336
10.628405,88.611278,101.138584,38.519615,21.448490,4.556769,-18.781301,79.893805,98.772481,43.647013,8.945906,-4.803630,-31.455314
10.821051,88.711074,100.837764,38.330473,21.035837,4.720531,-18.447081,79.802643,98.567405,43.586774,9.141174,-4.695762,-31.468965
11.027746,88.648891,100.623626,38.256274,21.183532,4.855865,-18.484724,79.787749,98.567416,43.571875,9.097230,-4.517732,-30.603651
11.224257,88.693887,100.420737,38.071477,21.130127,4.749247,-18.401714,79.645945,98.536647,43.222500,9.071273,-4.723382,-30.725335
11.417602,88.835277,100.128681,38.220969,21.160238,4.625032,-18.520878,79.572527,98.393358,43.595066,9.292650,-4.681169,-30.647131
11.629693,87.717774,99.774387,37.430597,21.349608,4.737208,-18.397931,77.447573,97.844382,42.425140,9.712322,-4.242517,-29.467033
11.839487,84.520585,99.595940,34.533532,21.277065,5.292346,-18.094262,73.406873,97.470205,38.057764,8.869672,-4.805379,-29.336116
12.036663,76.142322,98.085435,25.688855,22.829612,6.757320,-16.023098,61.830373,96.824439,28.871066,10.600320,-3.801871,-28.737386
12.230009,64.034328,98.287345,16.274054,24.653233,7.914152,-16.461432,46.085950,97.545799,17.006411,9.075202,-4.061056,-27.669596
12.425159,46.701479,98.579472,3.870543,27.304272,8.933531,-16.667748,34.511826,97.573567,7.472989,9.398895,-4.379657,-26.681467
12.635600,27.740699,97.354289,-6.395780,29.842308,8.724932,-14.770618,6.745213,96.640502,-14.056816,14.310216,-2.355038,-25.504645
12.830321,8.921884,95.388326,-21.508710,29.716324,8.446384,-11.394706,-2.378254,95.526178,-21.544408,7.283842,-3.559629,-20.112334
13.028197,-3.498011,94.907258,-27.781164,20.410958,8.169029,7.258777,-22.348553,93.820193,-35.882777,10.879848,-2.248205,-13.619990
13.226699,-13.517430,93.024944,-35.151413,15.914150,7.448641,8.351041,-28.719843,91.774747,-42.156192,8.365326,-1.857302,-8.500317
13.425809,-14.351561,92.643529,-35.737360,14.836720,7.935702,8.094426,-28.190427,90.283498,-41.156250,9.563680,-2.461848,-9.364841
13.621739,-13.978598,91.103379,-36.495291,16.528367,6.186016,8.370137,-26.985954,90.190809,-40.050188,9.591033,-2.337626,-10.346201
13.829221,-13.841839,91.021406,-36.262725,16.394074,6.214792,8.458447,-26.457937,89.306709,-39.721771,9.601594,-2.244393,-10.075675
14.031884,-12.846511,90.339318,-35.449200,16.279026,6.292604,8.875087,-25.538053,88.503326,-39.180336,9.983603,-2.725722,-10.309259
14.220717,-12.323949,90.129041,-34.783349,15.994096,6.280846,9.102464,-24.522367,88.756378,-37.942105,9.428883,-2.568851,-11.239768
14.408884,-12.041260,90.485369,-33.852550,15.711191,6.332078,9.566279,-24.258100,88.675371,-37.011266,9.716472,-2.950482,-11.220221
14.604383,-11.908037,90.485363,-33.719337,16.106373,6.164374,9.887927,-24.391323,88.675370,-37.144500,9.558148,-2.710608,-10.860187
14.789012,-11.511397,91.373167,-32.792068,15.301088,6.605812,13.171373,-24.061345,88.422400,-36.411372,9.393296,-2.310843,-8.418428
14.983544,-10.558658,91.349124,-31.345649,10.985115,9.424331,39.152671,-23.476947,87.873690,-35.555216,7.939131,-2.168807,9.268726
15.184015,-9.400616,90.473382,-29.254419,5.704545,8.953320,57.204794,-22.506458,86.600200,-34.706126,3.664532,-2.334783,26.951743
15.375927,-9.221009,90.506384,-29.303936,6.036713,9.071542,54.078752,-22.258928,86.937443,-34.298633,3.577419,-2.766303,24.522318
15.568230,-9.008579,90.645388,-28.964122,6.221393,8.827699,51.725958,-22.372709,86.805765,-34.120826,3.597128,-2.572021,22.463319
15.765227,-8.673700,90.772983,-28.768081,6.261793,8.965351,51.166755,-22.313290,86.472074,-34.414760,3.811420,-2.781396,21.481748
15.952730,-8.407127,90.589305,-28.497393,6.152080,8.878299,50.655011,-22.225770,86.552401,-34.496093,3.547886,-2.702661,20.804412
16.142427,-8.220231,90.717490,-28.449154,6.273219,8.894670,50.258773,-22.510467,86.303440,-34.692122,3.726108,-2.718720,20.625166
16.330889,-7.957160,90.672262,-28.054091,6.127305,9.048313,50.261847,-22.320882,86.604617,-34.713406,3.908729,-2.598723,19.905821
16.532454,-7.815683,90.581810,-27.819219,6.068354,8.880399,49.869806,-22.066455,86.430483,-34.389382,3.658667,-2.747998,19.521358
16.734981,-7.905684,90.443550,-28.037949,6.178917,8.795633,50.009213,-21.819427,86.389842,-34.364018,3.951778,-2.810627,19.534205
16.949395,-7.874225,90.222031,-27.958828,6.204918,8.888902,49.595335,-21.907292,86.308930,-34.283074,3.970876,-2.578337,19.456577
17.171695,-7.701507,89.878832,-28.631058,6.531859,8.908863,45.382169,-21.907292,86.308930,-34.283074,4.311833,-2.572551,19.774052
17.372315,-7.896208,88.974275,-30.551264,8.229117,7.746760,33.233571,-21.907292,86.308930,-34.283074,4.861664,-2.582297,15.866202
17.567593,-7.718384,89.245382,-30.384943,7.880030,8.291681,35.800729,-21.907292,86.308930,-34.283074,5.320294,-3.236852,15.511252
17.756307,-7.448605,89.088095,-29.396406,7.905374,8.074828,35.437388,-21.907292,86.308930,-34.283074,4.995512,-3.043609,16.417050
17.945171,-7.216499,88.548273,-29.066606,7.990811,7.950095,35.681015,-21.907292,86.308930,-34.283074,5.515129,-2.819467,14.761397
18.137633,-7.089190,88.460105,-29.030429,7.764364,8.079876,35.439235,-21.907292,86.308930,-34.283074,5.670774,-2.551843,15.155408
18.333660,-6.988002,88.000057,-29.192162,7.786459,8.029766,35.741993,-20.371292,85.709591,-34.472049,4.731979,-2.112087,16.451846
18.520030,-7.075115,86.782177,-29.468438,7.703283,8.260910,35.808354,-20.440212,84.082938,-34.975446,4.594712,-2.563424,16.288001
18.744266,-6.427959,84.675856,-28.039029,7.578786,7.230860,35.176535,-20.238883,81.916226,-35.124250,4.440213,-1.808074,15.813016
18.967295,-5.690176,74.788098,-25.564085,6.049917,11.331908,33.593762,-19.759839,72.713138,-34.701587,5.131321,-0.836208,14.606291
19.167771,-4.549545,60.288420,-23.926150,4.285840,19.997876,28.292908,-18.837660,56.650820,-34.961881,4.616079,3.644901,14.553046
19.373529,-0.740279,27.926269,-9.650178,8.929466,13.402516,12.165586,-20.387561,26.303060,-19.334739,7.939153,0.473478,7.979156
19.561653,4.506323,10.999304,3.874517,12.932431,5.406146,-0.890497,-20.338380,20.222008,-17.681650,10.590410,17.330376,7.776469
19.774060,7.768521,8.080293,1.542650,14.981796,6.368254,-0.300118,-21.409598,13.265875,-12.697759,11.045969,10.153423,2.183539
19.964484,4.578882,8.356580,2.386018,17.002582,7.085636,-0.770989,-31.603658,6.913773,2.665097,12.409723,0.543647,-9.908458
20.158251,0.097936,8.690789,4.497112,17.619930,6.690572,-1.019570,-24.489689,7.612371,3.741649,12.208767,1.081731,-8.938080
20.356737,1.605377,8.557690,4.999553,17.300301,6.394561,-1.093229,-23.242421,7.995291,3.215121,11.975318,1.620197,-8.441135
20.575571,5.997980,8.973990,6.944311,16.988012,6.048024,-1.136400,-23.529364,8.363496,2.828800,12.227060,1.991133,-7.558430
20.769621,6.395952,9.146143,7.638859,16.655510,5.895826,-0.963823,-23.382246,8.492238,2.437793,12.230676,2.164991,-7.412316
20.968106,6.139486,9.303028,7.447448,16.698268,6.171567,-0.408423,-21.686482,8.226164,2.648959,11.999173,2.100818,-7.663379
21.165613,5.924020,9.303033,7.231983,17.038745,6.030828,-0.301721,-20.728546,8.422351,3.332933,12.171532,2.516432,-6.593174
21.368345,6.131611,9.310516,7.554194,17.098880,6.152177,0.532245,-19.604325,8.382503,3.676571,12.173502,2.380972,-6.354063
21.595732,7.574520,9.355796,8.215419,17.066128,6.027225,0.701507,-19.297736,8.514928,3.500985,12.177622,2.555058,-6.208460
21.795719,5.709952,9.316111,8.331778,17.166429,6.044398,0.931092,-19.207269,8.547526,3.716723,12.223246,2.547740,-6.078282
21.993398,5.692493,9.480660,8.475189,17.428982,6.161489,0.923017,-18.997652,8.580094,4.052069,12.177833,2.513294,-6.598729
22.179886,7.629094,9.519767,8.465001,17.228833,6.154744,1.302364,-19.194094,8.547534,3.729965,12.381930,2.506650,-6.785328
22.383889,7.652041,9.512423,8.371179,17.192020,5.977380,1.436497,-19.925428,8.382499,3.355411,12.377794,2.360193,-6.608816
22.577931,7.330829,9.512420,8.050020,17.338201,6.095772,1.528987,-19.101135,8.547535,3.822905,12.381930,2.506650,-6.785328
22.796318,10.451006,9.608640,8.379660,17.242600,6.308529,1.950886,-17.906606,8.598508,3.313166,12.463799,2.730485,-6.102907
22.983686,17.860365,10.105507,7.501325,19.600347,6.237875,0.890055,-17.906606,8.598508,3.313166,12.259415,2.750365,-5.846789
23.185704,30.782215,12.196986,2.494584,25.458747,6.794964,-0.753826,-17.638712,8.732743,3.137492,12.512740,2.927486,-5.507224
23.380448,34.505652,13.825213,-1.397643,43.934979,8.183433,-4.011865,-17.744846,8.732734,3.031309,12.761429,2.944787,-5.060864
23.583466,34.399452,13.825203,-1.503824,67.433331,4.901833,-6.312140,-17.638712,8.732743,3.137492,12.668271,2.838559,-4.939220
23.774437,33.718951,14.460305,-12.651462,88.654546,15.045864,-3.443372,-17.193954,8.900220,3.283873,12.812937,3.099237,-5.039228
23.972962,30.680407,14.149917,-15.098463,101.360056,17.724754,-2.899831,-16.390876,9.133990,4.074987,12.676905,3.022384,-4.661678
24.173020,30.709823,15.047927,-18.165685,116.042384,19.124868,-3.547807,-17.335669,9.211853,4.315595,12.532148,3.065282,-3.335060
24.366225,31.401627,16.051070,-19.402484,123.552915,19.587493,-4.195834,-16.743570,9.309893,5.309056,12.876326,3.024418,-3.202469
24.554700,32.707199,16.737103,-19.933118,131.479022,19.679377,-4.498364,-14.273702,9.402586,5.787570,12.856816,3.176657,-3.043111
24.757664,32.549054,16.718902,-20.258769,135.028621,20.000133,-5.912311,-15.293416,9.443480,5.796627,13.028460,3.151658,-3.060804
24.945023,32.935617,16.860663,-20.280547,135.897884,20.109487,-6.667406,-15.293416,9.443480,5.796627,13.028460,3.151658,-3.060804
25.140684,33.473955,16.866256,-19.176278,132.990791,19.930863,-5.378440,-16.223812,9.509580,5.686262,13.180838,3.163770,-3.056931
25.338326,30.429191,15.725962,-13.692836,111.037132,17.999555,2.589443,-14.772982,9.233698,5.535402,13.148908,3.101625,-3.495184
25.565001,32.268344,14.015406,-7.712246,64.555577,14.283637,7.319884,-15.226116,8.999765,5.064454,13.144008,3.064362,-3.950053
25.763626,31.937249,14.099680,-6.568413,28.466233,12.841441,14.625575,-15.000112,9.135553,4.888526,13.149377,3.241114,-3.807558
25.960430,13.496053,9.498940,2.260602,18.026356,7.845333,13.046312,-16.559525,9.476982,5.214509,13.323706,3.368011,-3.686443
26.149066,13.791711,8.192608,6.993229,15.786395,6.260677,8.723087,-16.888889,9.342446,5.297908,13.362338,3.215575,-3.376915
26.346894,18.722923,8.942381,8.197958,15.830681,6.427315,9.556297,-17.286973,9.143122,5.056938,13.466897,3.034810,-4.038325
26.542983,17.401532,9.398103,7.782836,16.558290,7.123739,11.286586,0.434885,11.764607,-4.707349,30.125771,0.519033,-5.915774
26.738481,18.053195,9.783866,8.355870,17.358892,7.575906,12.722250,16.715187,16.493995,-15.762937,87.058953,1.307523,1.343270
26.936451,18.798462,10.097010,8.307130,17.456324,8.045740,13.903914,17.374953,19.458415,-18.843547,112.712888,5.754583,3.699754
27.151325,20.393974,10.757447,8.715123,17.710745,8.048063,14.475832,19.676775,19.997812,-19.441523,127.337955,9.093502,2.859810
27.349269,20.372539,10.921104,9.193910,17.761497,8.325773,14.129919,15.785292,19.091476,-20.230207,129.673293,10.375954,0.431620
27.541132,19.832254,10.879430,9.437382,17.676500,8.085409,14.181185,15.408182,19.254704,-20.302434,122.154158,8.547945,0.879652
27.737804,22.233263,10.689109,9.614808,17.758952,7.998820,13.964340,6.362081,17.082686,-21.390072,79.667532,7.969758,12.292782
27.931835,25.468143,10.720024,10.198155,17.727019,8.040367,13.579408,-2.899638,8.853414,-3.942969,16.981740,1.380631,3.817971
28.132932,19.754121,11.115121,12.034327,17.784644,7.981290,13.546457,-47.764612,8.440781,-0.946199,16.113496,1.490513,11.621318
28.325944,18.852281,10.710956,10.910287,17.747223,7.790069,13.296934,-24.416776,9.795765,-1.371359,16.873071,0.947614,1.783214
28.533980,18.325494,10.627672,10.838507,17.639442,7.863875,13.351583,-19.002596,9.693359,-1.144114,16.180167,2.127504,4.031245
28.732728,15.897066,11.007252,10.848466,17.794244,7.549243,13.210672,-17.842654,9.662864,-0.646838,16.208040,2.499798,4.682169
28.936829,16.615419,11.221802,11.026121,17.666669,7.779163,13.417025,-14.652213,10.248866,-0.052491,17.805499,3.939628,8.061332
29.126514,11.491840,10.371680,12.732638,18.087251,7.175229,11.642288,-13.202147,14.744008,10.169082,50.380865,17.109062,11.686001
29.321446,-22.477719,9.966994,14.121148,19.542496,5.681102,4.818982,91.650782,18.449402,81.655169,83.630792,20.685579,14.976570
29.512070,-17.194926,12.400135,23.196230,19.121389,6.524519,4.818010,105.326896,17.156883,81.551419,90.416733,20.619695,-13.294695
29.723577,-28.951699,10.250258,29.514746,19.000724,0.947290,-4.760850,101.419724,10.309932,85.589444,87.732453,20.962574,-62.010700
29.935675,-36.382858,10.724833,8.842711,18.778904,6.483544,10.649290,127.326938,8.476664,84.418824,85.789768,18.577223,-74.596571
30.160405,-54.046277,16.223308,-19.754931,18.767230,21.504448,34.193083,145.300962,8.895515,82.634182,79.583440,16.510178,-81.107580
30.359592,-54.522560,18.794212,-29.727082,23.473926,19.527615,18.337693,147.259847,12.974209,85.697205,73.289526,15.899766,-73.374038
30.564675,-30.748623,16.765005,-8.959250,22.643492,1.640576,-21.353633,103.332783,8.722302,79.567787,81.109078,25.035948,-52.460370
30.761224,-18.625797,14.766915,-6.317761,22.211514,-0.472136,-28.429939,136.513636,12.728709,89.489604,78.832100,28.104959,-89.372897
30.962998,-0.017751,18.309030,-2.401623,18.623246,2.738796,-31.470564,170.120312,13.656947,90.492441,74.597378,24.542810,-91.313336
31.173999,2.294117,17.040418,-19.082867,13.587743,11.554144,-5.496107,-179.633150,11.642951,-270.657668,75.691812,24.150210,-90.046618
31.375603,4.826842,11.891122,-12.863234,15.888301,8.812610,-12.005564,173.603358,10.462473,89.109347,77.218535,24.892883,-88.126652
31.568463,3.382693,13.140995,-3.115367,19.853697,7.432528,-24.908733,171.966552,10.753162,87.027111,75.365899,25.557886,-85.705183
31.762599,-7.304029,14.778189,-7.507381,21.214521,12.818324,-14.953252,6.166805,10.598651,64.682154,67.174938,17.916217,-34.095707
31.956879,-17.814207,16.793676,-8.132077,20.138780,18.726437,5.522673,-20.993028,22.694447,18.798615,39.077609,11.607408,1.720778
32.151904,-22.492581,16.057028,-6.400590,20.045065,20.326211,13.617232,-30.629473,18.020314,2.959359,18.140141,11.008550,-8.394038
32.348698,-26.449618,15.549229,-10.122326,21.123803,20.089404,14.676151,-33.732198,11.212370,3.795843,19.231936,7.131444,2.823272
32.541514,-16.618060,14.345276,-4.269165,19.323936,18.236318,9.945457,-29.035185,13.752063,5.013243,21.166455,8.875767,12.967401
32.747797,-20.465345,14.238443,-3.527567,20.222679,17.760356,9.105088,-23.330271,17.037861,10.039502,47.107684,21.701759,14.381256
32.946820,-24.872938,14.423645,4.358644,20.649680,15.829372,5.171512,105.188079,30.656994,80.081583,78.852403,26.406884,-14.096912
33.141296,-17.938688,10.868261,14.757337,18.451805,13.599489,5.597803,146.871199,34.263085,93.455409,61.047240,20.431065,-36.748079
33.345391,-20.062097,8.438514,13.641130,16.450196,12.429817,9.496873,147.854830,34.252915,94.168776,62.190949,20.002839,-35.901865
33.535690,-19.453150,8.768677,8.426876,15.087811,13.814918,15.026272,147.906265,35.060418,93.520176,63.322301,20.668293,-31.218116
33.734230,-8.003528,6.954753,17.127173,15.033724,9.963045,4.599821,139.938563,32.748279,88.027440,67.756231,21.093708,-21.865980
33.968178,-15.852214,10.463783,5.763094,19.461432,11.781445,3.880278,105.256245,28.506364,74.787701,78.836828,26.750916,-19.069955
34.170102,1.937688,13.246615,7.301448,18.868124,10.304964,-3.726212,106.588237,30.977242,78.622596,83.991320,28.410218,-24.584078
34.366279,-2.097660,14.319940,5.711870,18.276431,10.159854,-6.663342,108.535232,28.541067,76.233721,82.304296,29.742376,-24.584973
34.562962,-1.140666,15.972244,6.570656,18.769519,9.559548,-9.509880,110.761532,30.594411,81.120412,83.979769,30.585642,-25.262443
34.777514,-0.401276,16.238728,4.900609,18.260048,8.452963,-10.663695,111.616380,30.856924,83.158432,84.728274,29.582063,-32.291883
34.972181,-10.549368,17.631411,-1.620800,19.448526,12.732130,-1.556237,112.057110,30.022900,82.582290,87.558216,25.973301,-26.842427
35.179196,-24.704857,16.889463,-18.491710,17.979942,18.562015,20.699722,111.223804,26.812183,77.599371,87.987054,24.649658,-26.883981
35.379255,-24.704857,16.889463,-18.491710,17.407574,22.930558,27.817710,110.621710,23.826918,72.884786,87.524939,25.544833,-23.071787
35.572669,-24.704857,16.889463,-18.491710,21.411157,19.639614,15.316542,110.621710,23.826918,72.884786,84.459043,27.863189,-18.441868
35.769528,-24.704857,16.889463,-18.491710,22.842427,19.772795,10.248847,110.887679,23.714996,72.589314,69.056486,3.174577,-17.827300
35.964464,-24.704857,16.889463,-18.491710,20.373865,22.134813,18.451979,110.887679,23.714996,72.589314,14.676552,-15.884632,-30.284127
36.157385,-24.704857,16.889463,-18.491710,19.762577,23.097285,21.190062,110.887679,23.714996,72.589314,-20.181228,9.341623,-52.786985
36.355086,-24.704857,16.889463,-18.491710,19.392044,24.827160,23.742147,110.887679,23.714996,72.589314,-10.360588,-0.211074,-53.676790
36.551534,-23.082384,13.734358,-18.067321,17.677612,20.109585,20.475621,117.297094,23.714806,78.998203,51.535785,-6.212574,-10.468546
36.746338,-17.775736,12.314600,-12.250706,18.042614,17.965261,17.832015,120.684075,40.226567,89.086092,76.011315,21.266571,-24.355183
36.941409,-13.509798,11.250016,-10.973556,16.300766,17.328904,18.550961,127.094106,42.781476,93.292068,70.583540,20.901002,-23.688658
37.133752,-19.454080,11.014180,-12.159017,15.891088,17.683701,18.728232,127.660861,40.610467,90.073833,71.248586,21.375990,-17.135940
37.323919,-11.674881,9.549093,17.921689,20.149205,5.862751,-15.959579,120.982461,35.412421,84.933277,76.974643,24.021459,-13.409683
37.518997,4.817432,12.670950,41.903020,17.527195,-4.590585,-43.900006,112.367886,32.392125,81.492590,82.777579,25.195087,-10.618793
37.713029,2.506881,12.187958,26.703901,18.431855,-0.981643,-33.322100,115.114190,32.866123,81.882793,81.456348,23.769373,-7.472834
37.919407,-5.081261,10.742655,9.041924,19.739052,5.190905,-17.486140,111.757045,32.287280,78.014307,80.685273,25.310536,-17.955262
38.110289,-3.792653,11.029591,4.060327,21.317997,6.980927,-11.479344,92.140652,26.217601,62.064628,77.168852,15.308400,-15.808276
38.307467,-12.118947,12.964362,-0.119479,22.802458,13.294073,-1.276127,-2.968670,21.582518,11.942778,78.843434,28.641719,-0.540783
38.512184,-13.471754,14.160793,-0.599559,23.032997,14.028177,-0.738557,-27.939950,23.545910,-2.939767,23.105150,12.082958,4.474742
38.706536,-13.984272,14.329877,-1.466344,23.437610,14.578991,0.099247,-39.408375,20.500694,-6.639934,28.414061,12.524594,10.398417
38.904243,-15.374541,14.231495,-1.805950,23.210101,14.544498,0.085918,-32.847218,18.395281,-3.101429,33.267863,13.557881,8.153090
39.095958,-15.482396,14.213874,-1.858035,23.099403,15.288486,1.027833,-36.563627,17.389674,-3.031724,24.664261,9.594220,10.185855
39.283389,-15.458536,14.623213,-0.623189,23.197369,16.537394,3.643133,-39.623110,15.638675,-2.745727,19.969765,9.555845,8.921297
39.489190,-13.525843,13.702861,-1.251624,22.976171,16.925220,7.575112,-37.947886,12.480689,-0.009435,22.710354,8.340278,2.719520
39.685212,-10.412681,12.622194,-2.166165,22.755000,16.962539,10.777271,-36.312165,12.056188,0.467627,21.060913,7.097902,3.768865
39.877989,-11.527320,12.401979,-3.725790,23.019513,17.224806,10.726874,-22.822825,12.107833,2.113969,19.823424,8.161975,7.393568
40.074510,-11.435976,11.915087,-3.509266,22.544560,16.904658,11.005627,-24.756053,12.218129,1.417225,19.777704,7.791599,5.959104
40.271586,-12.462805,11.956322,-3.542617,22.675552,16.686527,10.978076,-25.851932,12.211768,1.957507,19.677100,7.695788,5.637560
40.506204,-12.090327,12.278451,-3.311954,22.720661,16.810417,11.131041,-27.641406,11.991188,1.397852,20.224850,7.452285,5.480097
40.694846,-12.051121,12.121066,-3.144356,22.844571,16.748781,11.107039,-27.641406,11.991188,1.397852,20.014410,7.708572,5.960033
40.889354,-11.959284,12.121069,-3.052510,22.961307,16.715968,11.452573,-27.184633,11.809376,1.829935,20.016565,7.320352,5.377807
41.088363,-11.998490,12.278453,-3.220108,22.945527,16.856801,11.289198,-26.978507,11.842745,2.151888,20.037942,7.508689,5.265965
41.278772,-11.835026,12.121061,-2.928253,22.716567,16.603756,11.032681,-29.248337,11.734234,2.046610,20.039252,7.067450,4.233807
41.474847,-11.998490,12.278453,-3.220108,22.848545,16.955651,11.204992,-28.808892,11.517626,2.371906,19.852320,6.814611,3.650972
41.683067,-12.259864,12.113700,-3.469990,22.917514,16.670361,11.061378,-26.612434,11.538363,2.942157,19.335364,6.859350,1.699580
41.878750,-12.222457,11.956321,-3.302369,22.913421,16.463287,10.963773,-26.902817,11.416023,3.117829,19.548876,6.656382,1.302560
42.078991,-10.523185,12.095751,-3.153759,22.763350,16.738614,10.854492,-22.276103,11.362232,3.416687,18.949084,6.679139,0.504342
42.271969,-2.460340,12.466725,-1.352678,22.385942,16.985461,11.086823,-19.366884,11.879970,3.797324,22.634356,7.635405,4.432806
42.469173,19.971755,15.405332,7.024463,29.391286,25.465039,37.933357,22.239424,15.736726,24.396028,59.449374,26.463264,15.276215
42.667621,52.936495,22.158486,23.173868,39.672682,34.553638,61.014888,97.751942,28.140645,58.817298,61.817968,21.709670,20.750614
42.863174,48.637321,22.047059,22.029727,41.799056,38.118061,63.901758,86.122626,25.754634,53.316389,66.848686,22.582622,34.407389
43.059564,46.238594,21.870993,21.799961,46.168410,38.661224,60.506168,82.420340,25.403320,50.013098,69.571673,22.757344,34.337144
43.266619,48.996186,22.188702,22.203836,45.157210,38.050326,60.163351,81.367197,26.101294,50.738592,69.947889,22.243010,36.496517
43.457386,51.865394,25.122632,23.954435,40.247447,48.517456,68.546495,81.082612,24.914715,48.364363,68.771587,20.208930,35.620414
43.656546,50.831011,23.865939,20.623540,44.573612,41.409794,30.117147,84.486045,25.938789,50.288462,59.965454,20.751310,12.650690
43.858983,66.080516,17.283352,29.740105,19.709861,17.126057,-9.789792,103.247685,25.141521,67.451274,43.670466,21.687485,7.919406
44.056606,68.826388,12.821050,27.834948,18.570410,12.676769,-10.361990,120.956907,26.051765,77.171529,40.082837,19.306089,-2.608556
44.248606,65.299348,11.242189,27.218556,20.121474,13.331461,-8.983805,126.686458,25.059611,77.129388,37.941107,18.180008,0.365334
44.448070,55.770183,11.506541,23.126843,19.941289,15.752005,-3.933345,129.577882,25.270459,77.603566,35.402550,15.243720,-0.545549
44.643613,59.371248,11.526057,25.361183,18.453304,14.037288,-6.547673,130.466336,25.754301,76.252020,34.298681,15.253364,-0.487590
44.839772,70.052610,10.983754,27.601180,16.286687,11.349730,-17.015119,132.532307,26.791007,78.269699,35.834831,17.399658,1.310355
45.035022,68.045903,10.960019,30.229770,16.528157,11.454031,-17.726186,133.565237,27.564703,79.826927,35.497062,17.675594,1.897693
45.238024,59.429645,11.241152,26.661354,17.584492,14.900262,-15.098242,131.081577,28.067645,78.991933,35.262381,17.699694,3.139980
45.432280,46.274723,12.566526,13.417506,19.092466,14.749285,-9.303417,101.563869,21.295975,60.495880,42.572438,18.205613,4.374518
45.627463,10.273006,12.669552,3.367842,19.887310,18.237397,-5.071723,10.201330,16.560910,20.202985,28.174012,9.310415,13.882267
45.824948,-6.191799,11.705809,-2.488004,20.064411,18.499108,-3.827802,-31.971042,15.469499,1.740069,6.711180,4.176897,-1.949461
46.028694,-7.395062,12.333357,-5.894731,21.130809,21.012224,0.818820,-32.867166,11.146170,3.884289,19.847900,6.031972,-5.276468
46.218452,-1.472136,11.575197,-0.668165,21.063827,17.952027,-3.687764,-16.563659,11.684538,3.886873,16.838954,7.563635,-3.313365
46.411155,-3.079424,10.481819,-5.553318,20.034198,17.617939,-0.981394,-8.992451,10.892694,10.259501,15.856227,5.578954,-9.258933
46.610481,-3.112923,10.787002,-6.553284,20.033188,17.616915,-0.178263,-13.643548,10.874642,10.282213,16.666580,5.222893,-9.265814
46.811452,4.318599,10.840925,0.250220,19.938430,17.417325,0.162123,-20.938363,10.789670,3.966320,17.337805,5.818358,-2.721472
47.009226,3.906910,10.676882,-0.363641,19.891339,17.584470,0.547891,-22.596463,11.116734,4.249961,17.815077,5.311061,-5.101480
47.235513,3.823624,11.160221,0.023180,20.450237,18.046294,3.313434,-23.713861,11.168980,3.666141,17.558726,5.626728,-1.735621
47.437277,6.497883,11.267433,0.346520,20.804761,18.116943,4.114932,-20.010780,11.179328,3.656441,18.361538,6.232504,-2.632061
47.630331,10.253845,11.583806,1.300164,22.000531,19.122162,4.682356,-13.547055,11.161973,2.640297,18.114768,5.827748,-4.467236
47.820851,109.081132,24.547632,50.016534,39.959306,32.358225,15.026675,18.773923,9.006996,13.127149,19.340163,4.842502,-4.538272
48.014019,141.253798,30.161375,68.626791,35.082754,33.067913,16.854852,23.834976,6.595778,23.761939,21.364162,5.965548,0.439610
48.211103,140.757467,30.859498,65.209025,28.725604,28.946165,17.896733,17.597501,6.156111,26.920630,22.507850,7.005803,5.147211
48.407451,143.747655,31.340090,66.952277,26.500329,28.113733,16.666429,20.669012,6.569808,31.284816,27.826732,1.731612,3.058777
48.611316,141.576756,28.821219,66.765860,31.455677,28.692246,11.929624,1.148983,7.735734,20.705250,28.886733,5.946558,7.542267
48.809884,140.772305,29.405109,66.513236,31.939018,28.373596,9.452642,1.148983,7.735734,20.705250,30.416955,6.479113,4.217911
49.009563,139.482858,29.341165,63.669258,31.055500,30.280085,11.715565,1.148983,7.735734,20.705250,30.994793,6.148625,15.286794
49.211495,133.392730,30.679986,58.228732,29.425085,34.336992,12.818912,1.148983,7.735734,20.705250,34.409973,13.274798,17.516631
49.409252,135.252142,30.052030,60.102399,34.256354,31.603082,13.963014,-11.979360,8.642370,21.669384,36.207065,11.205943,9.813187
49.614989,134.669071,28.323875,59.279688,35.157506,29.674711,4.285369,0.647003,8.876762,26.153488,36.435964,11.903880,3.991007
49.817700,132.648273,27.973796,59.821377,35.582206,29.389636,6.028408,13.013575,7.765062,29.386717,37.638466,8.345031,7.718394
50.024508,129.589768,29.603754,57.002734,34.290777,31.793566,12.820203,1.529325,8.242532,24.343864,36.974316,11.689927,14.115700
50.231376,115.623956,24.383369,49.317453,36.896870,29.176635,13.067208,-4.189444,9.055303,20.614199,36.129852,13.610663,14.572749
50.454644,4.584212,18.280966,12.223183,32.849317,27.173374,1.937183,-18.935435,11.957670,9.990968,17.418836,5.357375,-8.316760
50.654603,-20.745621,11.777182,-2.705750,21.494204,18.113281,-5.479137,-36.209497,12.794386,0.990944,20.009799,8.325851,-5.825549
50.851423,-7.216834,12.543647,0.228165,21.099859,17.042987,1.698392,-21.431685,10.164475,10.003546,19.928585,5.599550,-11.779638
51.051680,-5.879723,12.335058,-1.568509,20.152918,18.533919,9.418211,-20.137147,10.164474,11.298240,19.931198,6.172210,-11.953345
51.245669,-7.415793,12.329369,0.260107,20.806383,17.579744,6.087962,-23.935913,10.685962,7.457296,19.896895,7.214706,-6.786327
51.446069,-7.162870,12.157534,0.367856,20.692355,17.314004,6.445316,-24.639504,10.746987,6.043015,19.752279,7.440186,-5.888121
51.648286,-7.162870,12.157534,0.367856,20.660977,17.543737,7.601082,-24.430458,10.778841,6.366476,19.581421,7.266053,-4.994751
51.841765,-6.694935,12.494167,1.008400,21.076162,18.003034,7.449165,-25.565443,10.724607,6.551837,20.324234,6.012148,-25.301346
52.039591,-7.397215,12.508383,0.916758,21.447042,17.889695,6.737177,-24.440309,12.386983,2.356147,19.737381,6.598991,1.124600
52.238147,-6.500261,12.131622,0.160712,21.182932,17.916087,7.971568,-21.607856,12.763465,3.210538,19.842861,5.685808,-6.791528
52.447706,-5.694046,12.139997,0.181193,21.243129,17.977948,8.131191,-21.618404,12.858596,2.697833,18.520326,4.120702,-7.912819
52.642379,-5.694046,12.139997,0.181193,21.243129,17.977948,8.131191,-18.816888,14.267037,-0.453116,19.562113,6.657127,-0.239727
52.843299,-5.658035,12.132634,0.097068,21.054874,17.942588,8.376938,-21.346535,13.525410,2.374638,20.334983,4.561059,2.356171
53.040566,-6.068289,12.131611,0.592694,20.914777,17.903599,7.999831,-22.828708,12.907106,1.932737,21.305095,2.364576,-13.723374
53.238572,-6.653312,11.985354,0.735167,21.036520,17.855660,8.443412,-23.680958,13.391964,-2.718196,20.121268,5.507385,3.124431
53.443852,-7.590885,11.981799,0.592229,21.310154,17.786081,8.789700,-23.730864,13.356148,-2.903461,20.216784,6.325269,-1.750757
53.647959,-7.590885,11.981799,0.592229,21.524168,17.489024,8.513215,-23.730864,13.356148,-2.903461,21.328272,4.803903,-6.797890
53.869779,-7.590885,11.981799,0.592229,21.907307,17.577298,8.299965,-23.730864,13.356148,-2.903461,21.194823,2.921377,-1.080305
54.065341,-7.590885,11.981799,0.592229,21.907307,17.577298,8.299965,-23.730864,13.356148,-2.903461,22.366382,4.781442,9.928928
54.268348,-7.590885,11.981799,0.592229,21.655710,17.629361,8.587280,-23.730864,13.356148,-2.903461,23.308667,5.215749,2.907930
54.473103,-7.590885,11.981799,0.592229,21.655710,17.629361,8.587280,-23.730864,13.356148,-2.903461,22.430356,5.447596,0.610441
54.668771,-7.590885,11.981799,0.592229,21.540699,17.553990,8.774277,-23.730864,13.356148,-2.903461,22.329898,4.918466,0.019563
54.883386,-7.590885,11.981799,0.592229,21.655710,17.629361,8.587280,-23.730864,13.356148,-2.903461,21.865652,5.779371,18.642993
55.088515,-7.590885,11.981799,0.592229,21.753644,17.741670,9.643281,-23.730864,13.356148,-2.903461,21.666930,6.250147,13.606544
55.293370,-7.590885,11.981799,0.592229,21.724774,17.827856,10.090044,-23.730864,13.356148,-2.903461,21.991193,5.866745,13.818716
55.488684,-7.590885,11.981799,0.592229,21.765381,17.589365,8.934089,-23.730864,13.356148,-2.903461,21.463977,6.274472,12.020387
55.685402,-7.590885,11.981799,0.592229,21.737716,17.675846,9.380796,-23.730864,13.356148,-2.903461,19.823273,7.969699,8.243323
55.887863,-7.590885,11.981799,0.592229,21.623292,17.599936,9.568387,-23.730864,13.356148,-2.903461,19.446412,9.843953,6.516738
56.082252,-7.590885,11.981799,0.592229,21.613493,17.267795,9.131766,-23.730864,13.356148,-2.903461,19.243050,9.594604,6.591463
56.287184,-7.590885,11.981799,0.592229,22.392852,16.866438,7.123369,-23.730864,13.356148,-2.903461,19.199277,9.278311,8.252878
56.480486,-7.590885,11.981799,0.592229,32.727573,12.201810,-3.886639,-23.730864,13.356148,-2.903461,18.842361,9.357041,10.992118
56.680091,-6.288863,11.981786,1.893572,85.786650,1.617326,-1.580599,-25.031685,13.356086,-4.204833,18.842798,9.601061,15.019129
56.882302,16.429716,12.675410,-33.425048,121.266610,32.856178,-10.683711,-22.572279,11.977198,1.880935,18.292878,6.736479,10.426933
57.079510,21.512856,11.314744,-32.627710,121.664259,33.561635,-10.829164,-20.513695,12.277249,2.455072,18.196648,6.513676,10.493407
57.277717,26.136632,11.340483,-32.318560,123.144642,33.494209,-10.712126,-20.023012,12.786008,2.921020,18.106952,6.564806,11.702801
57.481464,27.563440,11.524648,-31.743590,122.841498,33.819011,-11.552367,-21.075987,12.903277,2.010250,17.986108,6.886506,11.910830
57.683227,26.772136,11.524629,-32.534726,123.091935,34.768533,-12.376559,-20.040957,12.659936,2.678923,17.984999,6.695033,11.371540
57.877443,28.212968,12.318776,-29.795138,120.821563,33.394368,-10.537632,-21.246817,12.552713,3.354908,18.023031,6.427290,11.062382
58.081483,27.500088,12.517976,-29.576440,119.710015,33.522809,-10.740715,-21.422885,12.523790,3.949969,17.963973,6.700712,12.014266
58.277677,21.319802,13.320162,-27.834733,110.579406,34.071642,-5.663711,-22.143237,11.859326,3.907569,17.938387,6.506024,11.823314
58.480003,11.974362,12.835091,-18.813833,66.415890,28.786035,13.485051,-23.567542,11.309880,3.091384,17.952147,6.591515,11.823915
58.679874,3.103793,7.476729,-9.409770,20.696226,12.384291,19.861665,-22.816743,11.184956,2.767857,17.652488,6.350161,10.922217
58.877706,-7.218850,8.981216,-6.552222,16.161022,11.087858,16.319532,-25.165653,11.716414,4.451380,18.215417,6.081734,9.835647
59.083634,5.510097,9.372730,-5.666470,17.940935,11.923188,14.497564,-25.515933,11.461858,3.514285,17.826243,6.333509,11.511787
59.281946,2.393496,9.158879,-5.746163,17.652874,11.908557,15.581007,-24.744687,11.522523,3.604928,17.821043,6.393695,10.807927
59.484945,2.798523,9.004672,-5.456258,17.878564,11.919419,16.348587,-24.866896,11.522529,3.482696,17.856075,6.433015,11.259301
59.688467,8.913187,9.382897,-4.991241,17.574274,12.616950,17.188468,-23.801597,11.281013,3.656897,17.825859,6.286434,11.455191
59.891531,8.621130,9.371361,-5.410534,18.165915,12.470729,17.570190,-24.051788,11.501465,3.908453,18.011524,6.391462,11.247158
