0.000000,-37.557781,2.815618,-9.465056,28.059589,4.923128,42.673735,-57.033464,2.681327,10.348507,27.050079,-4.562284,24.511988
0.324440,-26.876446,2.707153,-8.357885,28.403669,4.954188,42.789113,-44.665316,2.424987,9.918227,25.468676,-5.668971,20.406126
0.593258,-32.196896,2.758023,-8.822072,28.299793,4.933121,42.839917,-57.300258,2.404852,9.718054,25.251120,-5.735269,21.222815
0.818174,-41.390500,2.920096,-9.290906,28.592248,4.878948,42.713196,-62.454452,2.065660,9.060011,25.188234,-5.776800,21.485424
1.044241,-35.760352,3.040598,-9.454601,28.397573,5.110161,42.611350,-69.567835,2.090172,7.958616,25.664398,-5.696135,22.934123
1.271883,-41.710849,2.920126,-9.610937,28.389108,4.927409,42.483450,-76.839959,2.515353,7.907346,25.130185,-6.925527,20.275772
1.503970,-41.141376,2.926286,-9.154559,28.590128,4.851551,42.334888,-71.989681,2.442358,8.708287,24.455243,-6.544976,19.361584
1.707402,-38.330639,3.145420,-8.395911,28.652910,4.786851,42.480444,-75.489563,2.528051,8.527776,25.091132,-6.655419,19.273932
1.894790,-40.340011,3.286610,-9.205963,28.598351,4.913244,42.196683,-75.489563,2.528051,8.527776,26.048474,-5.894243,21.294194
2.091298,-39.766421,3.130968,-9.559374,28.602021,5.036236,42.016691,-80.063559,2.530657,8.773340,26.006642,-5.560106,20.867289
2.301021,-46.131366,3.189433,-9.513541,28.829105,4.605474,42.022166,-89.301288,2.601679,9.397513,24.958373,-6.316083,18.972985
2.485317,-160.726888,2.059409,-11.309814,21.410005,-5.000663,7.658576,-141.646837,3.265700,10.410864,16.971676,-8.477120,7.540225
2.676368,171.058888,2.995876,347.267061,19.267779,-6.302867,7.242059,-147.563392,3.376355,11.655967,14.822140,-8.938603,6.139757
2.895164,-164.649659,3.439156,-25.581410,20.464495,-6.039590,-0.148142,-142.925353,2.020781,-3.160307,11.461943,-12.126543,-12.827978
3.101283,-21.106754,42.765543,-81.924991,19.199054,-3.913463,1.932753,14.092194,40.235996,-49.465205,11.672873,-10.085780,-11.321859
3.321043,-11.389630,83.754132,-91.533841,16.076105,-3.691455,4.939763,19.516442,85.663128,-58.873108,7.277881,-10.286059,-2.830270
3.508017,-10.657451,89.201847,-92.290276,16.900796,-0.992781,6.696980,19.247098,90.774675,-62.108671,7.593991,-4.665561,2.081371
3.762388,-10.148997,88.721885,-92.022855,17.002936,0.233700,6.463178,18.616362,90.356386,-61.430068,8.357665,-2.436441,2.210261
3.937032,-10.081760,88.280567,-91.995522,16.834816,0.682838,6.156838,18.039899,90.139353,-61.795090,9.223483,-1.171073,2.051257
4.181446,-10.400228,87.887728,-92.823575,16.367959,0.813292,6.018131,17.864400,89.911232,-61.964813,9.015494,-0.673501,2.060999
4.413945,-10.258720,87.449211,-92.945703,16.076511,0.528622,5.432799,17.959300,89.423045,-62.071567,9.280940,-0.797619,2.140899
4.629622,-10.772689,86.992941,-93.494871,16.135438,0.912599,6.029624,17.951612,88.065288,-62.082414,8.956041,-0.840611,2.910870
4.829810,-7.910248,86.569820,-92.500735,15.822644,-0.128202,5.923093,18.408009,86.428254,-62.015013,9.484095,-0.493329,2.121910
5.054636,10.878722,90.267433,-76.085979,15.637993,-1.453780,5.351921,34.977724,86.896524,-48.554566,9.719615,2.113784,6.396162
5.244218,38.091732,92.736509,-52.725858,15.837524,0.816867,8.690714,58.930842,88.181024,-28.258229,8.210081,-0.048085,9.085469
5.481210,72.706557,92.229879,-21.510278,15.316850,-0.121278,9.811422,83.067134,89.268175,-6.532100,7.627205,0.426383,11.439021
5.700699,89.212028,88.192994,-5.689873,14.999050,1.405342,12.307170,117.196437,87.186510,26.115849,8.575911,-6.859554,15.340435
5.903000,90.105206,86.581695,-4.772443,14.847130,-0.111719,12.862666,119.176173,86.237699,29.801756,7.965457,-5.308895,12.727026
6.084581,89.877915,86.534744,-4.677055,14.885901,-0.867279,12.521086,118.551013,85.829220,29.421794,7.846891,-6.541545,12.196378
6.361404,90.265628,86.140012,-4.549671,14.497517,-1.780400,12.531558,119.217176,85.165461,30.375864,7.914307,-7.205788,11.540925
6.594223,90.508677,85.062475,-4.697119,14.825567,-2.550548,12.794222,119.188057,84.062085,29.795661,8.136973,-7.804566,11.351137
6.821453,90.724612,84.619989,-4.740116,14.745157,-2.874303,12.481889,119.265543,83.449441,29.507021,8.441497,-7.915822,11.602853
7.047997,90.967727,84.379084,-4.892575,14.740746,-2.996457,12.470206,119.233087,83.322052,28.654858,8.293761,-8.132081,11.587273
7.261703,91.666183,83.105678,-6.668293,14.772706,-2.841362,12.813054,119.049833,82.082525,27.062912,8.129628,-8.179050,11.400118
7.476598,91.783382,82.557175,-7.027047,16.900738,-2.695947,13.298892,118.832514,81.202639,27.606021,8.766309,-8.143496,11.543771
7.661249,91.439006,86.526850,-5.801642,39.579577,-1.548712,20.856825,117.435725,84.725326,29.813755,29.425034,-11.132995,16.340038
7.884414,81.366076,142.191605,15.526779,17.579598,-5.711436,0.018764,106.627380,131.447251,42.652234,12.725439,-9.502079,-5.181563
8.109694,81.194254,152.261157,19.476463,23.673302,-6.570705,-6.214066,102.677589,147.622518,43.375982,15.133637,-10.963180,-13.499216
8.288753,81.925949,152.001674,18.450274,21.296409,-7.820638,-5.562248,103.309651,146.849540,44.980191,15.201689,-10.641880,-14.086410
8.479258,80.002817,151.944813,13.861645,21.616059,-7.325083,-4.976915,103.212459,147.077178,44.743490,15.365342,-10.442148,-14.509715
8.707626,78.738892,151.632713,11.193115,21.262224,-7.419417,-4.821184,102.141439,145.733823,42.843139,15.578551,-10.884342,-14.468733
8.933314,79.212709,151.088271,11.858731,21.126183,-7.312543,-5.173444,101.775759,145.261872,42.987443,15.156187,-10.751612,-13.275050
9.132730,73.087147,150.181281,3.701171,21.457041,-6.963127,-3.191576,98.446942,144.555873,40.197826,14.475393,-10.857258,-10.021920
9.311805,66.471255,149.152542,1.806911,21.393114,-2.827253,48.012143,91.630294,144.119738,40.795993,14.594689,-11.552627,14.539995
9.520918,67.449361,147.568948,19.903327,16.983803,-2.870390,80.190381,91.700930,143.293740,60.009218,16.185598,-11.977247,61.583666
9.732496,73.495224,145.593710,41.526829,8.104240,-3.753200,85.596660,96.944956,140.514659,77.559666,10.828521,-9.263628,70.799503
9.909633,75.781813,144.805641,45.524188,8.281164,-3.521093,85.524995,95.686794,139.989967,74.477272,11.421910,-9.231892,71.316795
10.104870,76.796925,145.029290,47.004078,8.981100,-2.955938,85.085736,95.686794,139.989967,74.477272,11.537502,-9.604299,71.394170
10.307798,77.020200,145.088731,46.181563,9.492831,-3.158176,84.524572,95.520757,140.081090,73.089824,12.220541,-9.639720,71.274305
10.515747,77.338884,145.088745,46.500243,9.492831,-3.158176,84.524572,95.024408,140.100722,72.208915,11.918356,-10.008207,70.904684
10.732177,77.121735,144.573696,44.573608,9.789784,-3.578237,83.995524,94.346663,139.882378,68.546921,12.239993,-10.965756,67.164417
10.929102,78.535353,144.781894,27.439244,15.713185,-4.624058,31.345460,93.298480,141.882897,47.564817,12.056951,-10.359007,48.991948
11.121497,79.549219,145.524610,14.064430,17.316140,-8.115756,-10.157262,97.401778,143.143016,37.294368,12.601412,-10.608713,-38.363528
11.312504,79.549219,145.524610,14.064430,17.316140,-8.115756,-10.157262,107.049235,143.742957,30.515461,13.855443,-9.380397,-31.911957
11.526053,79.408788,145.524639,13.923981,17.316140,-8.115756,-10.157262,105.010037,142.290934,24.667093,15.805985,-7.890690,-30.147589
11.727107,79.408788,145.524639,13.923981,17.316140,-8.115756,-10.157262,105.555647,142.088283,26.041586,15.906596,-8.350292,-30.433472
11.947398,79.408788,145.524639,13.923981,17.316140,-8.115756,-10.157262,106.062213,142.049921,27.365759,15.837748,-8.765720,-30.753536
12.180834,79.408788,145.524639,13.923981,17.316140,-8.115756,-10.157262,105.073696,141.481608,26.706939,16.333465,-8.604753,-31.965072
12.369930,79.408788,145.524639,13.923981,17.316140,-8.115756,-10.157262,101.761352,140.822095,37.018279,14.792922,-11.266812,-48.291848
12.598746,81.417315,144.274894,37.669223,13.732946,-15.174234,-29.457118,99.002988,142.313458,50.908952,14.422481,-11.971319,9.452270
12.781067,84.591157,143.924558,52.108321,10.001239,-18.363244,-38.035642,99.002988,142.313458,50.908952,14.422481,-11.971319,9.452270
12.961649,85.139551,143.795425,52.675360,9.953606,-18.568070,-37.543532,99.002988,142.313458,50.908952,14.422481,-11.971319,9.452270
13.183950,86.094904,144.116724,51.369035,10.299257,-18.077262,-34.389097,99.002988,142.313458,50.908952,14.422481,-11.971319,9.452270
13.403601,83.667739,143.236655,45.482044,12.444283,-17.636927,-32.870404,99.002988,142.313458,50.908952,14.422481,-11.971319,9.452270
13.646595,64.099417,143.302678,10.435001,19.896757,-9.620209,-35.536081,99.002988,142.313458,50.908952,14.422481,-11.971319,9.452270
13.889668,22.741246,130.523970,-63.144228,14.886267,-3.902036,45.650598,38.631759,131.063249,-55.496741,18.254634,-8.252906,50.948013
14.099654,6.682697,108.694194,-83.536729,17.149100,-3.183627,36.058541,26.680288,111.300946,-74.137335,12.922846,-11.218477,31.431897
14.286561,-2.039346,79.937194,-99.094517,14.936615,-4.064885,19.731052,22.547497,89.517108,-80.271078,7.641723,-11.923251,16.255660
14.463871,-6.014493,76.152545,-100.708005,14.650621,-3.320490,17.268300,20.830629,84.826199,-79.388293,7.461340,-11.919957,12.471558
14.665140,-5.664611,77.190873,-101.016241,14.341664,-2.367120,16.360528,22.483113,84.957139,-76.744557,6.583424,-10.036628,11.154320
14.893246,-5.742344,77.612039,-100.798092,14.587175,-1.994943,15.197586,22.342267,84.926651,-75.746871,6.181849,-7.259721,10.019503
15.106175,-6.434396,77.331507,-102.928661,14.562434,-2.668665,7.728383,22.404149,84.152138,-75.500421,6.219334,-4.662492,9.523813
15.284459,-7.134007,78.816031,-91.231201,14.784404,-1.751445,21.865803,21.381835,83.376369,-66.548337,9.544634,-4.557267,24.300664
15.492255,-8.388949,81.638322,-25.529566,23.556382,-0.968039,57.018179,21.617223,80.697973,14.423278,16.476279,-15.273563,29.091994
15.719188,-7.636132,80.994414,5.955968,19.375603,-4.259107,82.298417,17.425362,78.469548,38.601849,20.497526,-12.097771,67.393967
15.900660,-9.901625,81.311710,4.809589,18.811036,-4.381472,82.835186,18.030085,78.229538,40.481583,20.066579,-12.427499,68.208674
16.124023,-9.707456,80.836945,6.440276,17.873445,-4.651617,84.058796,18.314348,77.460511,40.493549,20.174853,-11.972853,68.524222
16.342888,-9.729494,80.732949,6.878393,17.469617,-4.610359,84.182301,18.613093,76.758311,41.559920,20.005895,-11.891545,68.689863
16.553145,-9.394210,80.988944,7.887690,17.259001,-4.849783,84.056152,18.287065,76.346379,40.825409,19.971409,-11.752113,68.314010
16.786314,-5.509120,84.088597,-44.641039,17.972626,3.577670,58.689547,21.200787,79.454289,12.927358,17.246276,-11.667771,51.493655
17.026459,-1.632176,87.882691,-110.053008,12.482162,-4.277040,-2.323094,28.200498,90.452418,-70.227351,5.080194,-5.589355,2.657154
17.223855,-1.951765,89.159517,-111.530974,11.762649,-5.249615,-7.481236,27.094605,90.070851,-74.689751,3.890536,-5.878556,-7.956949
17.451696,-0.877531,88.890334,-109.567012,11.865649,-4.770964,-2.744766,26.717097,89.056931,-73.508090,4.620368,-7.292903,-4.574281
17.673749,-0.445371,88.089936,-106.932883,12.134647,-3.555498,0.191356,27.149886,88.596578,-72.128973,5.061894,-8.865094,-3.529472
17.865706,-0.389483,87.518253,-106.291784,12.339932,-3.345969,-0.810764,27.192173,88.130404,-71.888815,5.595274,-9.825270,-3.084097
18.050239,-0.516101,86.518624,-95.803120,14.474958,-0.465818,24.765721,27.433986,87.053339,-60.072248,9.454702,-9.904933,33.987981
18.282256,-5.700125,84.559072,-6.790564,24.226201,-0.688676,80.004059,24.046079,81.915171,22.970132,15.260832,-9.311171,64.499959
18.484095,-6.399454,82.830386,4.659607,18.768689,-4.162459,90.712685,18.475752,79.007431,40.768817,14.547795,-10.722115,66.359970
18.703139,-5.219572,82.600592,6.184120,16.823525,-4.407495,88.625147,19.393613,79.186097,40.965316,15.028524,-10.716507,66.913302
18.931416,-3.931797,82.379806,7.994934,15.247712,-4.225995,88.304398,19.285233,78.600954,41.278250,16.615752,-10.996021,68.041313
19.109247,-3.083829,82.360556,8.658389,14.556361,-4.164129,88.209591,19.272073,77.606710,40.372689,16.851342,-11.260063,68.308842
19.290504,4.425224,84.671952,-65.538599,10.106943,0.720259,85.093961,28.959864,82.215153,-23.034515,12.926795,-0.441508,98.497789
19.505454,4.382233,87.224151,-91.730604,14.110317,-3.956929,12.047888,30.948956,87.261025,-54.707406,8.473442,-7.469727,27.308481
19.682022,2.637708,87.794117,-99.214296,12.370870,-6.129372,0.080214,29.719827,88.341135,-64.236860,4.666610,-6.851174,-6.257601
19.860834,2.719118,87.689032,-97.522834,13.033320,-5.493665,6.340062,30.109043,87.298199,-61.810655,5.223538,-6.598356,-0.798111
20.086160,1.441041,86.889303,-97.313802,13.064806,-5.336117,7.447337,30.285153,86.439889,-60.142716,5.887941,-6.102925,1.078746
20.283589,6.799277,87.952948,-91.523500,13.703743,-5.796866,9.340027,29.756895,86.120423,-60.018869,6.004706,-5.806748,1.045950
20.488428,35.041098,94.859950,-60.448512,13.015565,-5.422838,12.267754,51.449672,85.184196,-38.857543,8.040201,-12.624243,7.094411
20.710718,72.855628,92.684570,-20.905034,12.906136,-7.902706,16.125827,82.868313,85.866600,-8.587696,7.670953,-16.736801,10.236883
20.887403,92.373072,88.649570,-1.583896,11.161250,-4.133937,16.953171,112.614514,85.551433,25.813601,9.047782,-13.026744,11.987075
21.130812,95.224267,87.098800,2.093759,11.397846,-5.486396,16.990259,118.162711,84.829348,32.748977,9.450159,-8.708664,9.724399
21.342259,95.977686,86.781648,2.260898,11.426583,-6.126236,17.693609,118.606769,84.498886,33.506113,9.401049,-8.340279,9.750774
21.526552,96.508434,86.290894,2.828940,12.503696,-6.371182,17.780024,117.318375,84.266314,33.300824,9.583582,-8.048018,9.642867
21.746739,96.152609,85.212458,3.374080,13.628629,-6.325232,17.367505,116.581789,83.749807,33.334350,9.696368,-7.929769,9.742709
21.980526,86.402494,57.506794,4.910477,18.186046,-5.294964,16.851425,110.837130,69.479960,28.285745,8.022896,-7.330451,11.637206
22.205319,63.977770,12.524917,7.012878,19.801234,-6.670584,12.742600,86.347045,10.669190,28.921227,20.396709,-9.019216,9.181789
22.411947,-95.889626,9.068132,-7.452176,18.413276,-6.821351,14.033845,-86.641486,9.322165,13.092442,12.787045,-8.930813,2.612049
22.618238,-113.265310,5.607408,-10.740599,18.618785,-7.214298,12.262319,-85.944504,7.202702,15.801246,11.284930,-8.452740,0.176450
22.800752,-122.744294,4.678128,-13.929114,18.336315,-7.122732,11.702247,-94.736545,7.242075,14.701038,10.681902,-8.722405,-0.108285
23.010868,-119.040762,4.491113,-14.183764,18.792368,-6.598755,12.705486,-91.828138,6.649274,15.217488,11.389791,-8.533763,0.199455
23.242285,-121.489234,4.437478,-15.042250,19.020245,-6.456809,14.584792,-83.351060,6.218138,15.917390,12.073625,-8.082113,1.037703
23.460065,-110.155248,4.142465,-15.835839,19.473589,-5.989326,14.900022,-89.182739,6.160138,16.524475,12.622485,-7.961210,0.845578
23.645394,-119.319966,3.288409,-16.932003,19.398535,-6.029534,15.094770,-82.019150,5.647814,16.729867,12.550807,-7.647816,0.379423
23.830053,-128.541677,3.175991,-17.321319,19.582864,-5.958860,14.869580,-78.900404,5.932405,16.274157,12.892382,-7.438027,0.290118
24.014338,-126.022234,2.908483,-17.792844,19.762884,-5.783483,15.005833,-77.409582,5.819474,16.621937,13.284642,-7.318089,0.418853
24.190840,-122.713016,2.973673,-17.226058,20.160351,-5.528865,15.063917,-74.847874,5.811905,16.828267,13.618559,-7.083273,0.500439
24.373861,-117.368608,2.905711,-16.151401,20.581852,-5.170914,15.216373,-74.737547,5.588152,16.909258,13.726343,-7.078746,0.595832
24.625404,-120.426801,2.820367,-16.668825,20.493375,-5.226603,15.273070,-72.268842,5.815020,17.049039,13.916505,-6.862899,0.253964
24.837295,-117.218415,3.148393,-16.644911,20.854822,-5.103289,15.353326,-71.464396,5.923849,16.769926,14.180376,-6.731806,0.211788
25.022486,-114.691413,3.240814,-16.295250,20.779265,-5.093318,15.137069,-71.464396,5.923849,16.769926,14.143718,-6.745581,-0.113226
25.227685,-115.319650,3.255086,-16.920597,20.785264,-4.862198,15.199070,-70.740583,6.036817,16.596922,14.262313,-6.455838,-0.139237
25.445435,-119.090238,3.273277,-16.684911,20.586687,-5.192891,14.887909,-71.933461,5.910874,16.483180,13.940618,-6.581229,-0.491953
25.641019,-119.531128,3.288430,-17.142887,20.792542,-5.074247,15.175103,-72.571183,5.898115,16.029439,14.124926,-6.535669,-0.196910
25.863563,-125.513445,3.495573,-17.936510,20.603733,-5.985443,9.149301,-72.484422,5.618484,14.399770,13.815611,-6.568603,-0.894945
26.090832,-3.500622,6.266695,-52.493810,18.283337,-5.435605,-3.791451,15.860472,15.363812,-33.059335,3.542476,2.504787,12.184750
26.270597,-10.682849,41.792102,-76.947573,18.954323,-1.667139,2.562516,16.842427,40.907330,-49.238274,10.409027,-8.109952,-4.773225
26.536423,-7.671311,88.508130,-88.509177,17.609119,-0.918264,10.043210,25.259716,92.094171,-55.757160,14.386554,-10.111255,3.997157
26.750960,9.612314,131.658876,-83.340851,30.040532,2.843103,32.772346,43.529710,132.482726,-39.573014,13.726433,-12.098029,18.278043
26.933013,47.626889,153.526076,-24.367821,25.822348,-1.037478,53.563727,88.132428,150.560197,33.533752,19.064522,-13.905092,29.617834
27.122874,75.021604,154.821812,25.312606,28.019438,-0.310701,57.551909,104.045608,149.702423,63.560495,24.666438,-13.199594,34.468719
27.368740,74.812376,153.982450,22.847008,27.078507,0.436876,61.942827,99.402440,148.038832,56.153528,24.414144,-12.565243,34.442726
27.602229,74.384198,153.266556,20.848290,27.024524,0.290784,61.828539,96.815946,147.232403,51.752699,24.596124,-12.254052,36.879966
27.822708,73.646328,153.434570,19.187581,27.299223,0.512310,62.355404,95.863966,147.297395,49.979000,24.415447,-11.946765,38.733052
28.006131,44.223981,148.613173,-35.689039,28.806630,-0.706619,40.623614,71.954925,145.853771,5.345865,21.054152,-15.785077,13.631788
28.211372,16.045074,123.568574,-83.795009,23.901803,-3.945143,14.505572,36.829724,126.487784,-56.066013,13.612556,-17.652107,1.717335
28.399418,6.214742,80.722944,-94.674093,18.537007,-5.942392,5.910756,28.387008,92.429116,-64.583128,20.986628,-15.741323,-3.136432
28.603254,1.594053,36.059489,-65.751505,20.130260,-4.395669,12.371711,25.663050,48.266336,-41.204610,15.712165,-17.937016,-5.687014
28.785569,-9.215097,7.594354,-31.667909,17.879804,-0.757239,28.073701,15.011951,9.938226,-5.667442,13.116005,-17.309758,-6.300389
28.998941,4.812740,2.264115,-5.517885,19.502477,-1.743321,27.409984,-64.500587,1.431072,16.181923,12.924936,-9.737110,-0.013783
29.227780,-11.747528,1.743788,-7.879723,18.993291,-2.151414,25.567765,-59.450343,1.829232,17.639668,14.222306,-9.859622,7.932325
29.408089,-25.324351,2.034798,-10.112174,19.750233,-1.249177,28.021942,-46.891538,1.870001,17.993405,14.247325,-9.308868,8.918460
29.606721,-18.322710,1.619555,-12.070567,19.164632,-1.361340,25.696486,-58.480076,1.536836,14.888609,14.395339,-9.055244,8.772710
29.818498,-28.310937,1.238195,-17.600235,19.720780,-1.793108,19.281293,0.497838,1.850489,2.086786,13.016675,-9.059793,5.084214
30.038482,25.191918,8.406273,-46.313586,23.345745,-10.118640,-6.280195,34.193321,15.215227,-28.098721,12.899643,-9.533750,-6.166129
30.255076,3.602991,41.945256,-89.961987,15.326018,-2.631825,-7.110945,26.401739,41.314415,-54.536936,11.348855,-9.440242,-18.638569
30.499245,-0.719083,70.565368,-98.727012,16.591653,-2.501863,3.715511,20.987787,74.880400,-66.733718,16.728315,-11.930897,7.862968
30.738581,0.070483,97.709857,-94.462598,16.237071,0.258926,25.267242,22.935265,96.499434,-60.759489,20.809068,-13.237328,32.687951
30.962218,11.473873,119.149338,-83.172475,26.342183,2.421182,28.098336,38.691239,122.481778,-44.399686,18.349821,-15.295822,40.987622
31.142742,32.858083,139.823066,-59.194225,31.182356,-2.779323,-2.180780,58.489417,142.459680,-20.751208,21.310664,-13.973263,14.441240
31.385376,87.871036,153.496362,28.955360,29.536209,-6.681930,-2.926639,95.937143,151.502689,41.585346,26.231686,-12.259498,-6.307416
31.604005,90.432937,152.092525,33.806656,32.349311,-5.573679,-4.741242,105.451439,148.604416,56.396028,29.143327,-11.791644,-7.843130
31.802219,87.414175,151.531715,27.006612,31.798925,-5.956778,-4.725171,102.895338,147.168638,51.252551,29.968601,-11.552567,-7.642577
32.004486,86.659567,150.708999,25.225344,32.545619,-5.471632,-4.091629,102.310320,146.515797,50.211634,30.431136,-11.200815,-7.668831
32.184573,64.706462,149.349865,-5.803309,32.120539,-4.765188,-2.133586,82.985492,145.363533,24.164415,31.612291,-9.901498,-9.892030
32.387728,32.947937,137.722194,-44.139265,26.773157,-2.826496,21.715569,54.456368,138.686715,-19.356226,25.848478,-13.739197,21.506844
32.600555,12.749152,112.931753,-53.555521,19.644318,-3.505665,53.644645,31.915739,115.497130,-39.253164,16.068573,-18.382358,46.004691
32.840998,5.045938,77.628040,-55.957556,5.044308,1.485126,56.162525,24.900304,82.066451,-35.428563,9.177244,-14.831345,41.010745
33.050214,0.234147,38.691777,-47.595064,17.582732,-1.472515,48.825812,25.373610,41.405527,-28.083722,10.149761,-11.368700,31.110873
33.280471,108.737345,1.306110,-22.239262,18.011138,-3.020548,25.732036,127.845335,2.661646,1.820019,12.105631,-17.929753,2.568481
33.502650,178.997941,0.769908,342.170811,19.022016,-3.230468,19.853174,-174.578462,0.989803,-348.841994,12.613184,-12.358571,-3.875135
33.717733,179.597773,0.823451,340.677350,19.043826,-3.426359,18.236502,169.919347,1.275806,10.493110,12.532808,-12.066391,-3.229068
33.933700,162.828192,1.308839,338.149013,18.947284,-4.445294,16.675494,163.113688,1.412577,8.531328,12.483208,-11.517768,-2.955463
34.142707,114.677772,0.825423,-26.597243,21.766243,-19.141118,-15.940096,40.390155,9.296094,-19.748997,8.656594,-0.099839,18.140848
34.333433,5.696027,33.770404,-83.590465,15.663260,-3.289787,1.947484,29.306437,41.541041,-48.618437,11.012670,-13.581739,-23.790575
34.548070,-0.480462,72.504165,-100.749921,25.907790,-3.129251,-15.244667,29.059697,76.851932,-56.693986,13.328569,-17.009653,-11.505134
34.771039,9.719910,116.467111,-97.675248,17.061438,-6.789236,-17.375454,34.667928,108.275535,-59.058044,17.609281,-17.201522,-17.328074
34.997926,40.186329,143.244407,-55.579720,22.113137,-9.294361,-17.741905,67.018730,143.378557,-12.922616,20.571828,-13.192973,-13.953935
35.225355,88.568986,150.049030,32.844278,28.525058,-7.542557,-12.445738,105.737350,146.743913,52.394042,28.981555,-11.028481,-11.383987
35.445384,91.951542,148.918142,38.016234,29.522545,-6.492495,-11.605962,106.316997,144.370255,53.311864,28.547721,-11.311955,-10.243176
35.657810,89.185698,148.846137,32.280811,29.528535,-6.575175,-11.541051,106.584297,144.088410,54.004952,27.973729,-11.633104,-10.941933
35.835989,88.528621,148.727258,30.822473,29.693925,-5.760755,-11.656318,107.690092,143.762597,55.708446,27.819917,-11.443207,-11.170775
36.047582,88.558487,148.200432,29.689399,29.922488,-5.906619,-10.965405,106.793818,143.123058,54.354040,27.436917,-11.564550,-10.897902
36.225603,88.518712,147.818551,29.510964,30.313236,-5.688956,-10.792998,106.581457,142.889101,54.715921,27.643915,-11.443120,-11.304355
36.411672,78.623381,148.510382,16.361608,29.923065,-4.818955,-8.694938,94.008067,144.768272,38.965909,26.776737,-11.471998,-7.542537
36.610131,39.266125,144.517079,-39.223541,29.502389,-1.216948,20.804446,61.504530,141.546320,-9.715487,25.045310,-15.376007,39.096622
36.805609,14.073026,122.030285,-59.940346,25.068035,-1.868761,41.598043,36.578762,123.850915,-36.459725,17.388882,-17.275113,55.444405
37.032085,3.050431,88.858062,-56.560751,17.423998,-4.107237,52.508818,28.892512,88.327754,-31.695115,10.306534,-15.077301,51.731422
37.236614,-1.627975,49.092114,-49.695860,7.464002,5.443177,49.944550,25.810246,47.192733,-25.641677,8.680903,-12.259992,42.348401
37.443562,3.395418,4.936333,-36.533191,16.515239,-4.045671,26.987789,22.611272,10.139583,-7.877265,10.545516,-9.736710,7.024614
37.659033,162.461401,1.987388,341.972088,17.961783,-4.396384,12.426299,-109.941925,2.624220,14.192357,13.282331,-11.566394,-8.093111
37.864194,-171.869639,1.826726,-16.762321,18.727390,-4.327866,12.992855,-118.593984,2.636233,13.789397,13.670591,-11.458083,-6.140267
38.048049,-168.887759,1.484762,-16.958474,18.807785,-4.195580,12.452248,-122.601840,1.969938,13.930772,13.047586,-10.840592,-6.233071
38.246863,171.200585,2.145100,341.790074,18.705040,-5.002412,9.962971,-138.754323,1.749057,14.090959,12.503784,-10.720225,-7.194631
38.455996,87.889015,6.406256,-13.599661,18.834884,-5.256482,8.386583,139.138602,1.756958,16.687237,11.187991,-10.712697,-6.574966
38.670547,83.310374,20.726354,-8.031214,19.703336,-5.012732,9.072078,110.772869,23.872698,27.599773,4.180371,-11.996174,-7.841866
38.893765,85.895828,53.793993,-6.592710,13.919811,-3.232147,9.216108,111.920538,50.927461,33.280078,14.351485,-14.411398,-3.943387
39.127384,83.135994,91.080357,1.933206,28.395684,-3.711009,6.591524,111.150039,90.983298,47.750004,11.025907,-14.686049,-4.389744
39.373548,84.805216,135.265023,20.828763,20.790044,-5.744603,-0.060821,112.970752,121.999587,52.809429,13.352347,-16.056108,-2.255864
39.585678,81.732441,155.996777,24.629115,29.549633,-7.103022,-9.845252,114.774618,148.788811,68.199903,19.054463,-12.192244,-9.283289
39.811904,82.189869,154.342866,22.926157,30.255550,-6.899143,-8.517419,109.920809,146.063467,60.902188,22.750177,-12.451109,-10.944306
40.037218,81.027668,153.123006,18.689753,29.497063,-6.388558,-8.765484,108.591927,144.966688,58.210751,23.229900,-12.112754,-11.349281
40.243694,81.388354,152.879693,18.538733,29.296523,-6.030218,-8.643149,107.483681,145.068759,55.876620,24.317705,-12.452791,-11.192118
40.429836,83.637371,147.345448,20.602402,23.525117,-5.500758,-8.673386,104.296865,138.439853,51.744635,26.713661,-13.501952,-9.096444
40.612038,87.287358,126.170715,19.873910,26.508668,-6.999195,-4.628349,105.564453,116.605048,47.489628,17.929589,-13.324678,-6.648526
40.851946,87.777962,84.695876,17.279496,15.488504,-0.264781,-0.635242,104.439000,80.489761,45.073757,7.310197,-12.986013,-7.539616
41.087799,76.281524,20.976640,13.587700,24.206677,-2.662403,4.467418,87.742830,26.001240,33.913842,7.186241,-9.018248,-13.465798
41.288251,-74.556179,6.527498,0.488237,22.903001,-3.497273,5.402150,-71.013869,5.588532,16.111551,15.170702,-7.277240,-11.239481
41.521237,-99.427881,4.748976,-1.889919,18.934042,-5.601391,1.559379,-71.132525,5.495859,21.499397,14.979393,-7.479096,-11.472833
41.710695,-104.620882,4.413625,-5.345989,19.040029,-5.316798,2.654857,-70.511510,5.432392,22.450676,14.642203,-7.767465,-12.294293
41.913585,-106.606956,4.116741,-6.019120,18.603073,-5.622101,4.055324,-68.081019,4.754584,22.080861,13.943519,-7.399282,-12.459844
42.123856,-107.536091,3.916806,-7.087999,18.904223,-5.685149,4.199034,-64.858284,4.060428,21.949014,13.269139,-7.124238,-12.257708
42.358366,-121.087542,0.899685,-9.404890,19.481505,-5.325395,6.695409,-61.770624,1.987992,21.796336,13.719946,-7.295891,-8.125186
42.565748,77.005792,23.638889,-12.031866,16.689828,-3.426761,9.660971,102.205094,25.485137,21.857370,8.235271,-8.780013,-7.760412
42.768941,79.632313,64.160254,-8.314675,17.220950,-2.708940,6.367792,106.343511,70.196982,32.513995,0.178121,-10.030762,-12.019475
42.965227,81.952646,104.503258,2.193159,16.672414,-3.356720,2.223985,108.468196,92.664781,40.899459,16.829043,-15.326303,-5.845420
43.149081,84.887626,134.848976,17.856544,20.980960,-5.230235,-2.425301,110.668668,124.965177,50.980273,17.174808,-16.074197,-3.567457
43.365711,87.810109,149.816569,28.163115,23.847709,-6.054767,-7.231093,109.589926,143.914891,56.662089,18.519881,-14.478311,-12.058699
43.562329,87.487803,150.259736,28.098703,24.589877,-6.382994,-6.202771,110.107779,144.063599,59.197043,21.831412,-13.986368,-11.361632
43.768302,87.042937,151.385118,26.985260,23.945405,-6.093011,-5.255527,109.675026,143.995026,59.398931,21.283329,-13.881404,-11.082723
43.948863,84.135069,156.199079,24.172446,25.416271,-6.269832,-8.222124,107.334523,147.642611,58.005741,21.122588,-13.650288,-11.703872
44.124966,82.542101,156.399263,20.386436,26.691502,-6.089508,-9.103154,104.502788,148.857898,53.371618,22.997204,-13.287159,-13.442838
44.367511,85.119460,150.930561,25.031606,25.667948,-7.759872,-6.184069,103.029105,146.369282,52.159736,22.103763,-13.186818,-13.628579
44.584821,86.822494,130.526881,26.779110,20.022145,-7.232836,-2.992980,99.679574,123.955002,46.836012,21.237005,-16.410155,-4.862408
44.776995,85.576771,88.268864,20.851552,22.418289,-6.457091,-0.278146,95.792127,83.971575,40.140942,24.003211,-20.397299,-4.281087
44.993652,77.945698,35.870699,13.537711,25.694240,-3.583666,3.018765,90.873206,41.096369,34.510767,3.036486,-5.855626,-11.718153
45.206143,-31.584607,5.461317,3.115233,22.493483,-3.621388,5.744094,-20.112280,3.671256,21.657830,14.757753,-6.870618,-10.412918
45.433877,-85.852061,24.487352,-7.684000,17.603055,-3.141815,9.090329,-75.873043,22.963999,16.718470,15.531790,-5.217729,-9.611872
45.665072,-92.448649,40.260881,-22.167809,21.668543,-2.609872,18.263819,-78.313003,39.684282,10.526092,19.216474,-3.822759,-5.460556
45.883812,-92.946294,38.657739,-26.230854,19.427748,-3.839993,20.869252,-78.038831,43.267938,3.861222,17.968212,-2.718982,-3.062955
46.086979,-93.234195,39.025355,-26.488329,18.986844,-4.120492,20.730812,-74.747337,44.350749,6.345371,16.761084,-2.967522,-2.584921
46.261100,-93.189147,39.156817,-28.137195,18.773346,-4.342099,20.599199,-73.737408,44.008139,8.281521,17.072726,-2.964758,-2.907056
46.460551,-93.038066,40.552186,-29.497739,17.815071,-4.431579,21.150579,-73.855539,44.331811,8.800917,15.990849,-2.623372,-3.465203
46.667375,-93.065279,41.409246,-30.375121,16.542981,-4.914642,23.028199,-73.097632,45.149112,8.526317,15.769807,-2.326559,-3.452413
46.895421,-94.110861,43.176106,-32.279315,16.232079,-5.247504,23.320836,-72.763167,46.372813,8.217475,14.598855,-2.016960,-3.210884
47.072908,-93.403608,43.539903,-32.641469,15.591205,-5.741687,23.489564,-72.246766,46.631360,8.239876,14.196206,-1.974480,-3.084352
47.294457,-92.773374,42.905794,-31.619630,16.437750,-5.211492,24.312218,-70.726608,45.248468,8.925675,13.899232,-1.841973,-3.571053
47.471882,-86.389478,30.934432,-25.020279,17.096296,-4.922503,18.060462,-63.660581,29.703491,14.625923,6.340451,-2.963210,-8.197643
47.697204,43.955178,11.358267,-22.299518,13.766202,-5.730986,15.849459,47.126459,8.087167,22.763255,20.620722,-10.126713,-4.955930
47.921836,71.260269,68.168033,-11.371265,11.759726,-3.648768,15.027467,100.721495,69.793680,35.005382,14.747936,-16.245065,-2.698706
48.129108,73.194030,117.437624,-1.175021,29.280848,-6.481289,11.895746,106.349314,117.510683,47.282991,14.539207,-17.440733,-2.971502
48.346472,72.411743,160.550323,8.926006,26.200460,-5.124245,-6.282332,107.227831,150.922736,53.262138,17.884781,-15.352309,-11.949375
48.541101,70.405544,159.475446,2.948909,27.716875,-4.715044,-6.127887,102.737382,154.897111,48.870336,20.343772,-13.640466,-15.410445
48.772803,73.247264,160.073202,6.572220,27.901641,-4.292063,-5.550514,99.350154,153.952824,45.575679,22.572361,-13.365372,-16.351456
48.956077,70.986446,160.196911,1.735597,28.714717,-4.456083,-6.998424,98.691596,154.493943,45.109015,22.846480,-13.086687,-17.045303
49.134334,70.483256,159.214994,-0.681797,29.153743,-4.157575,-6.969469,97.242243,153.813759,41.625298,22.784282,-13.287463,-17.553772
49.368249,70.946228,157.869271,-0.334056,29.783111,-4.459102,-7.697151,96.543781,152.490140,40.275075,24.715258,-13.735452,-17.217312
49.583816,76.317055,146.213207,7.237016,27.172194,-5.334100,-3.560540,98.320264,136.723492,40.643522,18.963264,-14.343001,-13.485124
49.760645,81.099475,109.905582,11.614845,31.232009,-6.812687,2.534117,95.163993,103.951179,36.557339,27.478974,-20.908673,-7.409732
50.016874,77.395475,57.577587,3.931069,33.117135,-3.670120,6.090193,90.658374,65.292348,30.994734,3.398519,-8.812238,-13.364924
50.240089,-43.006556,4.848692,-11.266968,21.379961,-2.214400,17.243360,73.269938,11.891139,21.158927,8.962788,-7.309761,-15.152032
50.436914,-81.302696,9.510036,-11.475586,20.552159,-2.892243,15.010958,-70.858372,6.943419,10.914858,17.697430,-5.743492,-6.512420
50.639153,-84.445698,5.590307,-8.911842,20.561032,-3.680595,12.614975,-62.878305,4.814302,17.326277,19.222763,-6.189472,-4.811125
50.856567,-84.731278,5.199451,-13.301490,21.992603,-1.995409,15.558303,-56.371177,5.011843,19.684756,19.491007,-5.774487,-4.303993
51.034679,-81.331977,5.266648,-13.940619,23.200257,-1.118935,17.855347,-54.707448,5.207707,20.065135,19.211009,-5.370006,-3.569416
51.240737,-74.388931,5.110378,-13.954563,23.282091,-0.582420,18.110893,-56.026691,4.925082,20.536877,18.841964,-5.249004,-3.397174
51.457118,-78.782697,5.185755,-14.851303,23.696742,-0.830768,18.263768,-53.929355,4.867523,20.876567,18.743957,-5.177059,-3.445704
51.666929,-75.519847,5.620015,-14.325449,23.764287,-0.569412,17.926738,-53.022077,5.000393,20.893117,18.721221,-5.020785,-3.180968
51.872746,-77.045346,5.652316,-14.211314,23.888322,-0.982872,18.218251,-53.452166,5.230594,21.130745,18.949093,-4.876316,-3.080032
52.057683,-78.306184,5.849410,-14.278885,24.130416,-0.995504,18.123893,-53.334907,5.360701,20.631319,18.880732,-4.747697,-3.253349
52.238089,-80.342949,5.895575,-14.853402,24.261443,-1.211036,18.084759,-52.672281,5.494806,20.493488,18.664791,-4.795399,-3.469077
52.421456,-79.324829,5.859842,-15.440553,23.954766,-2.165907,18.173387,-48.886225,5.627919,19.996799,18.313538,-5.087100,-3.339454
52.622837,-38.580326,7.466550,-21.311864,23.148702,-1.527267,21.512111,-10.628404,11.378462,12.560396,18.312356,-6.593909,-3.294227
52.804349,-14.893221,28.601002,-35.119513,23.363025,1.003188,29.072800,7.391211,32.809727,-3.701360,16.779398,-7.283285,3.008127
53.024157,-14.324937,57.147134,-47.649386,28.156910,-4.025501,50.344478,12.526263,60.679019,-17.666662,16.674536,-8.406799,21.950018
53.230310,-12.999876,93.021843,-64.954074,20.853955,1.687925,59.976099,15.683137,85.976155,-31.027336,13.045524,-9.245128,30.952224
53.459696,-9.323686,93.011384,-62.666004,20.608460,1.165343,63.506135,20.786158,93.263433,-28.021383,11.714896,-10.229838,46.144091
53.659472,-8.515853,92.366582,-61.815605,20.492786,1.566617,62.254944,21.106557,94.204674,-28.517816,11.618813,-9.506518,49.869005
53.852100,-8.082354,91.940366,-59.569722,20.298869,1.799947,61.428249,22.122110,93.497311,-27.226154,11.822342,-9.532584,48.233197
54.105075,-7.157350,92.092535,-57.585174,19.764330,1.343739,62.705537,22.329967,91.447889,-26.364369,11.808957,-9.917309,48.062482
54.350659,-8.375274,87.428483,-58.735673,20.816744,1.399453,57.259741,22.619564,90.560549,-26.253553,10.602764,-10.027642,42.747425
54.558549,-7.688708,59.354831,-54.462445,22.540889,1.929261,56.374216,23.848571,60.567841,-22.991978,18.469977,-15.617590,42.066115
54.763644,-3.495945,29.253977,-47.793579,24.037812,-0.036535,54.890929,28.198436,32.591743,-12.740801,17.255434,-14.705146,37.567501
54.953113,-4.532482,2.054626,-29.187193,23.287360,-5.391677,33.954814,31.098326,19.469597,-10.903523,12.055891,-4.295204,36.221762
55.128094,-45.911791,2.177211,-6.784833,22.812606,-1.553017,26.115072,104.821732,1.107233,13.508398,14.222198,-7.891854,12.847668
55.379437,-38.000246,1.211781,-5.467955,23.644863,-0.917578,27.739318,44.298937,0.975556,16.522628,15.092956,-7.698346,9.986910
55.619756,-48.047918,0.988889,-7.139296,23.312562,-1.474187,25.450461,45.569953,0.941739,15.900086,14.771745,-8.045784,8.341739
55.839196,118.153964,1.138972,-9.304003,23.671670,-2.079610,24.269091,111.804312,1.821249,13.873436,14.726789,-8.400579,6.798451
56.069159,-10.791882,0.859659,-15.702042,22.658455,-2.967950,23.735348,47.093284,2.402984,7.242049,14.289310,-7.468365,7.181506
56.306417,11.080614,2.401087,-18.797385,25.067756,-0.775170,23.645421,44.937868,4.746235,2.246235,14.545486,-8.338691,5.409023
56.501680,38.334010,3.823390,-17.416114,27.700864,2.334867,27.885862,68.952228,4.329020,3.348729,16.013150,-8.296689,8.207454
56.714053,14.262954,3.294309,-13.179404,27.151597,2.765611,29.717755,60.945671,3.415602,4.104136,16.247146,-8.194211,9.583443
56.966444,7.432262,3.082185,-12.709324,26.948502,2.814478,31.319867,59.520596,3.295544,5.632629,17.490415,-8.439050,10.057340
57.197405,11.551268,3.212609,-12.268470,27.007127,3.111866,31.176486,56.961367,3.117643,5.432314,17.622040,-8.100537,9.902195
57.416092,6.904117,2.951900,-12.152422,26.818288,2.769481,30.918654,53.782095,2.624710,5.211205,17.583981,-8.192019,10.015235
57.593119,2.619814,2.851787,-12.342246,27.215797,2.822844,30.966487,53.750866,2.624715,5.179843,17.702572,-8.030925,9.809225
57.795593,2.619814,2.851787,-12.342246,27.071694,2.755856,30.837741,53.750866,2.624715,5.179843,17.832268,-8.017460,9.643398
58.034387,79.602824,9.005965,-7.071313,20.372340,-2.241133,27.097914,89.684661,7.180227,9.149216,14.218728,-9.508613,10.889661
58.250910,82.298552,42.361439,-3.076077,16.579334,-0.978285,22.641618,102.110286,36.731119,17.846330,12.106937,-12.694001,9.119383
58.450888,85.945901,78.103740,0.803649,21.984682,0.031129,12.797630,107.366388,79.022308,30.115484,7.664292,-14.269602,-1.663737
58.667150,86.617164,83.947178,3.696359,25.699910,1.727060,9.605992,107.525839,83.777031,33.925315,16.115347,-12.813108,-1.507632
58.863336,86.273510,83.252599,2.749916,23.362493,1.684335,9.067542,107.312971,82.295866,33.319221,14.999765,-12.809258,-1.583133
59.047073,82.835780,82.726428,-1.497887,22.537645,2.687833,10.427668,105.660252,82.440036,31.954664,14.020354,-14.691768,-1.517402
59.227162,73.304565,82.435206,-12.887941,21.100638,2.763152,10.531248,96.558052,82.990718,22.433508,12.271509,-16.257227,-1.992630
59.402596,63.938399,82.791123,-23.391676,19.585345,2.249602,11.595862,83.717868,83.725469,8.171264,9.902323,-16.526302,-1.067355
59.666243,39.833828,84.184659,-44.080780,23.388784,5.880532,7.229242,59.402683,84.171010,-16.489954,8.512862,-14.260745,-0.848556
59.879081,22.505613,83.095632,-60.824387,24.995827,5.622949,8.156945,41.024459,84.497765,-37.138889,9.508271,-11.192912,-0.869470
