0.000000,-95.852490,90.000114,-5.850199,87.861198,1.959201,145.117624,-84.147510,90.000114,5.850199,105.037595,-1.417813,47.963435
0.332285,63.799043,13.255603,36.293082,-6.520965,14.620098,103.648642,-84.147510,90.000114,5.850199,104.311044,-0.108384,54.207752
0.543384,63.799043,13.255603,36.293082,-6.520965,14.620098,103.648642,-84.147510,90.000114,5.850199,104.876335,-0.453177,52.310557
0.777315,47.842621,12.022023,11.985109,-8.605665,12.222036,128.136727,-84.147510,90.000114,5.850199,105.306945,-1.188595,50.941962
1.000174,47.842621,12.022023,11.985109,-8.605665,12.222036,128.136727,-84.147510,90.000114,5.850199,105.399492,-1.386545,52.065018
1.214366,47.842621,12.022023,11.985109,-8.605665,12.222036,128.136727,66.652695,7.713617,44.053164,8.076498,-4.570172,11.461502
1.399080,46.309180,11.986516,11.156153,-8.501113,12.258333,128.965394,71.816860,9.213666,37.378141,7.177811,-3.840688,12.668464
1.612430,46.309180,11.986516,11.156153,-8.501113,12.258333,128.965394,72.230299,8.779781,38.042391,7.254825,-3.753927,12.668743
1.843399,46.309180,11.986516,11.156153,-8.501113,12.258333,128.965394,70.048567,8.543490,36.849896,7.329840,-3.876690,10.946165
2.090998,46.309180,11.986516,11.156153,-8.501113,12.258333,128.965394,70.670379,8.636281,36.499453,7.839509,-4.377990,10.495873
2.388759,67.964030,9.740396,23.902632,-7.514821,9.770847,104.564989,87.169390,8.920617,52.045957,-0.685796,-13.594068,-25.223722
2.601767,67.964030,9.740396,23.902632,-7.514821,9.770847,104.564989,87.169390,8.920617,52.045957,-5.915668,-8.497219,-16.152069
2.792268,67.964030,9.740396,23.902632,-7.514821,9.770847,104.564989,87.169390,8.920617,52.045957,-4.999242,-9.329670,-20.530542
3.029264,62.391040,9.740312,18.329677,-7.514821,9.770847,104.564989,92.742154,8.920538,57.618915,-5.330914,-8.831373,-19.576847
3.269950,62.391040,9.740312,18.329677,-7.514821,9.770847,104.564989,44.212122,9.085766,25.725470,5.395407,-5.220501,11.960881
3.501989,62.391040,9.740312,18.329677,-7.514821,9.770847,104.564989,43.727484,9.194392,25.225135,5.215103,-5.074508,12.234309
3.738874,73.264587,8.662337,25.339810,-6.802892,8.645590,97.406841,43.727484,9.194392,25.225135,2.852679,-7.912189,-2.223763
3.924105,66.878573,8.318524,22.915662,-6.272954,8.812564,99.931702,43.620165,9.194396,25.117834,0.838984,-12.661961,-12.972869
4.099076,67.553313,8.484085,23.339675,-6.398640,8.908024,99.586386,43.552262,9.194408,25.049979,4.142397,-8.236106,0.409137
4.343842,71.766695,8.426382,23.236310,-6.774679,8.409690,99.205281,44.023490,9.194380,25.521328,3.888128,-8.864861,1.612851
4.541297,70.670508,8.477017,23.083405,-6.728233,8.545732,99.365119,44.023490,9.194380,25.521328,3.888128,-8.864861,1.612851
4.748638,70.670508,8.477017,23.083405,-6.728233,8.545732,99.365119,44.023490,9.194380,25.521328,3.888128,-8.864861,1.612851
4.978681,70.670508,8.477017,23.083405,-6.728233,8.545732,99.365119,44.023490,9.194380,25.521328,3.888128,-8.864861,1.612851
5.210686,70.670508,8.477017,23.083405,-6.728233,8.545732,99.365119,44.023490,9.194380,25.521328,3.888128,-8.864861,1.612851
5.392719,73.177569,8.477090,25.590462,-6.728233,8.545732,99.365119,41.516841,9.194411,23.014265,3.888128,-8.864861,1.612851
5.611656,73.177569,8.477090,25.590462,-6.728233,8.545732,99.365119,41.516841,9.194411,23.014265,3.888128,-8.864861,1.612851
5.831750,73.177569,8.477090,25.590462,-6.728233,8.545732,99.365119,41.516841,9.194411,23.014265,3.888128,-8.864861,1.612851
6.042150,73.177569,8.477090,25.590462,-6.728233,8.545732,99.365119,41.516841,9.194411,23.014265,3.888128,-8.864861,1.612851
6.259378,73.177569,8.477090,25.590462,-6.728233,8.545732,99.365119,41.516841,9.194411,23.014265,3.888128,-8.864861,1.612851
6.474970,73.177569,8.477090,25.590462,-6.728233,8.545732,99.365119,41.516841,9.194411,23.014265,3.888128,-8.864861,1.612851
6.691034,72.728725,8.477072,25.141839,-6.728233,8.545732,99.365119,41.965451,9.194374,23.462890,3.888128,-8.864861,1.612851
6.911234,70.785710,8.477007,23.198781,-6.728233,8.545732,99.365119,43.908126,9.194353,25.405953,4.723248,-6.043910,-6.236602
7.129712,70.237311,8.476999,22.650370,-6.728233,8.545732,99.365119,44.456490,9.194351,25.954365,4.387099,-6.189970,-7.496003
7.360562,70.437611,8.476998,22.850669,-6.728233,8.545732,99.365119,-9.297378,3.086598,37.139348,6.519785,-13.920682,-18.539315
7.581243,70.437611,8.476998,22.850669,-6.728233,8.545732,99.365119,-9.297378,3.086598,37.139348,5.904847,-14.518212,-17.533918
7.758209,70.420347,8.476988,22.833485,-6.728233,8.545732,99.365119,-81.781590,1.949097,50.280718,1.244300,-18.437088,-29.755382
7.965292,70.420347,8.476988,22.833485,-6.728233,8.545732,99.365119,-81.781590,1.949097,50.280718,0.878679,-19.133674,-29.034143
8.143524,70.420347,8.476988,22.833485,-6.728233,8.545732,99.365119,-81.781590,1.949097,50.280718,0.878679,-19.133674,-29.034143
8.345690,70.420347,8.476988,22.833485,-6.728233,8.545732,99.365119,-41.207387,3.604592,60.629275,-0.345345,-18.165349,-39.918111
8.536230,64.363624,8.799467,19.824882,-6.797690,9.071868,102.424148,-41.207387,3.604592,60.629275,-0.345345,-18.165349,-39.918111
8.754773,64.472759,8.799466,19.933986,-6.797690,9.071868,102.424148,-41.316430,3.604595,60.520170,0.531698,-19.009417,-30.380837
8.960574,65.068410,8.965022,20.289844,-6.924922,9.166252,102.079923,-41.316430,3.604595,60.520170,0.531698,-19.009417,-30.380837
9.149574,64.420884,9.288778,19.315631,-7.239137,9.347493,103.004319,-41.233029,3.604662,60.604200,1.607428,-18.309347,-30.185914
9.347698,74.694869,9.608617,23.318354,-8.187077,8.780914,103.481584,-45.698875,3.604530,56.136993,0.425641,-17.272060,-28.056063
9.559573,75.106111,9.081210,23.583034,-7.791708,8.434600,103.624329,-46.151914,3.604524,55.683854,1.250194,-17.594478,-26.446502
9.764316,69.049737,9.213963,23.042678,-7.372206,9.170863,104.757358,-35.257707,5.082872,53.465515,3.339040,-16.904267,-23.651018
9.973347,68.837713,9.213954,22.830672,-7.372206,9.170863,104.757358,-35.045783,5.082878,53.677522,2.917741,-16.219109,-23.087239
10.159114,66.518153,9.092437,23.558348,-6.904262,9.435500,104.017656,-35.045783,5.082878,53.677522,2.357292,-15.935820,-24.060158
10.356398,66.161600,9.328477,23.923410,-6.957611,9.692555,103.530782,-34.906074,5.082887,53.817284,2.893096,-16.225689,-26.472382
10.586140,70.832630,9.716820,24.405591,-7.722748,9.481814,103.423087,-35.250269,5.082879,53.473044,3.431537,-16.867906,-27.148533
10.766321,69.282374,9.841764,24.415122,-7.644740,9.755591,103.750777,-35.570435,5.082877,53.152758,2.571310,-16.747554,-27.120325
10.980052,70.093990,9.775839,24.265813,-7.718937,9.590650,103.893187,-35.570435,5.082877,53.152758,2.667441,-16.665341,-24.306928
11.202263,71.143538,9.714545,24.529238,-7.757794,9.453710,103.728986,-35.678210,5.082881,53.044946,3.607964,-15.968224,-20.420963
11.407748,72.117510,9.653246,24.518492,-7.831638,9.288498,103.870963,-35.816703,5.082871,52.906400,2.632881,-14.420487,-17.030418
11.621473,72.117510,9.653246,24.518492,-7.831638,9.288498,103.870963,-35.816703,5.082871,52.906400,4.032118,-14.728574,-16.324678
11.819693,72.117510,9.653246,24.518492,-7.831638,9.288498,103.870963,-35.816703,5.082871,52.906400,4.451694,-15.361756,-17.137786
11.995966,67.238552,9.615516,23.951017,-7.299378,9.779866,103.875834,-35.250269,5.082879,53.473044,3.300187,-15.639476,-19.610595
12.220612,65.388861,9.637947,24.617148,-6.969229,10.087862,103.206782,-35.250269,5.082879,53.473044,3.599933,-15.677607,-19.942895
12.407259,66.725199,9.726664,24.923695,-7.134037,10.044349,102.700805,-35.045783,5.082878,53.677522,3.979504,-16.073593,-18.275902
12.678950,68.773123,9.715090,24.658924,-7.429548,9.763870,103.062993,-35.142510,5.082875,53.580840,4.404301,-15.662975,-15.872673
12.862240,68.158509,9.710205,23.675067,-7.500768,9.709722,103.675528,-34.767685,5.082859,53.955630,2.957815,-14.970731,-17.165732
13.076451,66.729515,9.743089,22.852383,-7.479288,9.798286,104.257599,-28.974532,10.402517,44.851286,10.906313,-12.736955,-9.949076
13.296811,66.850898,9.745751,23.157447,-7.443673,9.825483,103.950770,-28.974532,10.402517,44.851286,10.650574,-13.430609,-14.543266
13.479198,68.586782,9.520740,24.258907,-7.290529,9.606264,102.518480,-28.675289,10.402519,45.150502,10.920680,-13.393393,-17.102555
13.696158,68.299303,9.877923,23.788244,-7.591599,9.832408,103.025813,-28.675289,10.402519,45.150502,12.096900,-13.914792,-21.702831
13.885915,65.088281,9.960297,23.786894,-7.218891,10.277108,102.520089,-28.163147,10.402512,45.662648,12.082622,-14.813299,-27.560921
14.069800,65.884805,9.764380,24.612737,-7.041330,10.142754,101.669395,-28.163147,10.402512,45.662648,12.082622,-14.813299,-27.560921
14.267519,66.465157,10.068770,26.566689,-6.966568,10.544888,99.727332,-28.163147,10.402512,45.662648,12.082622,-14.813299,-27.560921
14.441650,66.189849,10.302634,26.770358,-7.044334,10.779788,99.543450,-28.163147,10.402512,45.662648,12.082622,-14.813299,-27.560921
14.617142,64.378497,10.302537,24.959128,-7.044334,10.779788,99.543450,-26.352333,10.402575,47.473887,12.082622,-14.813299,-27.560921
14.795669,66.208283,9.924530,24.460395,-7.128054,10.222476,100.013241,-26.352333,10.402575,47.473887,12.082622,-14.813299,-27.560921
14.980979,68.081928,9.924570,26.333963,-7.128054,10.222476,100.013241,-28.225708,10.402552,45.600315,12.082622,-14.813299,-27.560921
15.183025,68.427002,9.924579,26.679044,-7.128054,10.222476,100.013241,-28.570762,10.402545,45.255233,12.082622,-14.813299,-27.560921
15.367120,68.750894,10.055002,26.611316,-7.271398,10.272350,100.094046,-28.570762,10.402545,45.255233,12.082622,-14.813299,-27.560921
15.595594,68.750894,10.055002,26.611316,-7.271398,10.272350,100.094046,-28.570762,10.402545,45.255233,12.082622,-14.813299,-27.560921
15.799042,68.750894,10.055002,26.611316,-7.271398,10.272350,100.094046,-28.570762,10.402545,45.255233,12.082622,-14.813299,-27.560921
16.002659,68.750894,10.055002,26.611316,-7.271398,10.272350,100.094046,-28.570762,10.402545,45.255233,12.082622,-14.813299,-27.560921
16.205035,68.750894,10.055002,26.611316,-7.271398,10.272350,100.094046,-28.570762,10.402545,45.255233,12.082622,-14.813299,-27.560921
16.443321,68.750894,10.055002,26.611316,-7.271398,10.272350,100.094046,-28.570762,10.402545,45.255233,12.082622,-14.813299,-27.560921
16.638679,68.750894,10.055002,26.611316,-7.271398,10.272350,100.094046,-28.570762,10.402545,45.255233,12.082622,-14.813299,-27.560921
16.864497,68.750894,10.055002,26.611316,-7.271398,10.272350,100.094046,-28.570762,10.402545,45.255233,12.082622,-14.813299,-27.560921
17.039792,68.750894,10.055002,26.611316,-7.271398,10.272350,100.094046,-28.570762,10.402545,45.255233,12.082622,-14.813299,-27.560921
17.263624,68.750894,10.055002,26.611316,-7.271398,10.272350,100.094046,-28.570762,10.402545,45.255233,12.082622,-14.813299,-27.560921
17.463851,68.750894,10.055002,26.611316,-7.271398,10.272350,100.094046,-18.269673,14.452101,-59.387544,7.592657,17.070490,73.843289
17.682903,68.750894,10.055002,26.611316,-7.271398,10.272350,100.094046,-18.269673,14.452101,-59.387544,7.592657,17.070490,73.843289
17.860084,68.750894,10.055002,26.611316,-7.271398,10.272350,100.094046,-18.269673,14.452101,-59.387544,7.592657,17.070490,73.843289
18.083778,68.750894,10.055002,26.611316,-7.271398,10.272350,100.094046,-18.269673,14.452101,-59.387544,7.592657,17.070490,73.843289
18.280970,68.750894,10.055002,26.611316,-7.271398,10.272350,100.094046,-18.269673,14.452101,-59.387544,7.592657,17.070490,73.843289
18.508754,68.750894,10.055002,26.611316,-7.271398,10.272350,100.094046,-18.269673,14.452101,-59.387544,7.592657,17.070490,73.843289
18.693828,68.750894,10.055002,26.611316,-7.271398,10.272350,100.094046,-18.269673,14.452101,-59.387544,7.592657,17.070490,73.843289
18.905751,68.750894,10.055002,26.611316,-7.271398,10.272350,100.094046,-18.269673,14.452101,-59.387544,7.592657,17.070490,73.843289
19.088851,63.637450,9.891185,21.716963,-7.148969,10.174700,100.437715,-13.733257,14.452555,-54.849656,7.592657,17.070490,73.843289
19.280203,65.504455,9.891255,23.583256,-7.148969,10.174700,100.437715,-15.599045,14.452603,-56.715976,4.201523,15.925185,83.713392
19.455046,63.471010,10.356578,22.754881,-7.269514,10.668540,99.768438,-14.063752,14.452678,-55.180325,5.248864,15.872735,87.175728
19.656441,65.416180,12.993119,20.190810,-9.697016,11.960089,98.199897,-9.659509,14.452691,-50.774345,4.914449,17.578070,83.600885
19.842332,64.256193,12.993060,19.030890,-9.697016,11.960089,98.199897,-8.499807,14.452712,-49.614416,5.183418,15.493163,80.725586
20.042083,67.198430,11.010382,18.472624,-8.717943,10.085660,98.316859,-8.286315,14.452710,-49.400977,4.130194,18.026101,88.046708
20.241491,66.932448,11.146373,17.953398,-8.858183,10.136654,98.400467,-7.837235,14.452700,-48.951891,3.236357,18.237307,91.780280
20.445090,69.430552,11.251857,18.687097,-9.075817,9.950251,96.720041,-6.900355,14.452724,-48.014785,3.672853,18.312620,92.568394
20.675631,70.145582,11.072773,18.900632,-8.982917,9.764152,96.473825,-6.889850,14.452720,-48.004222,3.589092,18.724926,92.886435
20.886758,67.256492,10.362871,19.026871,-8.056363,9.742875,96.159230,-6.760715,14.452728,-47.875055,3.589092,18.724926,92.886435
21.075137,67.549228,10.534247,19.064993,-8.214730,9.821143,96.113680,-6.738204,14.452721,-47.852427,3.589092,18.724926,92.886435
21.276295,70.577772,10.718312,19.196991,-8.693109,9.527403,95.974780,-6.725881,14.452718,-47.840047,3.589092,18.724926,92.886435
21.453241,70.577772,10.718312,19.196991,-8.693109,9.527403,95.974780,-6.725881,14.452718,-47.840047,2.066076,20.288474,93.316213
21.674164,68.576565,11.185900,19.517184,-8.751500,10.167086,95.467502,-6.487320,14.452733,-47.601276,2.797175,19.760170,94.002284
21.875735,70.802936,10.890863,19.413616,-8.813627,9.634276,95.631306,-6.585173,14.452734,-47.699174,2.923282,18.589111,91.684141
22.061335,71.381115,10.890893,19.991770,-8.813627,9.634276,95.631306,-7.163217,14.452726,-48.277332,2.923282,18.589111,91.684141
22.260577,71.381115,10.890893,19.991770,-8.813627,9.634276,95.631306,-7.163217,14.452726,-48.277332,2.923282,18.589111,91.684141
22.439864,71.381115,10.890893,19.991770,-8.813627,9.634276,95.631306,-7.163217,14.452726,-48.277332,2.923282,18.589111,91.684141
22.647094,71.381115,10.890893,19.991770,-8.813627,9.634276,95.631306,-7.163217,14.452726,-48.277332,2.923282,18.589111,91.684141
22.825371,71.381115,10.890893,19.991770,-8.813627,9.634276,95.631306,-7.163217,14.452726,-48.277332,2.923282,18.589111,91.684141
23.009432,71.508014,10.890904,20.118689,-8.813627,9.634276,95.631306,-7.290104,14.452718,-48.404252,2.923282,18.589111,91.684141
23.209374,69.895864,11.110286,19.743488,-8.857971,9.953741,96.036606,-7.290104,14.452718,-48.404252,2.860807,18.558838,90.655210
23.415704,67.087531,11.147295,17.923036,-8.897456,10.107868,98.701601,-8.106749,14.452729,-49.221000,2.128496,19.998470,93.701617
23.624607,67.087531,11.147295,17.923036,-8.897456,10.107868,98.701601,-8.106749,14.452729,-49.221000,1.939870,21.209435,96.306866
23.852306,67.087531,11.147295,17.923036,-8.897456,10.107868,98.701601,-8.106749,14.452729,-49.221000,1.868392,21.325421,97.227990
24.047906,67.087531,11.147295,17.923036,-8.897456,10.107868,98.701601,-8.106749,14.452729,-49.221000,1.987786,19.786758,95.416230
24.282040,67.087531,11.147295,17.923036,-8.897456,10.107868,98.701601,-8.106749,14.452729,-49.221000,2.152714,19.514096,94.357990
24.486304,67.087531,11.147295,17.923036,-8.897456,10.107868,98.701601,-8.106749,14.452729,-49.221000,2.192984,19.708374,94.087310
24.723389,64.477545,11.535598,16.298695,-9.150838,10.494948,100.383287,-8.106749,14.452729,-49.221000,2.192984,19.708374,94.087310
24.931833,64.477545,11.535598,16.298695,-9.150838,10.494948,100.383287,-8.106749,14.452729,-49.221000,2.192984,19.708374,94.087310
25.150504,62.044482,11.175684,16.249301,-8.564290,10.598260,100.401506,-8.106749,14.452729,-49.221000,2.192984,19.708374,94.087310
25.335627,62.044482,11.175684,16.249301,-8.564290,10.598260,100.401506,-8.106749,14.452729,-49.221000,2.192984,19.708374,94.087310
25.543847,62.015641,11.043375,16.528421,-8.422360,10.550166,100.320153,-8.318364,14.452720,-49.432635,1.194994,18.556315,94.637400
25.729799,62.745937,10.984678,16.380536,-8.502881,10.386889,100.461322,-8.318364,14.452720,-49.432635,1.233451,18.631906,96.124462
25.981039,62.864209,10.984693,16.682087,-8.463677,10.414957,100.157825,-8.318364,14.452720,-49.432635,1.233451,18.631906,96.124462
26.194689,62.864209,10.984693,16.682087,-8.463677,10.414957,100.157825,-8.318364,14.452720,-49.432635,1.188553,19.053518,97.488022
26.375977,62.864209,10.984693,16.682087,-8.463677,10.414957,100.157825,-8.318364,14.452720,-49.432635,2.696583,18.543796,93.528136
26.556025,62.864209,10.984693,16.682087,-8.463677,10.414957,100.157825,-8.318364,14.452720,-49.432635,2.697324,18.167786,92.633394
26.794309,63.336157,11.152787,17.039111,-8.585524,10.516826,99.815261,-8.318364,14.452720,-49.432635,2.736823,18.039834,91.719546
27.041857,62.367324,11.702744,16.350539,-8.989522,10.927842,100.569281,-8.318364,14.452720,-49.432635,2.239020,18.160628,92.301243
27.244671,62.367324,11.702744,16.350539,-8.989522,10.927842,100.569281,-8.318364,14.452720,-49.432635,2.199555,17.967087,92.571437
27.471479,62.367324,11.702744,16.350539,-8.989522,10.927842,100.569281,-8.318364,14.452720,-49.432635,2.448104,17.907927,92.281037
27.655370,62.367324,11.702744,16.350539,-8.989522,10.927842,100.569281,-8.318364,14.452720,-49.432635,2.987092,18.299325,92.071138
27.835028,62.367324,11.702744,16.350539,-8.989522,10.927842,100.569281,-8.318364,14.452720,-49.432635,3.762370,19.101110,90.902110
28.060604,62.367324,11.702744,16.350539,-8.989522,10.927842,100.569281,-8.318364,14.452720,-49.432635,3.571636,18.554399,90.942633
28.263601,62.367324,11.702744,16.350539,-8.989522,10.927842,100.569281,-8.318364,14.452720,-49.432635,3.795466,20.484903,42.368862
28.446896,62.367324,11.702744,16.350539,-8.989522,10.927842,100.569281,-8.318364,14.452720,-49.432635,6.671288,22.446362,10.460709
28.656281,62.367324,11.702744,16.350539,-8.989522,10.927842,100.569281,-8.318364,14.452720,-49.432635,6.428404,22.078438,11.421625
28.833960,62.367324,11.702744,16.350539,-8.989522,10.927842,100.569281,-8.318364,14.452720,-49.432635,6.543979,21.231326,11.290738
29.044934,62.367324,11.702744,16.350539,-8.989522,10.927842,100.569281,-8.318364,14.452720,-49.432635,4.017085,17.440186,82.562988
29.260717,62.762167,11.702893,16.745803,-8.989522,10.927842,100.569281,-8.713344,14.452563,-49.827899,-2.354854,23.707092,177.252279
29.464489,63.110356,11.702902,17.093979,-8.989522,10.927842,100.569281,-9.061487,14.452560,-50.176076,1.849255,22.535014,139.455329
29.649585,63.110356,11.702902,17.093979,-8.989522,10.927842,100.569281,12.552657,12.732995,-42.883410,59.514284,29.313866,53.107565
29.867002,60.260100,11.702839,14.243860,-8.989522,10.927842,100.569281,61.861396,126.819325,9.181582,6.442731,4.184164,31.158416
30.073445,62.950727,11.702935,16.934207,-8.989522,10.927842,100.569281,84.882786,149.217953,41.230008,26.989511,1.050579,9.303655
30.254432,62.965918,11.702957,16.949387,-8.989522,10.927842,100.569281,78.962733,139.927914,57.414175,28.174068,5.808668,46.603955
30.475021,62.513816,11.702940,16.497334,-8.989522,10.927842,100.569281,75.161548,133.304427,58.965171,24.645611,-0.389874,77.696046
30.737434,62.164077,11.702931,16.147608,-8.989522,10.927842,100.569281,72.772959,131.754045,56.299786,22.193958,-3.172371,78.394318
30.918708,61.930719,11.702912,15.914281,-8.989522,10.927842,100.569281,73.162028,131.970071,54.149364,19.697807,-2.996729,75.985116
31.131530,61.930719,11.702912,15.914281,-8.989522,10.927842,100.569281,75.331712,135.988192,51.850444,19.066554,-1.670105,61.293352
31.335761,61.762323,11.702881,15.745990,-8.989522,10.927842,100.569281,74.536229,138.563895,50.748383,18.712236,-0.338520,59.203403
31.597475,61.529631,11.702861,15.513328,-8.989522,10.927842,100.569281,72.753109,138.010614,47.164312,18.457794,-1.251201,58.645862
31.783746,61.961446,11.702868,15.945147,-8.989522,10.927842,100.569281,61.717104,139.659297,15.023244,22.505687,-2.254752,26.619071
31.992389,60.427563,11.702869,14.411216,-8.989522,10.927842,100.569281,52.818203,101.167019,-19.738992,35.345226,6.292618,23.337194
32.185961,63.572561,11.702972,17.555843,-8.989522,10.927842,100.569281,40.584380,42.024529,-24.477248,-11.058340,13.948151,34.232897
32.367894,63.572561,11.702972,17.555843,-8.989522,10.927842,100.569281,40.584380,42.024529,-24.477248,-39.617671,8.279709,32.425462
32.622838,64.155638,11.703000,18.138881,-8.989522,10.927842,100.569281,40.001370,42.024544,-25.060296,-29.222279,11.334403,32.608805
32.853757,62.400105,11.702939,16.383560,-8.989522,10.927842,100.569281,41.756641,42.024487,-23.304952,-27.325673,13.287006,46.719827
33.099429,62.965918,11.702957,16.949387,-8.989522,10.927842,100.569281,41.190834,42.024489,-23.870786,-26.093422,13.721327,49.309026
33.284139,62.965918,11.702957,16.949387,-8.989522,10.927842,100.569281,41.190834,42.024489,-23.870786,-24.824225,14.582051,50.879455
33.514898,62.616181,11.702948,16.599661,-8.989522,10.927842,100.569281,41.540552,42.024485,-23.521057,-24.863452,14.723330,50.761747
33.727506,62.616181,11.702948,16.599661,-8.989522,10.927842,100.569281,41.540552,42.024485,-23.521057,-24.340618,15.771157,51.826742
33.957329,62.616181,11.702948,16.599661,-8.989522,10.927842,100.569281,41.540552,42.024485,-23.521057,-23.846527,16.014730,51.859977
34.147882,62.765660,11.702969,16.749092,-8.989522,10.927842,100.569281,41.391141,42.024499,-23.670495,-23.715390,15.976376,51.477665
34.340135,62.180077,11.702953,16.163595,-8.989522,10.927842,100.569281,39.590471,30.032578,-19.748287,-11.107154,12.562112,47.039162
34.522985,61.946089,11.702934,15.929639,-8.989522,10.927842,100.569281,37.586933,26.250729,-20.392052,-7.281145,11.543041,47.193911
34.728870,61.811902,11.702935,15.795488,-8.989522,10.927842,100.569281,37.721088,26.250722,-20.257902,-7.239702,12.317896,47.998856
34.968380,61.478639,11.702936,15.462181,-8.989522,10.927842,100.569281,38.054394,26.250731,-19.924595,-7.101396,11.585172,49.699294
35.172167,61.395001,11.702938,15.378525,-8.989522,10.927842,100.569281,38.138052,26.250735,-19.840940,9.110227,3.585235,58.007103
35.389292,60.809781,11.702922,14.793392,-8.989522,10.927842,100.569281,50.641577,67.030090,-3.030073,16.656813,-3.199839,47.967321
35.570531,60.809781,11.702922,14.793392,-8.989522,10.927842,100.569281,59.962172,124.353679,9.701377,11.970636,-8.730750,45.215365
35.785347,62.396507,11.702963,16.380050,-8.989522,10.927842,100.569281,65.628964,148.062594,21.744147,15.159684,-7.331467,30.778616
35.976009,61.679345,11.762128,16.489754,-8.908330,11.091390,100.428363,67.950550,155.611182,26.436446,16.913808,-7.522966,30.798501
36.200639,77.325527,11.201024,17.479045,-10.161466,8.440248,99.277013,62.878205,150.153727,14.262901,21.592839,-9.530058,32.212232
36.378726,77.325527,11.201024,17.479045,-10.161466,8.440248,99.277013,59.210516,112.928686,-6.953602,55.466409,-14.392125,53.301767
36.559341,77.325527,11.201024,17.479045,-10.161466,8.440248,99.277013,61.195877,44.784088,-10.742821,0.279123,-4.668834,27.855875
36.760471,77.082615,11.201084,17.236126,-10.161466,8.440248,99.277013,62.503712,38.099407,-9.939077,-23.756538,3.562523,17.555797
36.942098,73.786762,11.094214,16.237028,-9.867459,8.762631,99.810773,62.986088,38.099395,-9.456699,-24.647217,1.344490,5.199482
37.193831,67.446779,11.859010,23.348048,-8.419063,11.359676,92.486797,63.287341,38.099397,-9.155427,-18.278171,-0.406817,-0.077594
37.414951,67.529946,11.859008,23.431233,-8.419063,11.359676,92.486797,63.204158,38.099393,-9.238612,-20.808622,-3.969098,-27.629894
37.599853,69.717813,11.859069,25.618890,-8.419063,11.359676,92.486797,61.644926,33.644917,-10.781505,-24.110495,-11.941331,-109.477081
37.833530,69.600197,11.333024,25.439339,-8.061050,10.976892,92.630058,46.232733,25.044460,-75.388890,2.377182,-17.687598,-43.200757
38.016454,58.548865,12.251559,16.686289,-8.745141,11.925687,100.291876,27.579889,25.514361,-79.366030,9.837331,-12.715318,-23.608915
38.190793,58.416397,12.251561,16.553854,-8.745141,11.925687,100.291876,-6.920223,30.964656,-95.199827,29.452700,-5.065471,-13.949623
38.371407,59.405431,12.251540,17.542845,-8.745141,11.925687,100.291876,-13.354084,32.269539,-99.048537,44.578791,-1.641503,-14.876167
38.550024,60.791056,12.507921,15.919452,-9.466717,11.648251,101.738251,-10.166311,30.513082,-96.472457,43.081597,27.516605,-3.417279
38.780718,60.791056,12.507921,15.919452,-9.466717,11.648251,101.738251,-2.392839,27.938459,-89.392766,-100.395797,49.209426,170.691984
38.964974,62.623954,12.508053,17.751954,-9.466717,11.648251,101.738251,74.669702,26.020168,28.051870,72.682464,51.591247,-5.517458
39.193205,62.623954,12.508053,17.751954,-9.466717,11.648251,101.738251,74.753635,26.176942,29.196353,73.408305,47.380097,-11.912855
39.372509,61.584977,12.508008,16.713063,-9.466717,11.648251,101.738251,72.085276,23.965240,25.792831,74.243376,49.941881,-8.368981
39.583586,61.584977,12.508008,16.713063,-9.466717,11.648251,101.738251,73.257670,24.854067,25.615042,74.025096,50.297287,-8.575738
39.770862,61.803652,12.508005,16.931723,-9.466717,11.648251,101.738251,75.245148,25.412257,26.112523,72.985999,50.075299,-8.573621
39.950932,61.803652,12.508005,16.931723,-9.466717,11.648251,101.738251,75.245148,25.412257,26.112523,72.985999,50.075299,-8.573621
40.175005,61.803652,12.508005,16.931723,-9.466717,11.648251,101.738251,76.668661,25.519573,25.664315,71.837708,50.513397,-7.698739
40.356668,61.803652,12.508005,16.931723,-9.466717,11.648251,101.738251,76.208316,24.844253,24.375152,71.462089,31.604638,-12.669392
40.555093,62.124453,12.507995,17.252624,-9.466717,11.648251,101.738251,76.083150,23.985343,22.799955,62.637288,-20.501740,-17.086281
40.740876,62.530377,10.412665,18.183390,-7.835266,10.255567,100.660635,75.995261,23.985337,22.712099,-16.140270,-72.264262,-98.564391
40.919215,59.624320,10.150506,22.794153,-6.407201,10.970758,95.976239,75.995261,23.985337,22.712099,-74.499608,-65.864440,-154.935615
41.158975,57.507156,10.150378,20.677396,-6.407201,10.970758,95.976239,78.111939,23.985195,24.828870,-85.214329,-60.867357,-168.450550
41.335670,70.745593,11.075058,24.950076,-8.049501,10.571114,91.635364,17.999611,26.182673,-91.982715,68.929265,-2.255815,-7.154630
41.560182,71.328357,11.075088,25.532817,-8.049501,10.571114,91.635364,17.416929,26.182677,-92.565464,68.424069,0.141160,-6.507410
41.758199,71.430446,11.075097,25.634873,-8.049501,10.571114,91.635364,17.161308,26.480066,-92.066709,67.082584,0.865817,-5.786155
41.937375,70.908582,10.906120,25.174833,-7.935441,10.462474,91.979614,17.263345,26.480060,-91.964651,66.416103,1.359776,-5.561240
42.140781,70.908582,10.906120,25.174833,-7.935441,10.462474,91.979614,19.197423,25.568335,-88.424034,67.389454,-0.168293,-5.736385
42.355295,70.908582,10.906120,25.174833,-7.935441,10.462474,91.979614,19.151180,24.980208,-88.314720,68.157230,1.326494,-5.637686
42.550183,68.729236,11.017256,23.700751,-7.997618,10.633120,93.477098,19.151180,24.980208,-88.314720,68.103762,1.555177,-5.860631
42.776913,64.334765,9.699336,22.018915,-6.798146,10.022136,95.047152,18.220572,24.975168,-86.145420,68.152549,-0.269237,-6.958428
42.958567,64.334765,9.699336,22.018915,-6.798146,10.022136,95.047152,20.984422,25.442377,-83.664910,68.157786,-2.214765,-6.525230
43.189844,64.334765,9.699336,22.018915,-6.798146,10.022136,95.047152,20.950315,25.521344,-82.846636,67.791196,-1.932301,-6.650039
43.388484,64.203976,9.699325,21.888114,-6.798146,10.022136,95.047152,21.191860,25.457745,-82.432314,68.214579,-4.418258,-6.462622
43.598427,58.752328,9.618411,22.108908,-5.997753,10.571113,94.804992,23.415552,25.593209,-81.897241,69.651296,-8.597309,-5.181356
43.772684,61.101625,9.632637,22.471802,-6.252337,10.378993,94.446684,23.415552,25.593209,-81.897241,69.339346,-4.676375,-7.525023
44.000242,66.361665,9.612871,22.620110,-6.875575,9.797691,94.302680,23.415552,25.593209,-81.897241,62.291810,34.779132,-1.743352
44.191261,69.191501,9.730748,21.445915,-7.489936,9.389594,95.491878,23.415552,25.593209,-81.897241,59.956145,45.445940,0.138168
44.405584,59.903869,9.360880,15.700886,-7.100523,9.520096,101.249221,23.415552,25.593209,-81.897241,59.956145,45.445940,0.138168
44.604620,58.475161,9.529004,16.419616,-6.924979,9.891069,100.541063,23.415552,25.593209,-81.897241,59.956145,45.445940,0.138168
44.792417,65.396775,10.550574,17.834684,-8.269489,9.938774,99.206421,23.415552,25.593209,-81.897241,59.956145,45.445940,0.138168
45.001115,66.080405,10.362728,18.056785,-8.172077,9.753055,98.963068,23.415552,25.593209,-81.897241,59.956145,45.445940,0.138168
45.176953,66.080405,10.362728,18.056785,-8.172077,9.753055,98.963068,23.415552,25.593209,-81.897241,59.956145,45.445940,0.138168
45.352352,66.080405,10.362728,18.056785,-8.172077,9.753055,98.963068,23.415552,25.593209,-81.897241,59.956145,45.445940,0.138168
45.533182,66.080405,10.362728,18.056785,-8.172077,9.753055,98.963068,23.415552,25.593209,-81.897241,59.956145,45.445940,0.138168
45.705424,66.080405,10.362728,18.056785,-8.172077,9.753055,98.963068,23.415552,25.593209,-81.897241,59.956145,45.445940,0.138168
45.917915,66.080405,10.362728,18.056785,-8.172077,9.753055,98.963068,23.415552,25.593209,-81.897241,59.956145,45.445940,0.138168
46.114721,66.080405,10.362728,18.056785,-8.172077,9.753055,98.963068,23.415552,25.593209,-81.897241,59.956145,45.445940,0.138168
46.294420,66.080405,10.362728,18.056785,-8.172077,9.753055,98.963068,23.415552,25.593209,-81.897241,37.306934,77.225067,19.684366
46.476763,66.080405,10.362728,18.056785,-8.172077,9.753055,98.963068,23.415552,25.593209,-81.897241,32.438085,74.509709,42.230184
46.732041,66.080405,10.362728,18.056785,-8.172077,9.753055,98.963068,23.415552,25.593209,-81.897241,33.879644,77.960199,15.124363
46.961703,66.080405,10.362728,18.056785,-8.172077,9.753055,98.963068,23.415552,25.593209,-81.897241,-4.563526,20.801749,156.639018
47.181890,66.080405,10.362728,18.056785,-8.172077,9.753055,98.963068,23.415552,25.593209,-81.897241,-13.611786,23.052477,165.118754
47.392636,66.080405,10.362728,18.056785,-8.172077,9.753055,98.963068,23.415552,25.593209,-81.897241,25.147169,66.393459,38.414252
47.634230,66.080405,10.362728,18.056785,-8.172077,9.753055,98.963068,23.415552,25.593209,-81.897241,38.484443,76.645585,15.445513
47.839615,66.080405,10.362728,18.056785,-8.172077,9.753055,98.963068,23.415552,25.593209,-81.897241,45.059472,76.344141,2.157470
48.016069,56.447437,9.689333,18.381891,-6.421266,10.460701,98.572454,23.507985,26.334762,-83.235386,16.254569,80.065726,50.932307
48.231556,56.666675,9.965380,21.846262,-6.067876,11.022990,97.109589,20.832055,26.725185,-86.114805,82.719710,68.828434,-71.105929
48.475784,56.666675,9.965380,21.846262,-6.067876,11.022990,97.109589,28.029688,32.577689,-9.013784,84.116356,3.223236,-30.080625
48.680128,53.837757,9.499718,15.894672,-6.323935,10.319068,99.344195,46.706272,23.452200,-18.376199,82.462977,6.744057,-37.750915
48.878819,49.828705,9.850503,16.960659,-5.867554,11.096600,100.035819,44.965867,23.452751,-20.117136,73.152607,19.507970,2.091227
49.093344,60.748942,10.547061,18.018703,-7.635428,10.569702,99.063350,44.965867,23.452751,-20.117136,73.907306,15.728422,-9.064971
49.319990,62.010698,10.905881,19.467916,-7.854938,10.856050,98.963615,51.181089,14.430267,-35.273176,79.486048,29.063411,-4.540558
49.547627,61.010938,10.482236,19.549347,-7.410152,10.680220,98.838174,51.181089,14.430267,-35.273176,79.486048,29.063411,-4.540558
49.743558,61.493105,10.482847,20.028017,-7.410152,10.680220,98.838174,50.703624,14.431087,-35.751945,77.117814,31.565057,-5.995895
49.939836,61.052673,10.320670,19.970724,-7.251068,10.604980,98.879676,50.703624,14.431087,-35.751945,76.985981,32.122404,-5.853234
50.163707,62.590405,10.384438,20.037327,-7.436947,10.481728,97.789438,51.725975,14.431061,-34.729589,76.541371,32.477621,-5.824059
50.359830,62.863034,10.156222,19.745176,-7.362057,10.245385,97.974214,51.813203,14.431064,-34.642360,76.360224,33.972222,-4.926183
50.559272,63.184817,10.156241,20.066945,-7.362057,10.245385,97.974214,43.260640,17.607362,-39.059038,78.357474,37.204180,-8.934842
50.743989,52.655881,10.955516,17.856294,-6.801882,11.811129,100.259933,31.736033,16.348885,-38.480291,82.897461,34.253827,-7.832316
50.928884,53.370114,10.955527,18.570389,-6.801882,11.811129,100.259933,2.110284,19.842362,-28.424697,91.825815,16.443972,-37.541044
51.133215,53.865777,11.057112,17.981305,-7.015980,11.774863,99.939763,10.517718,17.605338,-31.155564,88.033056,30.654235,-21.163623
51.367362,53.701756,9.412850,20.560749,-5.543220,10.723377,97.630904,42.664078,11.805401,-41.821677,80.068592,39.873049,-6.163378
51.604811,53.560942,9.263465,20.970945,-5.387272,10.647105,97.675180,42.195227,11.805398,-42.290525,80.594209,39.829559,-6.285835
51.802606,56.617395,10.871779,21.410905,-6.623587,11.724440,96.432520,43.141649,11.805354,-41.344047,81.672834,39.760543,-5.360144
52.033839,56.621535,10.791815,20.755761,-6.669387,11.587729,96.275738,43.947754,11.805341,-40.537766,82.045128,38.683950,-7.608845
52.213135,59.600578,10.490773,20.469959,-6.975720,10.978146,96.547457,43.947754,11.805341,-40.537766,81.413537,38.935918,-7.211573
52.388928,59.758099,10.420326,19.738272,-7.061769,10.819637,96.689937,44.533435,11.805324,-39.951963,80.459855,38.156222,-7.107234
52.611890,59.412196,10.452746,19.746976,-6.996726,10.889670,95.958679,45.252145,11.805301,-39.233146,80.004150,38.230631,-6.868681
52.790237,59.192259,10.452736,19.527014,-6.996726,10.889670,95.958679,33.388837,12.218202,-25.790742,84.127240,44.272251,-16.079498
52.986162,59.192259,10.452736,19.527014,-6.996726,10.889670,95.958679,50.517116,13.846102,-25.017980,-60.298046,84.375279,135.678904
53.198693,59.192259,10.452736,19.527014,-6.996726,10.889670,95.958679,51.397633,23.687551,20.199344,92.244951,48.908344,-23.861414
53.432252,58.316131,10.323088,19.215061,-6.814466,10.857120,95.571864,51.626970,22.089422,17.700789,91.849829,50.951361,-22.506795
53.667441,58.413572,10.323095,19.312455,-6.814466,10.857120,95.571864,51.529587,22.089432,17.603394,91.915845,49.853604,-23.164841
53.867087,58.046819,10.323078,18.945785,-6.814466,10.857120,95.571864,51.896229,22.089412,17.970067,91.714172,48.976679,-23.338630
54.067312,60.463193,9.524526,22.700303,-5.932400,10.390792,91.712143,51.896229,22.089412,17.970067,91.284852,47.473605,-23.859740
54.270768,60.463193,9.524526,22.700303,-5.932400,10.390792,91.712143,51.896229,22.089412,17.970067,90.710903,46.620236,-24.837910
54.517301,60.463193,9.524526,22.700303,-5.932400,10.390792,91.712143,51.896229,22.089412,17.970067,91.178399,45.735403,-25.222539
54.695741,59.590972,9.524523,21.828116,-5.932400,10.390792,91.712143,52.768415,22.089406,18.842254,91.773249,45.300453,-24.525135
54.887103,58.474696,9.524447,20.712127,-5.932400,10.390792,91.712143,53.884280,22.089333,19.958257,91.387904,44.286399,-25.091386
55.096953,57.888999,9.524420,20.126492,-5.932400,10.390792,91.712143,55.635540,18.864466,12.900931,89.008910,50.658999,-20.513602
55.324560,57.888999,9.524420,20.126492,-5.932400,10.390792,91.712143,55.635540,18.864466,12.900931,89.116419,53.161010,-19.819151
55.543871,59.540912,9.412066,22.455787,-5.650641,10.370493,89.271360,55.716375,18.864470,12.981767,87.459643,59.908871,-18.316933
55.733593,59.404624,9.412067,22.319546,-5.650641,10.370493,89.271360,55.852629,18.864464,13.118008,88.263046,62.979117,-19.465191
55.916742,61.262995,9.316881,23.004175,-5.772522,10.178245,89.852949,51.538423,17.529047,67.812642,89.729690,7.549885,-19.019911
56.175079,62.954015,9.299336,22.138282,-6.299808,9.893335,94.190398,47.013982,17.391280,61.151003,89.464520,7.637821,-17.278653
56.413296,68.662362,8.820892,22.817966,-6.506917,9.003019,93.468259,47.013982,17.391280,61.151003,88.735112,-31.821855,-2.877126
56.643807,63.762312,7.366207,23.316286,-4.917157,8.471682,92.858686,20.954397,39.015109,-78.332143,71.718036,-0.683193,-2.090902
56.827104,61.319168,7.395676,24.028966,-4.579089,8.751649,92.052036,16.081849,37.074876,-83.931344,71.163029,-2.067129,-1.809457
57.075026,53.349453,7.447602,19.558262,-4.170850,9.059251,90.655232,17.589955,30.361730,-90.918579,75.312786,1.394092,-4.373992
57.252015,71.143416,10.851392,33.460039,-6.056474,11.376320,77.948333,19.137449,30.476249,-90.207335,75.448412,0.232412,-4.340509
57.490519,71.143416,10.851392,33.460039,-6.056474,11.376320,77.948333,20.509286,31.116630,-88.413204,75.641979,-0.503412,-4.084406
57.680475,73.043790,10.851492,35.360265,-6.056474,11.376320,77.948333,20.128172,30.678936,-88.128101,75.617588,-1.513407,-4.255527
57.883196,77.496484,9.577352,35.097104,-5.874934,9.867111,78.128899,20.128172,30.678936,-88.128101,80.816296,2.806968,-1.912645
58.122295,77.496484,9.577352,35.097104,-5.874934,9.867111,78.128899,20.128172,30.678936,-88.128101,75.155499,5.917682,-0.257642
58.330080,77.963258,9.227402,34.975644,-5.710076,9.546893,78.226192,20.128172,30.678936,-88.128101,75.053000,7.791428,-0.432008
58.525217,70.948463,8.362661,29.813197,-5.168602,9.142128,83.358796,20.128172,30.678936,-88.128101,75.041404,8.662322,0.061172
58.733486,73.516146,8.434578,27.326920,-5.879162,8.694111,85.871367,20.128172,30.678936,-88.128101,65.790824,45.772602,0.577988
58.935604,71.781831,8.264239,25.666686,-5.765137,8.585917,86.218170,21.431670,30.678918,-86.824488,63.351826,84.491357,0.391575
59.117890,71.781831,8.264239,25.666686,-5.765137,8.585917,86.218170,79.771116,23.396981,-21.260401,75.792633,22.586177,2.640095
59.300145,69.748659,8.490793,25.292837,-5.777392,8.918499,86.610305,79.354268,23.252684,-21.056473,76.003642,22.401404,2.378937
59.491419,64.849019,10.151670,20.853431,-7.130679,10.159223,91.217026,79.354268,23.252684,-21.056473,76.003642,22.401404,2.378937
59.724931,68.240330,10.872834,21.628741,-7.951168,10.320124,90.502209,79.354268,23.252684,-21.056473,76.003642,22.401404,2.378937
59.942443,68.240330,10.872834,21.628741,-7.951168,10.320124,90.502209,79.354268,23.252684,-21.056473,76.003642,22.401404,2.378937
