0.361326,0.017011,-0.023015,0.749472,-0.661417,0.073093,-0.077099,0.719921,-0.685877,-0.027031,0.031035,-0.753858,0.655747,-8.931304,-1.475543,
0.393757,0.045037,-0.015012,0.737610,-0.673557,0.101123,-0.067082,0.707863,-0.695848,-0.055060,0.023025,-0.743808,0.665723,-8.886503,-1.448544,
0.486616,0.053008,-0.023003,0.739111,-0.671101,0.107104,-0.081079,0.705685,-0.695675,-0.059103,0.033058,-0.746301,0.662154,-9.228278,-1.265618,
0.727731,0.055078,-0.027038,0.738047,-0.671954,0.109198,-0.085154,0.706280,-0.694258,-0.057004,0.041003,-0.747052,0.661046,-9.223557,-1.201247,
0.992360,0.059079,-0.021028,0.737985,-0.671897,0.115150,-0.083109,0.705923,-0.693907,-0.061073,0.035042,-0.749902,0.657791,-9.733053,-1.183477,
1.229146,0.071058,-0.013011,0.735602,-0.673551,0.125147,-0.069081,0.705826,-0.693812,-0.069077,0.027030,-0.747831,0.659733,-9.128714,-0.812669,
1.483034,0.093178,0.001002,0.734404,-0.672285,0.137242,-0.057101,0.704242,-0.694224,-0.085000,0.011000,-0.749001,0.657001,-8.568464,-0.046003,
1.731225,0.165172,0.051053,0.727756,-0.663689,0.223348,0.015023,0.700092,-0.678057,-0.183206,-0.055062,-0.747843,0.635716,-8.180665,-0.727179,
1.982723,0.405797,0.219431,0.640257,-0.614206,0.450786,0.191760,0.619454,-0.613430,-0.369292,-0.185146,-0.697551,0.585463,-6.215885,3.966873,
2.223869,0.455811,0.257458,0.624111,-0.580032,0.502406,0.237665,0.602686,-0.572602,-0.469561,-0.251300,-0.661791,0.527630,-5.589685,1.990838,
2.491689,0.225301,0.101135,0.725969,-0.641857,0.251163,0.037024,0.709461,-0.657427,-0.190652,-0.060889,-0.763607,0.613880,-7.507661,1.503046,
2.723301,0.027016,-0.035021,0.777462,-0.627373,0.067065,-0.097095,0.727709,-0.675658,-0.023012,0.047024,-0.783396,0.619313,-8.190549,-0.506524,
2.985682,0.053118,-0.033073,0.720594,-0.690528,0.097217,-0.091204,0.682524,-0.718604,-0.051014,0.035010,-0.733204,0.677188,-8.440404,0.050282,
3.231952,0.131146,0.037041,0.731813,-0.667742,0.175242,-0.021029,0.703971,-0.687949,-0.129145,-0.033037,-0.751844,0.645725,-8.694074,0.263044,
3.473481,0.129162,0.043054,0.729916,-0.669841,0.167016,-0.015001,0.703069,-0.691068,-0.125025,-0.037007,-0.751149,0.647128,-8.184597,0.326691,
3.710791,0.117011,0.039004,0.731069,-0.671063,0.157035,-0.021005,0.703159,-0.693157,-0.113053,-0.033016,-0.751353,0.649305,-8.504824,0.258409,
3.978716,0.091101,0.047052,0.731813,-0.673748,0.167289,-0.051088,0.698206,-0.694199,-0.121057,-0.001000,-0.747351,0.653307,-14.528318,-5.752296,
4.208918,0.009005,0.123067,0.743406,-0.657359,0.167230,-0.055076,0.707973,-0.683940,-0.123132,0.011012,-0.751805,0.647693,-27.647008,-19.709754,
4.472008,-0.005008,0.131210,0.750203,-0.648039,0.161155,-0.051049,0.715689,-0.677652,-0.105076,0.009007,-0.761553,0.639464,-28.614544,-19.777374,
4.705904,0.003002,0.129099,0.747576,-0.651502,0.169163,-0.053051,0.713690,-0.677655,-0.109030,0.011003,-0.761212,0.639178,-28.590535,-19.349107,
4.971057,0.079071,0.027024,0.755682,-0.649586,0.157159,-0.057058,0.721729,-0.671679,-0.095061,0.013008,-0.769494,0.631405,-13.471000,-4.128221,
5.209882,0.119201,0.005008,0.736239,-0.666121,0.175304,-0.049085,0.706223,-0.684185,-0.113065,0.005003,-0.755437,0.645373,-9.303254,0.057972,
5.473796,0.127107,-0.003003,0.733618,-0.667562,0.181109,-0.051031,0.703424,-0.685413,-0.117060,0.009005,-0.751386,0.649334,-8.657259,0.663923,
5.704346,0.147254,-0.039067,0.728258,-0.668154,0.199193,-0.079077,0.693673,-0.687667,-0.133120,0.041037,-0.745673,0.651588,-7.890749,1.270011,
5.956533,0.115111,-0.001001,0.733706,-0.669645,0.181076,-0.055023,0.701296,-0.687290,-0.111144,0.017022,-0.749971,0.651844,-10.118353,-0.646785,
6.195319,0.095109,0.025029,0.737846,-0.667766,0.161004,-0.047001,0.707018,-0.687018,-0.097116,0.001001,-0.753898,0.649774,-11.521718,-1.884821,
6.431904,0.069141,0.053109,0.740514,-0.666362,0.173075,-0.055024,0.703305,-0.687298,-0.107173,0.011018,-0.752215,0.650050,-17.594514,-7.876377,
6.673281,0.059037,0.063039,0.741461,-0.665414,0.175236,-0.057077,0.703948,-0.685924,-0.107012,0.011001,-0.753083,0.649071,-19.554707,-9.469955,
6.909447,0.049110,0.091204,0.734643,-0.670500,0.189112,-0.051030,0.693409,-0.693409,-0.119123,0.009009,-0.743766,0.657678,-23.363244,-13.368364,
7.156554,0.019033,0.129225,0.734280,-0.666161,0.183331,-0.049089,0.696256,-0.692249,-0.115003,0.007000,-0.745019,0.657017,-28.230213,-18.307495,
7.397686,0.051054,0.085090,0.737781,-0.667707,0.173117,-0.051034,0.701473,-0.689465,-0.109037,0.005002,-0.749256,0.653223,-21.327012,-11.528241,
7.646493,0.125168,-0.003004,0.729980,-0.671902,0.181155,-0.047040,0.699598,-0.689589,-0.105060,0.005003,-0.751431,0.651374,-8.498098,1.870392,
7.889484,0.141125,-0.001001,0.723639,-0.675596,0.189165,-0.045039,0.695608,-0.691605,-0.121101,0.001001,-0.743617,0.657546,-7.853064,2.014599,
8.141080,0.093174,0.057107,0.730364,-0.674259,0.193307,-0.043068,0.692099,-0.694102,-0.123255,0.001002,-0.742539,0.658364,-16.728369,-6.713885,
8.388273,0.025029,0.143168,0.731857,-0.665779,0.195250,-0.041053,0.691888,-0.693890,-0.123072,-0.001001,-0.743436,0.657385,-29.259015,-18.883650,
8.638520,0.031020,0.135088,0.733477,-0.665433,0.193039,-0.043009,0.693140,-0.693140,-0.123072,-0.001001,-0.743436,0.657385,-28.094879,-17.783839,
8.874157,0.041096,0.119277,0.734708,-0.666550,0.187234,-0.045056,0.695870,-0.691865,-0.121260,0.001002,-0.744597,0.656408,-25.648121,-15.712175,
9.133652,0.141110,-0.001001,0.725568,-0.673527,0.189146,-0.047036,0.697537,-0.689531,-0.117111,0.001001,-0.747708,0.653619,-8.011745,2.395771,
9.382584,0.141110,-0.001001,0.725568,-0.673527,0.189142,-0.047035,0.699525,-0.687516,-0.117132,0.001001,-0.745843,0.655741,-7.978115,2.360870,
9.630750,0.071118,0.079132,0.738228,-0.666108,0.185051,-0.043012,0.701195,-0.687191,-0.114963,-0.002999,-0.748759,0.652790,-19.580401,-9.252643,
9.873847,0.031040,0.139179,0.735947,-0.661852,0.185299,-0.045073,0.698125,-0.690112,-0.119083,-0.005003,-0.747522,0.653456,-27.927087,-17.393111,
10.134942,0.031003,0.137012,0.737066,-0.661059,0.183376,-0.043088,0.700435,-0.688410,-0.119083,-0.005003,-0.747522,0.653456,-27.408620,-17.257341,
10.370387,0.079142,0.067120,0.740326,-0.664190,0.175318,-0.045082,0.710290,-0.680235,-0.111115,-0.001001,-0.753777,0.647667,-17.198538,-7.417713,
10.633722,0.139317,0.007016,0.728656,-0.670524,0.183112,-0.041025,0.707432,-0.681416,-0.111136,-0.005006,-0.751922,0.649797,-7.713239,2.649055,
10.868160,0.149367,0.011027,0.722776,-0.674658,0.187270,-0.039056,0.702013,-0.685990,-0.123224,-0.013024,-0.744351,0.656191,-7.406589,2.755044,
11.130821,0.085074,0.077067,0.735637,-0.667578,0.181214,-0.037044,0.705832,-0.683806,-0.117075,-0.015010,-0.749481,0.651418,-17.371322,-7.096341,
11.366882,0.031041,0.147192,0.737964,-0.657860,0.183149,-0.037030,0.705575,-0.683557,-0.119075,-0.013008,-0.747468,0.653409,-27.643350,-17.436378,
11.629538,0.051098,0.127243,0.738412,-0.660262,0.187035,-0.035007,0.703131,-0.685127,-0.119227,-0.015029,-0.748425,0.652242,-24.602666,-14.025447,
11.864908,0.131180,0.029040,0.732006,-0.667918,0.181200,-0.039043,0.705778,-0.683754,-0.115104,-0.013012,-0.749677,0.651588,-9.906260,0.502564,
12.127633,0.159360,0.011025,0.722634,-0.672520,0.187275,-0.039057,0.700030,-0.688012,-0.127137,-0.017018,-0.745801,0.653702,-6.650457,3.623972,
12.369098,0.119063,0.051027,0.733389,-0.667354,0.185103,-0.035020,0.703393,-0.685383,-0.121016,-0.017002,-0.749100,0.651087,-12.718819,-2.389281,
12.619109,0.051076,0.129193,0.740107,-0.657984,0.183156,-0.037032,0.703601,-0.685586,-0.121020,-0.015002,-0.749124,0.651108,-24.644262,-14.340626,
12.861625,0.039034,0.147127,0.739638,-0.655565,0.183134,-0.041030,0.701512,-0.687502,-0.121178,-0.015022,-0.750100,0.649954,-27.458263,-16.709131,
13.123387,0.077094,0.091111,0.741901,-0.659801,0.181183,-0.043043,0.701709,-0.687695,-0.119028,-0.013003,-0.751176,0.649152,-19.841012,-9.215865,
13.363243,0.145145,0.011011,0.733733,-0.663663,0.171163,-0.051049,0.705674,-0.685654,-0.115209,-0.011020,-0.754367,0.646171,-7.505551,2.936263,
13.616829,0.153265,0.013022,0.724251,-0.672161,0.179234,-0.045059,0.699915,-0.689902,-0.121224,-0.015028,-0.746382,0.654211,-7.155117,3.284559,
13.858118,0.099182,0.059109,0.740362,-0.662218,0.173123,-0.049035,0.705501,-0.685487,-0.113082,-0.013009,-0.753544,0.647468,-15.181830,-4.361866,
14.121558,0.031017,0.151083,0.739404,-0.655358,0.181145,-0.047038,0.703562,-0.685547,-0.117075,-0.015010,-0.749481,0.651418,-28.694195,-17.388517,
14.358441,0.037060,0.141230,0.742211,-0.654067,0.179183,-0.049050,0.705722,-0.683699,-0.117055,-0.013006,-0.751353,0.649305,-27.398597,-16.271651,
14.619501,0.111127,0.045052,0.741851,-0.659757,0.175274,-0.049077,0.712113,-0.678060,-0.111088,-0.007006,-0.755597,0.645510,-13.146522,-2.552174,
14.855524,0.149288,0.003006,0.732415,-0.664283,0.181129,-0.047033,0.707503,-0.681484,-0.121008,-0.005000,-0.751050,0.649043,-6.963609,2.889957,
15.112174,0.119270,0.039089,0.736668,-0.664505,0.173113,-0.047031,0.711463,-0.679442,-0.121165,-0.005007,-0.752025,0.647883,-11.595552,-2.403573,
15.362418,0.097049,0.057029,0.743376,-0.659334,0.175274,-0.049077,0.712113,-0.678060,-0.121114,0.001001,-0.755712,0.643607,-15.268717,-6.120734,
15.594856,0.043006,0.131017,0.741096,-0.657085,0.177018,-0.045005,0.709072,-0.681069,-0.125110,-0.001001,-0.751663,0.647571,-25.470258,-16.519928,
15.835547,0.033062,0.139261,0.744393,-0.652221,0.175069,-0.045018,0.711280,-0.679268,-0.121114,-0.001001,-0.755712,0.643607,-26.812890,-17.627525,
16.076195,0.031035,0.147168,0.739845,-0.655749,0.179200,-0.047053,0.705790,-0.683765,-0.123138,-0.005006,-0.751841,0.647725,-28.164852,-18.281085,
16.335668,0.115118,0.037038,0.741758,-0.659675,0.169185,-0.049054,0.715783,-0.675740,-0.115164,-0.001001,-0.758079,0.641913,-11.602897,-2.357572,
16.578917,0.141241,0.011019,0.732250,-0.666137,0.175318,-0.045082,0.710290,-0.680235,-0.117015,-0.001000,-0.755098,0.645084,-7.562047,1.740313,
16.838339,0.117128,0.033036,0.739807,-0.661722,0.165320,-0.047091,0.714383,-0.678313,-0.109063,-0.003002,-0.759436,0.641368,-10.649856,-1.161150,
17.079635,0.057019,0.097032,0.745249,-0.657220,0.171196,-0.045052,0.709814,-0.681782,-0.111066,-0.001001,-0.757447,0.643380,-21.164597,-11.533383,
17.336192,0.023027,0.147175,0.741880,-0.653776,0.173369,-0.047100,0.708508,-0.682452,-0.115065,-0.005003,-0.753427,0.647367,-28.328619,-18.319936,
17.578287,0.025033,0.147193,0.739970,-0.655860,0.177244,-0.049068,0.705974,-0.683943,-0.117214,-0.007013,-0.752375,0.648185,-28.654787,-18.158971,
17.829149,0.111173,0.039061,0.740154,-0.662032,0.171142,-0.049041,0.713593,-0.677563,-0.113040,-0.005002,-0.757268,0.643228,-12.261466,-2.365748,
18.076959,0.139086,0.021013,0.729451,-0.669414,0.179217,-0.045055,0.705855,-0.683828,-0.119188,-0.009014,-0.752185,0.648021,-8.889934,1.228777,
18.329102,0.131170,0.027035,0.733953,-0.665865,0.169242,-0.045064,0.712016,-0.679970,-0.113039,-0.007002,-0.757259,0.643220,-9.143941,0.513100,
18.570942,0.089071,0.067053,0.741589,-0.661525,0.175072,-0.043018,0.713295,-0.677280,-0.115014,-0.005001,-0.757095,0.643081,-16.167314,-6.516474,
18.826292,0.037056,0.131198,0.744121,-0.653986,0.173394,-0.041093,0.712619,-0.678542,-0.113035,-0.011003,-0.757232,0.643197,-25.343657,-15.203983,
19.068635,0.021003,0.153023,0.743111,-0.651098,0.175334,-0.043082,0.710352,-0.680295,-0.115206,-0.013023,-0.754348,0.646155,-28.792504,-18.342621,
19.325833,0.029064,0.149331,0.740642,-0.654451,0.173178,-0.041042,0.707727,-0.683702,-0.115054,-0.015007,-0.753351,0.647302,-27.518317,-17.166749,
19.563063,0.111130,0.051060,0.737864,-0.663777,0.169267,-0.043068,0.710119,-0.682074,-0.113057,-0.013007,-0.755382,0.645327,-12.642519,-2.641194,
19.825129,0.141199,0.021030,0.734036,-0.663937,0.171211,-0.043053,0.709877,-0.681842,-0.117005,-0.013001,-0.755035,0.645030,-7.913239,1.874239,
20.062243,0.109224,0.065134,0.736511,-0.664363,0.179239,-0.041055,0.707945,-0.681910,-0.121149,-0.017021,-0.751925,0.647797,-14.596310,-4.269636,
20.316228,0.047072,0.129197,0.742130,-0.655999,0.179224,-0.043054,0.707885,-0.681853,-0.117175,-0.017025,-0.754128,0.645966,-25.066142,-14.115513,
20.556340,0.031048,0.153238,0.740148,-0.654015,0.177027,-0.045007,0.707109,-0.683105,-0.117019,-0.019003,-0.753125,0.647107,-28.308364,-17.140635,
20.819785,0.025032,0.165213,0.737950,-0.653841,0.181193,-0.041044,0.703748,-0.685729,-0.117039,-0.021007,-0.751251,0.649217,-29.845964,-18.432934,
21.054703,0.073084,0.095109,0.741848,-0.659754,0.173391,-0.043097,0.710601,-0.680533,-0.113046,-0.019008,-0.755310,0.645265,-19.653516,-8.797711,
21.317112,0.133162,0.025031,0.731892,-0.667814,0.177314,-0.039069,0.708255,-0.682209,-0.113066,-0.021012,-0.753442,0.647379,-9.058457,1.812946,
21.532229,0.135106,0.031024,0.731572,-0.667522,0.173154,-0.043038,0.709632,-0.681607,-0.111113,-0.021021,-0.751766,0.649662,-9.313127,1.689990,
21.794349,0.093139,0.075112,0.738104,-0.663993,0.173139,-0.045036,0.709569,-0.681547,-0.111094,-0.019016,-0.753641,0.647551,-16.505204,-5.389725,
22.034518,0.049053,0.133143,0.739792,-0.657704,0.177300,-0.041069,0.708198,-0.682154,-0.113237,-0.021044,-0.752575,0.648356,-24.862990,-13.600564,
22.285334,0.035039,0.157177,0.735829,-0.657741,0.177057,-0.043014,0.703226,-0.687221,-0.117057,-0.023011,-0.749367,0.651319,-28.173335,-16.805971,
22.529527,0.049041,0.137115,0.735620,-0.661557,0.177025,-0.047007,0.703100,-0.687098,-0.117057,-0.023011,-0.749367,0.651319,-25.692733,-14.067385,
22.791692,0.107115,0.065070,0.733789,-0.667718,0.177239,-0.051069,0.701948,-0.687929,-0.117067,-0.019011,-0.749430,0.651374,-15.483097,-3.965925,
23.026933,0.147153,0.021022,0.725757,-0.671700,0.173094,-0.053029,0.703381,-0.687373,-0.115065,-0.021012,-0.751425,0.649368,-8.361462,3.225490,
23.282507,0.125183,0.047069,0.732068,-0.667975,0.165074,-0.053024,0.707316,-0.685306,-0.111108,-0.023022,-0.751733,0.649633,-11.593041,-0.194031,
23.523873,0.051076,0.129193,0.740107,-0.657984,0.173350,-0.051103,0.704423,-0.686387,-0.115065,-0.021012,-0.751425,0.649368,-24.974756,-13.325649,
23.782668,0.035060,0.151261,0.740276,-0.654127,0.175275,-0.053083,0.704103,-0.686075,-0.115065,-0.021012,-0.751425,0.649368,-28.422493,-16.386166,
24.030052,0.033049,0.153228,0.740101,-0.653973,0.177234,-0.051067,0.703928,-0.685905,-0.115060,-0.023012,-0.751392,0.649339,-28.738575,-16.555424,
24.270346,0.091096,0.079084,0.741785,-0.659698,0.181340,-0.051096,0.708329,-0.680276,-0.117175,-0.017025,-0.754128,0.645966,-18.228322,-6.579659,
24.506306,0.149287,0.017033,0.730405,-0.666282,0.179190,-0.049052,0.703748,-0.685729,-0.121131,-0.013014,-0.753813,0.645696,-8.134197,2.557824,
24.746434,0.129122,0.041039,0.735693,-0.663625,0.177041,-0.045011,0.703165,-0.687161,-0.125051,-0.009004,-0.755310,0.643264,-11.304693,-1.618076,
25.002083,0.043060,0.141196,0.742032,-0.653910,0.179213,-0.047056,0.701836,-0.687819,-0.125079,-0.009006,-0.753475,0.645407,-26.863550,-16.632928,
25.242759,0.035029,0.147123,0.741622,-0.653548,0.178999,-0.043000,0.700996,-0.688996,-0.125079,-0.009006,-0.753475,0.645407,-27.669174,-17.772348,
25.499063,0.043084,0.137267,0.742446,-0.654274,0.181227,-0.037046,0.701878,-0.687860,-0.125079,-0.009006,-0.753475,0.645407,-25.896400,-16.348125,
25.741152,0.141179,0.021027,0.735932,-0.661838,0.175154,-0.037033,0.705620,-0.685602,-0.123055,-0.007003,-0.757338,0.641286,-7.899868,0.931150,
26.009011,0.153230,0.013020,0.728094,-0.668004,0.181231,-0.037047,0.699892,-0.689879,-0.127075,-0.009005,-0.751443,0.647382,-6.765401,2.377881,
26.241130,0.121199,0.041067,0.740213,-0.660082,0.175112,-0.043027,0.705450,-0.685437,-0.125053,-0.007003,-0.755322,0.643274,-11.657872,-2.550690,
26.495962,0.041020,0.149072,0.739359,-0.655319,0.177311,-0.043075,0.700226,-0.690209,-0.129235,-0.011020,-0.750362,0.648177,-27.207292,-17.628042,
26.742984,0.035008,0.151037,0.741179,-0.653158,0.179255,-0.041058,0.704002,-0.685976,-0.127045,-0.011004,-0.753270,0.645231,-27.774630,-18.073602,
27.001832,0.061046,0.117089,0.743564,-0.655497,0.177058,-0.041013,0.707231,-0.683223,-0.125051,-0.009004,-0.755310,0.643264,-22.665303,-13.245598,
27.240969,0.147079,0.013007,0.735396,-0.661356,0.177066,-0.041015,0.705261,-0.685254,-0.121082,-0.009006,-0.757511,0.641432,-7.248326,2.349406,
27.493444,0.159306,0.019037,0.726397,-0.668286,0.187307,-0.035057,0.698144,-0.690131,-0.132996,-0.013000,-0.748978,0.648981,-7.113207,2.247941,
27.740055,0.133063,0.043020,0.733348,-0.665315,0.187323,-0.031054,0.702210,-0.686183,-0.129205,-0.013021,-0.752191,0.646023,-10.856724,-1.501228,
27.990859,0.053130,0.131321,0.740811,-0.656605,0.189260,-0.031043,0.699962,-0.687946,-0.131004,-0.013000,-0.751023,0.647019,-24.770829,-15.252473,
28.232386,0.037050,0.153206,0.739997,-0.653881,0.187058,-0.033010,0.699217,-0.689214,-0.129037,-0.013004,-0.751218,0.647188,-27.860677,-18.107934,
28.491148,0.059005,0.125010,0.741061,-0.657054,0.187270,-0.039056,0.702013,-0.685990,-0.129208,-0.011018,-0.752209,0.646038,-24.214004,-14.239795,
28.732918,0.143343,0.029070,0.732753,-0.664590,0.189195,-0.039040,0.703725,-0.683705,-0.129180,-0.011015,-0.754049,0.643896,-9.646486,0.306372,
28.995741,0.159080,0.023012,0.725364,-0.669336,0.197202,-0.037038,0.697713,-0.687703,-0.135158,-0.015018,-0.747876,0.649761,-8.386965,1.903534,
29.229740,0.127322,0.041104,0.736861,-0.662673,0.187224,-0.043052,0.705846,-0.681817,-0.127181,-0.011016,-0.756076,0.641913,-12.076997,-1.820575,
29.484940,0.069028,0.117048,0.741304,-0.657270,0.183089,-0.045022,0.705343,-0.683332,-0.129177,-0.013018,-0.754031,0.643880,-22.819096,-12.572339,
29.728145,0.043048,0.153169,0.739819,-0.653723,0.185273,-0.047069,0.702033,-0.686009,-0.133137,-0.015015,-0.751775,0.645665,-28.287470,-17.737879,
29.994292,0.037015,0.159065,0.739303,-0.653268,0.189154,-0.045037,0.701571,-0.685558,-0.131000,-0.015000,-0.751002,0.647001,-29.401173,-18.550717,
30.229226,0.127081,0.053034,0.735466,-0.663421,0.189139,-0.045033,0.705518,-0.681500,-0.128982,-0.012998,-0.754893,0.642909,-13.340518,-2.696835,
30.492283,0.153197,0.029037,0.725931,-0.669859,0.197403,-0.045092,0.700429,-0.684396,-0.137269,-0.017033,-0.750471,0.646267,-9.927982,0.978656,
30.721309,0.127254,0.055110,0.734466,-0.664326,0.191091,-0.041019,0.707335,-0.679322,-0.127199,-0.017027,-0.754179,0.644007,-13.267745,-2.380311,
30.989157,0.045053,0.153182,0.737876,-0.655778,0.195211,-0.043046,0.703759,-0.681735,-0.132956,-0.018994,-0.750752,0.646787,-28.477695,-17.232953,
31.221385,0.039058,0.161240,0.738101,-0.653975,0.195193,-0.045045,0.703697,-0.681675,-0.133133,-0.017017,-0.751751,0.645645,-29.795043,-18.498064,
31.484369,0.035029,0.165134,0.739602,-0.651531,0.195201,-0.043044,0.705727,-0.679700,-0.133128,-0.019018,-0.751724,0.645621,-30.262355,-19.033843,
31.717681,0.121258,0.063134,0.736565,-0.662407,0.193036,-0.037007,0.709132,-0.677126,-0.129159,-0.021026,-0.753928,0.643792,-14.233184,-3.402411,
31.975139,0.169271,0.029046,0.722155,-0.670072,0.209271,-0.037048,0.699906,-0.681883,-0.144951,-0.020993,-0.746748,0.648781,-8.898928,2.013791,
32.221801,0.171205,0.031037,0.721865,-0.669803,0.213361,-0.041069,0.698181,-0.682154,-0.149084,-0.021012,-0.745422,0.649368,-9.581369,1.665095,
32.457537,0.169261,0.031048,0.722111,-0.670031,0.209262,-0.039049,0.697873,-0.683855,-0.144951,-0.020993,-0.746748,0.648781,-9.267153,1.871145,
32.698867,0.163145,0.037033,0.723641,-0.669594,0.203222,-0.039043,0.699763,-0.683746,-0.143179,-0.021026,-0.747933,0.647808,-9.731908,1.060916,
32.945096,0.167308,0.035065,0.720328,-0.672239,0.203243,-0.037044,0.697834,-0.685819,-0.141040,-0.027008,-0.745210,0.651184,-9.065438,2.186781,
33.195906,0.169293,0.031054,0.718244,-0.674167,0.205146,-0.039028,0.697495,-0.685487,-0.144966,-0.024994,-0.744823,0.650845,-8.854406,2.203152,
33.439967,0.170992,0.030999,0.718967,-0.672969,0.207317,-0.043066,0.696063,-0.686048,-0.144972,-0.022996,-0.744858,0.650876,-9.259468,2.191307,
33.701750,0.151146,0.043042,0.727703,-0.667645,0.203230,-0.037042,0.701793,-0.681771,-0.137068,-0.025012,-0.749373,0.647322,-11.050935,0.343513,
33.937016,0.097132,0.105142,0.733995,-0.663900,0.201069,-0.033011,0.699239,-0.685234,-0.141027,-0.023004,-0.747142,0.649123,-20.071811,-9.523568,
34.196000,0.071110,0.097151,0.736142,-0.666033,0.175380,-0.041089,0.702520,-0.688490,-0.117081,-0.011008,-0.749520,0.651452,-20.058487,-10.093683,
34.436042,0.051063,0.123153,0.735912,-0.663822,0.173224,-0.037048,0.701906,-0.689891,-0.119052,-0.013006,-0.749325,0.651283,-23.315470,-13.779560,
34.695176,0.031013,0.145063,0.735319,-0.661287,0.169308,-0.041075,0.702278,-0.690256,-0.117081,-0.011008,-0.749520,0.651452,-26.733086,-17.142526,
34.933974,0.025024,0.161152,0.733691,-0.659622,0.171280,-0.037061,0.702148,-0.690129,-0.121023,-0.013003,-0.749145,0.651126,-28.363332,-19.025928,
35.193714,0.025057,0.161365,0.734661,-0.658489,0.171280,-0.037061,0.702148,-0.690129,-0.121023,-0.013003,-0.749145,0.651126,-28.400715,-19.062795,
35.432973,0.025057,0.161365,0.734661,-0.658489,0.171280,-0.037061,0.702148,-0.690129,-0.121023,-0.013003,-0.749145,0.651126,-28.400715,-19.062795,
35.694776,0.104981,0.066988,0.732867,-0.668878,0.171280,-0.037061,0.702148,-0.690129,-0.121023,-0.013003,-0.749145,0.651126,-14.204080,-5.060136,
35.931475,0.143219,0.029044,0.724106,-0.674029,0.177410,-0.027063,0.700620,-0.690597,-0.123151,-0.015018,-0.749917,0.649795,-7.660949,1.173542,
36.213996,0.139260,0.033062,0.726354,-0.672253,0.173057,-0.023008,0.701231,-0.691228,-0.123151,-0.015018,-0.749917,0.649795,-7.662428,0.496525,
36.482559,0.111099,0.063056,0.731654,-0.669599,0.173283,-0.027044,0.700142,-0.692129,-0.125122,-0.015015,-0.749731,0.649633,-12.790896,-4.397370,
36.733375,0.083206,0.093231,0.734820,-0.666651,0.169135,-0.031025,0.701560,-0.691552,-0.123154,-0.013016,-0.749938,0.649813,-17.481526,-9.066427,
37.007436,0.041045,0.147162,0.735811,-0.659727,0.171339,-0.027053,0.700384,-0.692368,-0.125122,-0.015015,-0.749731,0.649633,-25.206757,-16.778413,
37.280084,0.027047,0.163282,0.736272,-0.656133,0.171325,-0.029055,0.702334,-0.690311,-0.123154,-0.013016,-0.749938,0.649813,-27.795462,-19.218401,
37.559569,0.037047,0.147185,0.735926,-0.659831,0.171304,-0.033059,0.702247,-0.690226,-0.123154,-0.013016,-0.749938,0.649813,-25.957544,-17.117673,
37.810898,0.037047,0.147185,0.735926,-0.659831,0.177174,-0.023023,0.703691,-0.687676,-0.122969,-0.012997,-0.750812,0.648838,-25.577147,-17.075702,
38.081378,0.141066,0.025012,0.725341,-0.673317,0.181053,-0.023007,0.701206,-0.689203,-0.123151,-0.015018,-0.749917,0.649795,-7.490750,1.248370,
38.365953,0.137126,0.025023,0.727668,-0.671617,0.169154,-0.025023,0.705642,-0.687626,-0.123154,-0.013016,-0.749938,0.649813,-6.955460,0.711116,
38.636487,0.063104,0.021035,0.748236,-0.660090,0.089128,-0.041059,0.734053,-0.671964,-0.051043,-0.009008,-0.763649,0.643547,-7.119147,0.318678,
38.891395,0.085148,0.001002,0.746295,-0.660146,0.129169,-0.055072,0.715938,-0.683896,-0.047015,0.003001,-0.769251,0.637208,-8.366199,3.284772,
39.160651,0.129053,-0.009004,0.735304,-0.665275,0.163118,-0.053039,0.709515,-0.683496,-0.095085,0.011010,-0.757675,0.645575,-6.628197,3.093940,
39.446861,0.145266,0.005009,0.720319,-0.678242,0.177369,-0.035073,0.698453,-0.692440,-0.115025,-0.003001,-0.743162,0.659144,-6.159468,2.796840,
39.715040,0.139155,0.017019,0.721802,-0.677753,0.171329,-0.029056,0.700345,-0.692329,-0.109070,-0.013008,-0.745476,0.657420,-6.641509,2.668288,
39.964876,0.113186,0.013021,0.724193,-0.680120,0.141105,-0.035026,0.709530,-0.689515,-0.089121,-0.007010,-0.746017,0.659899,-6.291957,1.906019,
40.238223,0.099118,0.023027,0.731871,-0.673802,0.135233,-0.029050,0.712228,-0.688186,-0.071010,-0.021003,-0.757101,0.649087,-7.346932,2.626433,
40.511767,0.093050,0.017009,0.731394,-0.675363,0.125208,-0.031052,0.708175,-0.694152,-0.067061,-0.017015,-0.753680,0.653590,-6.743954,2.514366,
40.785681,0.091076,0.017014,0.729606,-0.677563,0.123066,-0.031017,0.705380,-0.697375,-0.063007,-0.013001,-0.751080,0.657070,-6.742716,2.368712,
41.047008,0.099018,0.021004,0.725135,-0.681127,0.135267,-0.025049,0.698377,-0.702385,-0.067000,-0.015000,-0.749001,0.659001,-6.996955,2.607521,
41.317497,0.109071,0.025016,0.719471,-0.685448,0.141363,-0.023059,0.694785,-0.704811,-0.081052,-0.023015,-0.743480,0.663429,-6.845807,2.584990,
41.591766,0.113025,0.029006,0.715159,-0.689153,0.137225,-0.025041,0.692135,-0.708161,-0.085056,-0.027018,-0.737485,0.669441,-6.680758,2.553553,
41.866284,0.101035,0.013005,0.719252,-0.687241,0.127102,-0.047038,0.695561,-0.705569,-0.073021,-0.011003,-0.741215,0.667194,-7.259460,2.499658,
42.116218,0.115183,-0.001002,0.722146,-0.682083,0.147070,-0.055026,0.697333,-0.699334,-0.080965,0.004998,-0.742681,0.664714,-7.244553,2.864971,
42.397661,0.125178,-0.017024,0.726030,-0.675959,0.161305,-0.065123,0.700322,-0.692307,-0.097020,0.023005,-0.747151,0.657133,-7.107706,2.215311,
42.668886,0.145201,-0.011015,0.728007,-0.669926,0.169114,-0.063043,0.701473,-0.689465,-0.113125,0.015017,-0.749827,0.651719,-6.483550,2.780822,
42.920885,0.159184,-0.023027,0.735853,-0.657762,0.181202,-0.081090,0.711793,-0.673751,-0.129314,0.025061,-0.754830,0.642558,-6.709446,2.723998,
43.195122,0.163024,-0.041006,0.747109,-0.643094,0.187239,-0.109140,0.713913,-0.665852,-0.129156,0.045055,-0.767930,0.625758,-7.758537,2.978394,
43.467770,0.161093,-0.027016,0.737426,-0.655379,0.185187,-0.091092,0.707715,-0.675683,-0.135117,0.035030,-0.757656,0.637552,-7.450781,1.975325,
43.752677,0.165138,-0.021018,0.743623,-0.647543,0.189089,-0.085040,0.715336,-0.667314,-0.134996,0.030999,-0.764980,0.628984,-7.390372,2.268549,
43.997998,0.171323,-0.005009,0.738391,-0.652229,0.199291,-0.065095,0.714042,-0.667975,-0.141188,0.013017,-0.762017,0.631843,-7.396538,2.484543,
44.271302,0.173204,-0.005006,0.741874,-0.647764,0.201264,-0.061080,0.713936,-0.667875,-0.143070,0.015007,-0.765372,0.627305,-7.173275,2.361019,
44.543900,0.169316,-0.005009,0.742384,-0.648208,0.193239,-0.063078,0.717886,-0.665822,-0.139150,0.013014,-0.765826,0.627677,-6.893389,2.495528,
44.823558,0.173390,-0.009020,0.744674,-0.644449,0.199036,-0.061011,0.717131,-0.665121,-0.141019,0.019003,-0.769103,0.623083,-6.634386,2.583502,
45.072364,0.169281,-0.007012,0.744235,-0.646072,0.187241,-0.059076,0.717924,-0.667859,-0.136972,0.014997,-0.766842,0.626871,-5.975305,2.670233,
45.346227,0.171041,-0.001000,0.741176,-0.649155,0.187127,-0.047032,0.715485,-0.671455,-0.137194,0.007010,-0.766084,0.627888,-5.377310,3.000405,
45.632620,0.173204,-0.005006,0.741874,-0.647764,0.187143,-0.047036,0.713544,-0.673513,-0.141113,0.013010,-0.765611,0.627501,-4.949241,2.679069,
45.899973,0.177052,-0.003001,0.743219,-0.645190,0.187191,-0.039040,0.715732,-0.671687,-0.141079,0.009005,-0.767431,0.625352,-4.168262,3.192744,
46.150861,0.189040,0.009002,0.747157,-0.637134,0.197104,-0.027014,0.721380,-0.663349,-0.151155,-0.005005,-0.771789,0.617632,-3.996972,3.590501,
46.422887,0.161176,-0.021023,0.747816,-0.643702,0.165258,-0.053083,0.716117,-0.676054,-0.129028,0.019004,-0.771165,0.623133,-3.346901,3.339705,
46.706979,0.153171,-0.027030,0.745831,-0.647722,0.171204,-0.065077,0.715852,-0.673802,-0.121188,0.029045,-0.768192,0.627974,-4.895076,2.980347,
46.975733,0.171412,-0.007017,0.746796,-0.642545,0.183165,-0.057051,0.715643,-0.671603,-0.137100,0.017012,-0.769559,0.623453,-5.420036,2.726004,
47.228515,0.153216,-0.023032,0.744047,-0.649914,0.177040,-0.065015,0.713161,-0.675153,-0.124989,0.024998,-0.766931,0.628943,-5.712783,2.664502,
47.501020,0.155177,-0.021024,0.743850,-0.649742,0.183328,-0.067120,0.712273,-0.674205,-0.125181,0.025036,-0.766106,0.629909,-6.413057,2.672606,
47.784453,0.153228,-0.019028,0.744110,-0.649969,0.183066,-0.067024,0.713258,-0.673244,-0.123025,0.023005,-0.767158,0.629130,-6.686046,2.707589,
48.052676,0.153228,-0.019028,0.744110,-0.649969,0.185180,-0.071069,0.715697,-0.669653,-0.124995,0.022999,-0.766968,0.628974,-7.126598,2.531359,
48.304236,0.155177,-0.021024,0.743850,-0.649742,0.187164,-0.067059,0.715629,-0.669588,-0.125181,0.025036,-0.766106,0.629909,-6.664292,2.672606,
48.578008,0.157069,-0.021009,0.747327,-0.645283,0.191265,-0.065090,0.719996,-0.663918,-0.124954,0.024991,-0.768716,0.626768,-6.680173,2.864493,
48.864624,0.153097,-0.021013,0.751477,-0.641407,0.189131,-0.059041,0.721501,-0.663461,-0.124991,0.026998,-0.774946,0.618957,-6.405113,2.409359,
49.129546,0.159052,-0.005002,0.747247,-0.645213,0.197278,-0.043061,0.720013,-0.663934,-0.129036,0.015004,-0.771218,0.623176,-6.594772,2.345237,
49.381888,0.181272,0.003005,0.750128,-0.635956,0.223372,-0.031052,0.720198,-0.656091,-0.147009,0.007000,-0.773048,0.617038,-6.737978,2.791041,
49.654794,0.177168,0.001001,0.749713,-0.637606,0.209102,-0.031015,0.723355,-0.657322,-0.155207,0.003004,-0.774033,0.613819,-5.641889,2.139943,
49.929060,0.187304,0.019031,0.736195,-0.650055,0.231194,-0.015013,0.707593,-0.667560,-0.151143,-0.003003,-0.763723,0.627594,-6.890734,2.632025,
50.200394,0.133149,0.097109,0.743835,-0.647727,0.251390,-0.023036,0.698083,-0.670039,-0.181230,-0.003004,-0.751956,0.633805,-20.067841,-10.697780,
50.465007,0.097121,0.149185,0.745927,-0.641798,0.259604,-0.019044,0.696619,-0.668554,-0.183159,-0.009008,-0.751654,0.633551,-27.559069,-17.383059,
50.737572,0.107224,0.145304,0.746562,-0.640340,0.259251,-0.017016,0.697674,-0.667645,-0.187248,-0.015020,-0.751995,0.631836,-26.237284,-16.113536,
51.006373,0.221131,0.029017,0.723427,-0.653386,0.261100,-0.017006,0.699267,-0.665254,-0.191088,-0.021010,-0.751344,0.631289,-7.429920,2.758185,
51.261481,0.223324,0.029042,0.724051,-0.651946,0.265546,-0.017035,0.698436,-0.664366,-0.199264,-0.025033,-0.751995,0.627831,-7.660593,2.549078,
51.542180,0.223337,0.027041,0.724091,-0.651983,0.263299,-0.023026,0.697792,-0.665755,-0.195185,-0.021020,-0.751711,0.629596,-7.800336,2.735880,
51.810536,0.223324,0.029042,0.724051,-0.651946,0.263321,-0.019023,0.697851,-0.665811,-0.197109,-0.021012,-0.751416,0.629349,-7.651309,2.425862,
52.087879,0.225226,0.029029,0.723726,-0.651653,0.263310,-0.021025,0.697823,-0.665785,-0.197358,-0.021038,-0.752363,0.628138,-7.641852,2.613577,
52.340042,0.223067,0.023007,0.723218,-0.653197,0.257311,-0.029035,0.697842,-0.667806,-0.195200,-0.017017,-0.751769,0.629644,-7.458514,2.727601,
52.614006,0.211298,0.025035,0.726024,-0.653923,0.251319,-0.033042,0.697887,-0.669851,-0.187257,-0.011015,-0.752034,0.631869,-8.454683,1.731551,
52.885039,0.167037,0.081018,0.741165,-0.645143,0.257279,-0.031034,0.699758,-0.665721,-0.189138,-0.013010,-0.753550,0.629460,-17.051087,-6.404683,
53.159921,0.125060,0.129062,0.749361,-0.637307,0.255423,-0.029048,0.700159,-0.666103,-0.192988,-0.014999,-0.752953,0.628961,-24.139095,-13.905959,
53.421000,0.109231,0.149316,0.750588,-0.634342,0.257303,-0.025030,0.701827,-0.663782,-0.193231,-0.015018,-0.753901,0.627750,-26.846812,-16.762264,
53.691152,0.105172,0.155253,0.750224,-0.634034,0.255419,-0.027044,0.702151,-0.664089,-0.195151,-0.017013,-0.753583,0.627486,-27.634584,-17.557518,
53.962908,0.103256,0.159395,0.750860,-0.632567,0.256948,-0.026995,0.700858,-0.664866,-0.193218,-0.019021,-0.753849,0.627707,-28.305408,-17.733719,
54.241312,0.201459,0.037085,0.736680,-0.644470,0.249367,-0.027040,0.710045,-0.657968,-0.185124,-0.015010,-0.759509,0.623418,-9.492183,0.456752,
54.494633,0.225238,0.027029,0.723766,-0.651690,0.261374,-0.023033,0.704007,-0.659944,-0.199290,-0.019028,-0.752094,0.627914,-7.288430,2.435436,
54.766911,0.203123,0.041025,0.733445,-0.647392,0.251282,-0.025028,0.707795,-0.659741,-0.185161,-0.019017,-0.757659,0.625544,-9.640427,0.642307,
55.050979,0.103098,0.151144,0.751714,-0.633602,0.251305,-0.021026,0.707860,-0.659801,-0.189316,-0.017028,-0.756264,0.626046,-26.535907,-16.906518,
55.326363,0.095168,0.159282,0.752330,-0.632117,0.249440,-0.023041,0.706246,-0.662168,-0.187100,-0.017009,-0.757405,0.625334,-27.914840,-17.984849,
55.569336,0.097122,0.161202,0.751944,-0.631793,0.253203,-0.021017,0.705566,-0.661531,-0.189030,-0.017003,-0.757120,0.625099,-28.060457,-18.107173,
55.844595,0.209186,0.035031,0.733653,-0.645575,0.247537,-0.023050,0.708536,-0.660432,-0.188972,-0.018997,-0.758889,0.622909,-8.224769,1.294668,
56.117029,0.221344,0.035055,0.726129,-0.650011,0.261405,-0.017026,0.704092,-0.660024,-0.198922,-0.022991,-0.754706,0.624756,-7.832717,1.876409,
56.391178,0.221344,0.035055,0.726129,-0.650011,0.261418,-0.019030,0.702123,-0.662059,-0.197010,-0.021001,-0.755038,0.625031,-8.047891,1.908173,
56.653612,0.213393,0.035065,0.728340,-0.650196,0.255075,-0.021006,0.705207,-0.661194,-0.193168,-0.019017,-0.755658,0.625544,-8.292766,1.349716,
56.920279,0.137116,0.113096,0.749634,-0.637540,0.255377,-0.023034,0.708044,-0.657971,-0.187050,-0.017005,-0.759202,0.623166,-21.186174,-10.849854,
57.194342,0.097184,0.157298,0.752423,-0.632196,0.249380,-0.025038,0.710082,-0.658002,-0.187043,-0.019004,-0.759175,0.623143,-27.604360,-17.442200,
57.466333,0.093178,0.167320,0.752439,-0.630205,0.255388,-0.021032,0.708076,-0.658000,-0.191189,-0.019019,-0.757751,0.623618,-28.965744,-18.913014,
57.727763,0.149192,0.107138,0.747962,-0.637821,0.257242,-0.019018,0.709669,-0.655618,-0.195035,-0.021004,-0.757135,0.623111,-19.483208,-9.777691,
57.996487,0.223505,0.039088,0.726643,-0.648466,0.271477,-0.013023,0.700229,-0.660159,-0.197018,-0.019002,-0.755068,0.625056,-8.615412,1.669843,
58.271358,0.225408,0.039071,0.726316,-0.648174,0.261390,-0.015022,0.706053,-0.657981,-0.207154,-0.023017,-0.753559,0.623463,-7.601769,1.224887,
58.545145,0.147322,0.115252,0.746634,-0.638397,0.261355,-0.017023,0.707962,-0.655891,-0.197203,-0.021022,-0.757781,0.621641,-20.455481,-10.616261,
58.801352,0.107195,0.159289,0.752366,-0.630144,0.259478,-0.019035,0.708306,-0.656210,-0.197203,-0.021022,-0.757781,0.621641,-27.339859,-17.435122,
59.081571,0.099224,0.169382,0.752698,-0.628418,0.255377,-0.023034,0.708044,-0.657971,-0.199126,-0.021013,-0.757480,0.621394,-28.800196,-19.041266,
59.349305,0.099074,0.169127,0.753565,-0.627471,0.253515,-0.025051,0.706436,-0.660342,-0.197211,-0.019020,-0.757811,0.621666,-28.895919,-19.042569,
59.606988,0.187389,0.059123,0.742542,-0.640329,0.255350,-0.023032,0.709973,-0.655899,-0.191084,-0.019008,-0.761334,0.619271,-12.673659,-2.612883,
59.880140,0.223162,0.041030,0.727528,-0.647470,0.269236,-0.019017,0.699615,-0.661581,-0.203011,-0.023001,-0.755041,0.623034,-9.112056,1.257918,
