0.000000,0.069051,-0.137102,0.715531,-0.681506,0.077086,-0.169188,0.691768,-0.697775,-0.033043,0.107140,-0.733959,0.669875,-3.165364,5.255138,
0.044481,0.132999,-0.100999,0.680993,-0.712993,0.139137,-0.129127,0.665657,-0.721712,-0.089050,0.073041,-0.705397,0.699393,-2.938939,5.954389,
0.086033,0.131234,-0.077137,0.766364,-0.624111,0.145208,-0.101145,0.746071,-0.641921,-0.087049,0.059033,-0.787446,0.607344,-3.129990,5.375029,
0.121226,0.101168,-0.087145,0.768275,-0.626039,0.133159,-0.103123,0.749893,-0.639762,-0.063014,0.073017,-0.787178,0.609138,-4.025955,4.452538,
0.154282,0.105170,-0.077125,0.762234,-0.634027,0.129232,-0.101181,0.738323,-0.654172,-0.067104,0.065101,-0.782213,0.615955,-3.982924,4.316776,
0.189364,0.091010,-0.071008,0.767087,-0.631072,0.113068,-0.099060,0.745449,-0.649391,-0.051072,0.057081,-0.784113,0.615874,-4.077187,4.605195,
0.220998,0.085089,-0.065068,0.767807,-0.631664,0.099078,-0.099078,0.745586,-0.651512,-0.041077,0.051095,-0.786466,0.614145,-3.826528,4.980596,
0.253424,0.087076,-0.065057,0.767674,-0.631555,0.097095,-0.099097,0.745733,-0.651640,-0.041081,0.049096,-0.786545,0.614206,-3.486996,5.304841,
0.286255,0.089187,-0.063132,0.768608,-0.630319,0.099039,-0.099039,0.749295,-0.647255,-0.043013,0.049015,-0.787241,0.613188,-3.601329,5.201891,
0.318932,0.087187,-0.065139,0.768645,-0.630349,0.101060,-0.097057,0.747441,-0.649383,-0.041016,0.049019,-0.787307,0.613239,-3.654778,5.333836,
0.351081,0.119159,0.021028,0.737982,-0.663884,0.107140,0.013017,0.711930,-0.693907,-0.065059,-0.043039,-0.759692,0.645588,-0.096312,6.644310,
0.384998,0.125088,0.015011,0.737521,-0.663469,0.111106,0.003003,0.711676,-0.693659,-0.077039,-0.031016,-0.759381,0.645324,-0.247674,5.677558,
0.475175,0.129058,0.003001,0.735331,-0.665299,0.113237,-0.011023,0.710486,-0.694453,-0.085145,-0.027046,-0.756291,0.648107,-0.215407,5.875916,
0.708029,0.103011,-0.029003,0.739075,-0.665068,0.093157,-0.047079,0.712202,-0.694171,-0.055069,0.015019,-0.757948,0.649813,-0.864932,5.354232,
0.971716,0.077095,0.001001,0.743913,-0.663814,0.099124,-0.043054,0.713893,-0.691865,-0.059038,0.009006,-0.761492,0.645417,-5.585707,0.989561,
1.206951,-0.023003,0.103012,0.755086,-0.647074,0.101202,-0.043086,0.726453,-0.678357,-0.055058,0.017018,-0.769809,0.635668,-22.111796,-15.534871,
1.447407,-0.091160,0.169298,0.752324,-0.630109,0.101119,-0.051060,0.733862,-0.669787,-0.051080,0.023036,-0.776210,0.627979,-33.704454,-26.586572,
1.684009,-0.135282,0.213445,0.742548,-0.620293,0.099128,-0.055071,0.731942,-0.671865,-0.053075,0.025035,-0.776092,0.627883,-41.221476,-34.255949,
1.931815,-0.147267,0.219397,0.740341,-0.618120,0.097110,-0.061069,0.731830,-0.671762,-0.051077,0.025038,-0.776173,0.627949,-43.036551,-35.635185,
2.187440,-0.109051,0.179084,0.753354,-0.623293,0.099068,-0.063044,0.733506,-0.669462,-0.053037,0.029020,-0.779538,0.623430,-36.808580,-29.527202,
2.428240,0.011023,0.041085,0.768593,-0.638323,0.103191,-0.057106,0.736361,-0.666231,-0.049028,0.029017,-0.781452,0.621359,-15.578751,-8.315108,
2.686942,0.105034,-0.023007,0.751242,-0.651210,0.125069,-0.045025,0.725399,-0.675372,-0.067104,0.019030,-0.770195,0.633983,-3.639040,3.803648,
2.919973,0.129359,-0.019053,0.739053,-0.660836,0.145200,-0.037051,0.713982,-0.683940,-0.087123,0.009013,-0.760072,0.643909,-3.047440,4.666819,
3.179429,0.123045,-0.021008,0.743272,-0.657241,0.137128,-0.039036,0.717668,-0.681634,-0.079023,0.011003,-0.763224,0.641189,-2.887604,4.802126,
3.419648,0.107098,0.007006,0.745682,-0.657601,0.145190,-0.037049,0.715938,-0.681894,-0.091073,0.011009,-0.761608,0.641512,-6.998849,0.282558,
3.695905,0.045069,0.067103,0.752158,-0.654007,0.139112,-0.035028,0.717576,-0.681547,-0.084985,0.008998,-0.762864,0.640886,-16.251452,-8.926092,
3.934069,-0.061094,0.187287,0.746142,-0.635974,0.139080,-0.039023,0.719416,-0.679393,-0.083104,0.011014,-0.763956,0.639800,-35.019952,-27.236646,
4.190927,-0.107159,0.233346,0.738095,-0.623925,0.135140,-0.043045,0.717745,-0.681708,-0.082977,0.010997,-0.764787,0.638822,-42.713267,-34.876703,
4.431508,-0.119055,0.243112,0.735340,-0.621287,0.135336,-0.041102,0.718786,-0.680692,-0.083104,0.011014,-0.763956,0.639800,-44.360697,-36.739555,
4.699650,-0.029036,0.149187,0.749941,-0.643808,0.133140,-0.047049,0.719756,-0.679714,-0.080991,0.010999,-0.764913,0.638927,-29.397318,-21.302671,
4.929756,0.095039,0.011005,0.749310,-0.655271,0.133152,-0.045051,0.719823,-0.679777,-0.085092,0.011012,-0.763827,0.639693,-7.909199,-0.563955,
5.202462,0.091138,0.007011,0.756149,-0.647984,0.135118,-0.041036,0.723630,-0.675588,-0.081051,0.011007,-0.769488,0.633402,-7.784688,-0.266821,
5.429684,0.085137,0.005008,0.760225,-0.644038,0.125221,-0.043076,0.730288,-0.670182,-0.075019,0.011003,-0.775194,0.627157,-7.400834,-0.097195,
5.692261,0.119142,-0.029035,0.751898,-0.647774,0.125249,-0.043086,0.726444,-0.674341,-0.077052,0.011007,-0.771520,0.631426,-1.869655,5.210213,
5.934964,0.123113,-0.029027,0.749686,-0.649594,0.127234,-0.043079,0.724330,-0.676241,-0.079043,0.009005,-0.771415,0.631340,-1.715940,5.555917,
6.184732,0.091158,0.007012,0.754306,-0.650126,0.123131,-0.041044,0.723772,-0.677723,-0.073095,0.005007,-0.770000,0.633823,-6.760519,0.895515,
6.425556,-0.013017,0.111146,0.761999,-0.637836,0.117142,-0.047057,0.729884,-0.671813,-0.069048,0.009006,-0.775545,0.627441,-23.623438,-15.812642,
6.695078,-0.107243,0.207471,0.748698,-0.620407,0.115132,-0.053061,0.729834,-0.671768,-0.067035,0.011006,-0.777403,0.625324,-39.607691,-31.343396,
6.924589,-0.127156,0.225276,0.745915,-0.613753,0.110990,-0.058995,0.728937,-0.672942,-0.063049,0.011009,-0.777605,0.625487,-42.934552,-34.202083,
7.181365,-0.123019,0.221035,0.745118,-0.617098,0.110990,-0.058995,0.728937,-0.672942,-0.063049,0.011009,-0.777605,0.625487,-42.209735,-33.468524,
7.422563,-0.015023,0.111170,0.760161,-0.639977,0.115144,-0.055069,0.725908,-0.675845,-0.067076,0.009010,-0.773875,0.629712,-24.294186,-15.836411,
7.678827,0.075176,0.013031,0.760781,-0.644509,0.121091,-0.051038,0.725547,-0.675510,-0.068984,0.004999,-0.772816,0.630850,-9.189827,-0.630307,
7.919892,0.085088,0.017018,0.751781,-0.653679,0.127071,-0.045025,0.719404,-0.681383,-0.075012,0.001000,-0.767121,0.637101,-8.727922,-0.247826,
8.177246,0.119063,-0.019010,0.747396,-0.653346,0.129204,-0.047074,0.720134,-0.680071,-0.075127,0.003005,-0.766293,0.638077,-3.354963,5.225582,
8.437183,0.131263,-0.027054,0.742488,-0.656315,0.137063,-0.051023,0.715328,-0.683313,-0.085096,0.005006,-0.763864,0.639723,-2.693910,5.889663,
8.686616,0.123104,-0.029024,0.761642,-0.635535,0.131189,-0.053077,0.736062,-0.661955,-0.079020,0.011003,-0.781202,0.619160,-2.796422,5.414970,
8.922408,0.143253,-0.013023,0.744316,-0.652153,0.149097,-0.037024,0.717467,-0.679442,-0.095095,-0.001001,-0.767767,0.633633,-2.764352,5.572512,
9.174047,0.127014,0.017002,0.741082,-0.659073,0.157187,-0.035042,0.705840,-0.689821,-0.107109,-0.005005,-0.757769,0.643653,-7.167349,1.112693,
9.419937,0.061098,0.093150,0.748203,-0.654051,0.151116,-0.033025,0.707545,-0.689531,-0.105103,-0.007007,-0.759746,0.641630,-18.066880,-9.937929,
9.673440,-0.005009,0.167302,0.746349,-0.644164,0.151126,-0.031026,0.707590,-0.689575,-0.103121,-0.009011,-0.759893,0.641754,-29.349224,-20.932467,
9.918884,-0.043053,0.201249,0.743922,-0.635788,0.151318,-0.033070,0.710495,-0.686444,-0.099136,-0.005007,-0.762042,0.639875,-35.388963,-26.801722,
10.170408,-0.085104,0.241296,0.741910,-0.619760,0.149106,-0.039028,0.713507,-0.683485,-0.099111,-0.005006,-0.763854,0.637713,-42.533144,-33.679574,
10.431638,-0.095009,0.247024,0.741073,-0.617060,0.151064,-0.037016,0.715302,-0.681288,-0.098960,-0.002999,-0.764693,0.636744,-43.792897,-35.143986,
10.668835,-0.091200,0.245539,0.742631,-0.616354,0.155203,-0.035046,0.713936,-0.681894,-0.103047,-0.005002,-0.765351,0.635291,-43.572803,-34.861400,
10.907716,0.033078,0.099234,0.760793,-0.640510,0.149273,-0.037068,0.722323,-0.674235,-0.095069,-0.001001,-0.769559,0.631459,-20.884936,-12.436387,
11.163457,0.139155,-0.001001,0.743826,-0.653726,0.161058,-0.035013,0.713258,-0.681247,-0.103074,-0.005004,-0.763545,0.637455,-4.959696,3.885622,
11.406734,0.147066,-0.007003,0.737329,-0.659294,0.167146,-0.037032,0.705617,-0.687601,-0.108947,-0.004998,-0.756629,0.644684,-4.533171,4.477459,
11.664589,0.133300,0.007016,0.740665,-0.658481,0.157205,-0.029038,0.709925,-0.685894,-0.103143,-0.011015,-0.758051,0.643893,-5.299621,3.176450,
11.911230,0.061078,0.077098,0.751959,-0.651831,0.159139,-0.031027,0.711622,-0.683598,-0.101139,-0.009012,-0.760048,0.641885,-17.213030,-8.349976,
12.168029,0.003003,0.141125,0.755667,-0.639564,0.159049,-0.039012,0.719220,-0.675207,-0.099086,-0.003003,-0.765666,0.635553,-27.686828,-18.390335,
12.401894,-0.073047,0.215138,0.751483,-0.619398,0.159208,-0.045059,0.721943,-0.671878,-0.097052,0.001001,-0.769411,0.631337,-40.529185,-30.822983,
12.665921,-0.101143,0.241341,0.748059,-0.609863,0.158992,-0.042998,0.722964,-0.670966,-0.095069,-0.001001,-0.769559,0.631459,-44.885449,-35.083233,
12.901272,-0.099087,0.239209,0.747654,-0.611535,0.161170,-0.041043,0.723763,-0.669706,-0.095069,-0.003002,-0.769556,0.631456,-44.521649,-34.557482,
13.159429,-0.001002,0.141272,0.758459,-0.636224,0.163177,-0.037040,0.719782,-0.673732,-0.097051,-0.003002,-0.769408,0.631335,-28.246312,-18.537992,
13.400689,0.115097,0.017014,0.749631,-0.651549,0.165176,-0.033035,0.715763,-0.677723,-0.099108,-0.009010,-0.763833,0.637695,-8.568912,1.025329,
13.662793,0.159241,-0.011017,0.734112,-0.660000,0.177093,-0.037019,0.705371,-0.685361,-0.111108,-0.011011,-0.753731,0.647629,-4.005022,6.089951,
13.900208,0.153154,-0.009009,0.735738,-0.659661,0.173220,-0.033042,0.709902,-0.681867,-0.105145,-0.013018,-0.756043,0.645891,-3.965985,6.088784,
14.159606,0.101046,0.043020,0.747342,-0.655300,0.167085,-0.041021,0.713364,-0.679347,-0.101132,-0.015020,-0.759993,0.641839,-12.572117,-1.849201,
14.396133,0.025054,0.121260,0.754615,-0.644379,0.165275,-0.051085,0.716191,-0.676125,-0.099110,-0.007008,-0.763845,0.637706,-25.756876,-14.692274,
14.657528,-0.037014,0.189071,0.751281,-0.631236,0.167000,-0.049000,0.716999,-0.674999,-0.099085,-0.005004,-0.765660,0.635548,-36.365214,-25.357772,
14.894978,-0.077123,0.237378,0.742181,-0.621990,0.179187,-0.045047,0.711742,-0.677707,-0.105105,-0.005005,-0.759756,0.641638,-44.422393,-33.263367,
15.151585,-0.081097,0.231276,0.743889,-0.621743,0.177205,-0.047054,0.715827,-0.673778,-0.101094,-0.001001,-0.763711,0.637593,-44.173774,-33.026928,
15.397218,-0.009007,0.149108,0.757547,-0.635459,0.171082,-0.049023,0.721345,-0.669320,-0.097051,-0.003002,-0.769408,0.631335,-31.080529,-19.818857,
15.656174,0.109188,0.025043,0.746286,-0.656131,0.181166,-0.041038,0.709652,-0.679624,-0.105124,-0.011013,-0.757893,0.643759,-11.677629,-0.501312,
15.893982,0.149199,-0.025033,0.735982,-0.659881,0.177261,-0.047069,0.706041,-0.684009,-0.099096,-0.007007,-0.753731,0.649630,-4.482301,6.939768,
16.152907,0.145299,-0.019039,0.736514,-0.660358,0.165136,-0.043035,0.711585,-0.681560,-0.095109,-0.007008,-0.755867,0.647743,-3.885280,6.531055,
16.390061,0.081048,0.043025,0.751443,-0.653386,0.151220,-0.045066,0.716042,-0.679989,-0.087098,-0.013015,-0.761861,0.641726,-13.205565,-2.576957,
16.651537,0.007008,0.117137,0.757884,-0.641749,0.149118,-0.057045,0.723572,-0.671531,-0.083044,-0.003002,-0.769405,0.633333,-25.941520,-14.844929,
16.891861,-0.067080,0.187224,0.755903,-0.623745,0.147125,-0.055047,0.729620,-0.665566,-0.079099,-0.001001,-0.775974,0.625785,-37.394790,-26.364204,
17.144361,-0.095178,0.227425,0.746394,-0.618155,0.149181,-0.051062,0.721877,-0.673819,-0.083043,-0.005003,-0.769399,0.633328,-43.022273,-32.092751,
17.386223,-0.101228,0.227512,0.748683,-0.614381,0.147176,-0.055066,0.723868,-0.671805,-0.083021,-0.003001,-0.771193,0.631158,-43.693764,-32.798176,
17.626904,-0.087121,0.219305,0.750043,-0.617859,0.151138,-0.051047,0.721660,-0.673616,-0.085138,-0.005008,-0.770244,0.632021,-41.868379,-30.934234,
17.865123,-0.013008,0.137086,0.761477,-0.633397,0.149135,-0.055050,0.723653,-0.671606,-0.083020,-0.005001,-0.771187,0.631153,-29.118362,-17.975092,
18.105797,0.115161,0.017024,0.744038,-0.657918,0.161069,-0.033014,0.713307,-0.681293,-0.093071,-0.017013,-0.759582,0.643493,-8.174179,2.147020,
18.364022,0.147155,-0.021022,0.743781,-0.651685,0.163387,-0.043102,0.716698,-0.676603,-0.091027,-0.011003,-0.765231,0.637192,-3.466579,7.531531,
18.603734,0.157053,-0.013004,0.735249,-0.659223,0.172972,-0.034994,0.708885,-0.682889,-0.099162,-0.021034,-0.758237,0.644051,-3.475973,7.871331,
18.856018,0.107102,0.051049,0.745709,-0.655623,0.179048,-0.033009,0.707188,-0.683182,-0.103122,-0.023027,-0.757896,0.643761,-13.185000,-1.495658,
19.104076,0.001001,0.161177,0.749824,-0.641705,0.175101,-0.039023,0.713412,-0.677392,-0.101129,-0.017022,-0.759969,0.641818,-30.821865,-19.238212,
19.355869,-0.045021,0.201094,0.749349,-0.629293,0.169218,-0.043055,0.717924,-0.673867,-0.095134,-0.015021,-0.764075,0.637898,-37.690994,-25.927521,
19.597117,-0.081145,0.239429,0.744334,-0.618107,0.167272,-0.043070,0.718166,-0.674094,-0.093146,-0.017027,-0.764195,0.637997,-43.735674,-31.794988,
19.852566,-0.085083,0.241236,0.743728,-0.617604,0.169232,-0.043059,0.715982,-0.675927,-0.095009,-0.017002,-0.763075,0.639063,-44.414220,-32.471986,
20.093565,-0.077097,0.231292,0.745942,-0.619783,0.165337,-0.041084,0.718466,-0.674376,-0.091136,-0.017025,-0.766142,0.635948,-42.402798,-30.581945,
20.352413,0.049045,0.069064,0.765706,-0.637588,0.159206,-0.043056,0.723934,-0.669865,-0.083095,-0.013015,-0.773884,0.627717,-18.479266,-6.923199,
20.591691,0.147282,-0.011021,0.750435,-0.644232,0.161173,-0.043046,0.721776,-0.671722,-0.089094,-0.021022,-0.769815,0.631669,-4.085287,7.709578,
20.855487,0.155212,-0.019026,0.742014,-0.651891,0.177264,-0.043064,0.712059,-0.678008,-0.100957,-0.012994,-0.762672,0.638725,-4.178103,7.368678,
21.096822,0.125138,0.027030,0.745825,-0.653723,0.177090,-0.033017,0.711363,-0.679347,-0.105065,-0.017011,-0.761474,0.639398,-9.568606,1.281847,
21.347015,0.023034,0.133198,0.758124,-0.637946,0.179190,-0.043046,0.713756,-0.675715,-0.107141,-0.003004,-0.766007,0.633833,-27.519598,-16.736669,
21.589047,-0.035081,0.183426,0.756756,-0.626454,0.173273,-0.049077,0.720134,-0.670055,-0.105104,0.001001,-0.769759,0.629621,-36.274788,-25.694136,
21.846002,-0.075043,0.227131,0.749433,-0.617357,0.169136,-0.053043,0.717579,-0.673543,-0.106948,0.002999,-0.768623,0.630691,-43.217844,-32.896075,
22.088611,-0.087150,0.235404,0.748284,-0.614053,0.167173,-0.055057,0.717743,-0.673697,-0.107080,0.007005,-0.769577,0.629472,-44.925818,-34.924723,
22.355885,-0.091124,0.235320,0.748016,-0.613834,0.165188,-0.059067,0.717817,-0.673767,-0.105099,0.009009,-0.769729,0.629596,-45.406422,-35.265384,
22.584810,-0.017008,0.155072,0.761352,-0.629291,0.157335,-0.059126,0.724542,-0.668423,-0.101081,0.007006,-0.773618,0.625499,-31.908586,-22.019115,
22.848712,0.093108,0.035041,0.751874,-0.651758,0.159134,-0.059050,0.715603,-0.677571,-0.099085,0.005004,-0.765660,0.635548,-13.348809,-3.223710,
23.086260,0.141154,-0.013014,0.739807,-0.657717,0.153144,-0.053050,0.709666,-0.685643,-0.093063,-0.001001,-0.761513,0.641432,-4.587052,5.516540,
23.347849,0.129294,-0.019043,0.744692,-0.654487,0.137214,-0.057089,0.714116,-0.684069,-0.084967,0.002999,-0.764702,0.638751,-4.037863,5.289598,
23.584451,0.071060,0.015013,0.763643,-0.641540,0.131166,-0.065082,0.727919,-0.669846,-0.069109,0.015024,-0.778229,0.623985,-11.611270,-1.823441,
23.844333,-0.005005,0.103099,0.761733,-0.639616,0.135131,-0.063061,0.725704,-0.671652,-0.073025,0.015005,-0.775268,0.627217,-25.109225,-15.291966,
24.082025,-0.071102,0.167239,0.760088,-0.623893,0.139119,-0.071061,0.731625,-0.663567,-0.073155,0.021045,-0.780652,0.620313,-36.686940,-26.319752,
24.338699,-0.111133,0.219263,0.751901,-0.611733,0.139009,-0.065004,0.729045,-0.667041,-0.077055,0.013009,-0.779554,0.621441,-43.893769,-33.611574,
24.586500,-0.109154,0.227320,0.748053,-0.613864,0.147323,-0.061134,0.724589,-0.670470,-0.085058,0.013009,-0.775526,0.625424,-44.812228,-34.773551,
24.836430,-0.043027,0.157098,0.761477,-0.627393,0.153198,-0.057074,0.727943,-0.665862,-0.083047,0.011006,-0.777440,0.623353,-33.655775,-23.196645,
25.078925,0.089106,0.013015,0.759905,-0.643767,0.153284,-0.051095,0.724341,-0.670241,-0.082997,0.005000,-0.772968,0.628974,-10.768775,-0.601656,
25.341728,0.147289,-0.029057,0.746463,-0.648271,0.173067,-0.051020,0.713275,-0.677261,-0.101222,0.005011,-0.764676,0.636395,-4.320633,6.017466,
25.579675,0.143103,0.001001,0.741536,-0.655473,0.183162,-0.035031,0.705625,-0.683606,-0.107221,-0.005010,-0.760570,0.640322,-6.721226,3.714213,
25.835187,0.037063,0.125213,0.750275,-0.648101,0.189201,-0.037039,0.705750,-0.681724,-0.116989,-0.003000,-0.756926,0.642937,-26.084503,-15.829787,
26.083285,-0.019032,0.179303,0.750266,-0.636073,0.183302,-0.047078,0.710170,-0.678117,-0.114961,0.002999,-0.760743,0.638784,-35.349509,-25.044477,
26.316986,-0.057090,0.219345,0.746172,-0.625984,0.183036,-0.049010,0.709138,-0.679132,-0.113160,0.003004,-0.760072,0.639903,-41.960085,-31.365226,
26.564970,-0.075055,0.235172,0.743543,-0.621454,0.187139,-0.049036,0.711528,-0.675501,-0.115107,0.005005,-0.761709,0.637593,-45.040064,-34.448719,
26.800973,-0.048974,0.204891,0.748600,-0.628664,0.181270,-0.057085,0.710059,-0.678011,-0.115104,0.009008,-0.761687,0.637575,-40.580596,-30.114029,
27.057068,0.065138,0.077163,0.754597,-0.648372,0.183266,-0.051074,0.710030,-0.677984,-0.113131,0.005006,-0.761883,0.637739,-20.512391,-10.055898,
27.299925,0.149172,-0.001001,0.741857,-0.653755,0.187208,-0.045050,0.705784,-0.681757,-0.123027,0.005001,-0.759169,0.639142,-7.199585,2.264439,
27.562969,0.165293,-0.017030,0.734304,-0.658169,0.185035,-0.045009,0.701133,-0.687131,-0.131121,0.009008,-0.755700,0.641594,-4.399170,3.893250,
27.797728,0.155258,-0.011018,0.740231,-0.654088,0.175337,-0.045087,0.706356,-0.684314,-0.119085,0.003002,-0.759543,0.639457,-4.898294,4.034902,
28.055032,0.099159,0.037060,0.754212,-0.648042,0.173319,-0.049090,0.714314,-0.676244,-0.115186,0.013021,-0.766235,0.632018,-13.481651,-4.828073,
28.296343,0.007010,0.135197,0.758103,-0.637928,0.177172,-0.049048,0.717697,-0.671652,-0.113035,0.013004,-0.767235,0.631193,-29.207413,-19.960180,
28.555438,-0.053074,0.189263,0.758054,-0.621865,0.173235,-0.049067,0.723984,-0.665905,-0.107175,0.015025,-0.772260,0.626021,-38.200400,-28.949405,
28.795968,-0.081109,0.227305,0.750007,-0.615827,0.179110,-0.047029,0.719442,-0.669411,-0.111028,0.013003,-0.769195,0.629160,-44.029443,-34.560577,
29.054787,-0.087076,0.231202,0.751657,-0.611535,0.175376,-0.055118,0.722549,-0.666429,-0.109021,0.013002,-0.771147,0.627119,-45.173234,-35.228111,
29.299342,-0.063052,0.203166,0.755618,-0.619507,0.171199,-0.059069,0.723842,-0.665774,-0.107178,0.013022,-0.772282,0.626039,-40.782843,-30.725698,
29.552276,0.043076,0.075133,0.768364,-0.634126,0.167266,-0.059094,0.728159,-0.662054,-0.105034,0.013004,-0.773252,0.625204,-21.331503,-11.733114,
29.791238,0.139151,0.007008,0.743808,-0.653710,0.183058,-0.045014,0.711226,-0.677215,-0.121213,-0.001002,-0.760335,0.638120,-8.229006,1.392638,
30.059956,0.155210,-0.005007,0.744005,-0.649878,0.183323,-0.039069,0.716263,-0.672185,-0.119173,-0.009013,-0.764109,0.633920,-5.450608,4.492818,
30.290303,0.125062,-0.001000,0.765378,-0.631312,0.145143,-0.039038,0.741729,-0.653642,-0.083043,-0.009005,-0.785407,0.613318,-4.911700,4.743640,
30.550685,0.071109,0.063096,0.764167,-0.637974,0.169336,-0.045089,0.728445,-0.662314,-0.099195,-0.003006,-0.776525,0.622222,-17.102508,-6.565057,
30.789576,-0.015030,0.163327,0.760521,-0.628257,0.179310,-0.047081,0.724251,-0.664147,-0.109167,0.001002,-0.772179,0.625956,-33.260653,-22.714534,
31.048104,-0.063123,0.193377,0.762485,-0.614196,0.173044,-0.057014,0.733186,-0.655166,-0.100986,0.008999,-0.778889,0.618912,-39.885566,-29.101678,
31.294529,-0.087142,0.233381,0.752227,-0.609995,0.179194,-0.057062,0.725786,-0.661716,-0.107186,0.005009,-0.772337,0.626084,-45.765344,-34.615718,
31.546241,-0.093031,0.235079,0.753252,-0.607203,0.177211,-0.059070,0.727867,-0.659786,-0.105009,0.007001,-0.775067,0.623054,-46.386055,-35.201853,
31.787940,-0.091185,0.235477,0.752523,-0.608231,0.177213,-0.063076,0.723871,-0.663798,-0.105042,0.005002,-0.773308,0.625249,-46.656980,-34.954211,
32.045573,0.013014,0.117130,0.767850,-0.629697,0.169192,-0.061069,0.727826,-0.661751,-0.097058,0.005003,-0.777465,0.621372,-27.487667,-16.062275,
32.285198,0.133175,0.009012,0.749983,-0.647849,0.185160,-0.049042,0.717619,-0.669577,-0.111067,-0.005003,-0.767462,0.631380,-9.343317,1.928393,
32.544662,0.149057,-0.003001,0.749286,-0.645247,0.185121,-0.049032,0.721472,-0.665435,-0.109029,-0.005001,-0.771202,0.627164,-7.015103,4.450118,
32.785521,0.153127,-0.007006,0.751624,-0.641533,0.191241,-0.045057,0.717904,-0.667841,-0.111143,-0.007009,-0.771990,0.625803,-6.685094,5.029276,
33.046546,0.127118,0.013012,0.759704,-0.637591,0.169200,-0.035041,0.725858,-0.665787,-0.089097,-0.023025,-0.777848,0.621678,-7.765054,4.368098,
33.282932,0.077102,0.059078,0.764014,-0.637846,0.181075,-0.041017,0.721299,-0.667276,-0.096962,-0.010996,-0.774698,0.624756,-17.089306,-5.016155,
33.541472,-0.001000,0.171045,0.753197,-0.635166,0.185302,-0.037060,0.712162,-0.676103,-0.109133,-0.017021,-0.763931,0.635775,-32.570829,-20.780070,
33.786510,-0.067136,0.215437,0.754530,-0.616250,0.175197,-0.049055,0.721810,-0.667750,-0.095103,-0.007008,-0.775843,0.623678,-41.723280,-29.392895,
34.044487,-0.099233,0.243572,0.748759,-0.608429,0.173272,-0.047074,0.722132,-0.668047,-0.093148,-0.005008,-0.774229,0.625994,-46.418452,-34.485494,
34.285335,-0.099097,0.231226,0.751736,-0.609596,0.169103,-0.051031,0.723441,-0.667407,-0.093121,0.001001,-0.776008,0.623810,-45.345557,-33.954759,
34.542315,0.019004,0.101023,0.767176,-0.633146,0.165172,-0.051053,0.727756,-0.663689,-0.087025,0.001000,-0.777222,0.623178,-24.580609,-13.204803,
34.780314,0.135170,-0.007009,0.747942,-0.649818,0.175073,-0.039016,0.717300,-0.673281,-0.093083,-0.007006,-0.769685,0.631562,-6.264140,5.016931,
35.020916,0.143023,-0.005001,0.747118,-0.649103,0.173170,-0.033032,0.717705,-0.673662,-0.099180,-0.011020,-0.768395,0.632148,-5.152377,5.324892,
35.262327,0.117186,0.023037,0.752194,-0.648029,0.167099,-0.029017,0.721429,-0.671399,-0.091064,-0.015011,-0.771545,0.629445,-8.678158,2.030559,
35.508981,0.037080,0.097211,0.762654,-0.638384,0.173312,-0.039070,0.724303,-0.666199,-0.095014,-0.005001,-0.773113,0.627092,-22.532426,-11.582133,
35.768187,-0.031037,0.173208,0.759914,-0.625753,0.175204,-0.043050,0.725847,-0.663774,-0.097118,-0.001001,-0.773943,0.625763,-34.714395,-23.675916,
36.004178,-0.071137,0.207401,0.756461,-0.616190,0.169111,-0.045030,0.727479,-0.663437,-0.093121,0.001001,-0.776008,0.623810,-40.487814,-29.618298,
36.259682,-0.091099,0.235256,0.749815,-0.611665,0.177353,-0.049098,0.724440,-0.664321,-0.099101,0.003003,-0.773788,0.625637,-45.468153,-34.212371,
36.501288,-0.095139,0.237347,0.750097,-0.609892,0.173218,-0.051064,0.723911,-0.665838,-0.101083,0.003002,-0.773633,0.625512,-45.831795,-34.923905,
36.761644,-0.093135,0.239347,0.748086,-0.611888,0.177356,-0.053107,0.720447,-0.668342,-0.101113,0.001001,-0.771860,0.627700,-46.363763,-34.760210,
37.005008,-0.059063,0.203216,0.755803,-0.619658,0.171236,-0.053073,0.726001,-0.663916,-0.098977,0.002999,-0.772819,0.626853,-39.938764,-28.915701,
37.263275,0.075051,0.045031,0.765519,-0.637432,0.169251,-0.055082,0.728080,-0.661982,-0.093092,0.001001,-0.777770,0.621616,-16.133717,-4.697899,
37.498829,0.147125,-0.009008,0.747633,-0.647548,0.179126,-0.049034,0.715502,-0.673473,-0.103122,-0.005006,-0.769911,0.629745,-6.280143,5.213894,
37.764552,0.141109,-0.015012,0.755585,-0.639495,0.177390,-0.047104,0.722590,-0.666467,-0.095106,-0.001001,-0.775862,0.623693,-6.001847,5.499027,
37.995592,0.079049,0.045028,0.763475,-0.639398,0.169414,-0.037091,0.726774,-0.664622,-0.087020,-0.011002,-0.777176,0.623141,-14.435327,-2.927585,
38.255331,-0.001000,0.135061,0.765348,-0.629286,0.175173,-0.047046,0.725716,-0.663655,-0.095076,0.001001,-0.777624,0.621499,-29.509587,-18.113129,
38.495585,-0.073119,0.205333,0.760234,-0.611993,0.170969,-0.054990,0.726868,-0.662879,-0.093062,0.003002,-0.779522,0.619415,-41.492814,-29.756617,
38.757688,-0.099096,0.235228,0.753731,-0.605588,0.171218,-0.055070,0.725923,-0.663844,-0.095076,0.001001,-0.777624,0.621499,-46.167601,-34.426493,
38.993259,-0.099039,0.231091,0.755298,-0.605239,0.171176,-0.057059,0.727750,-0.661682,-0.095076,0.003002,-0.777621,0.621496,-45.951456,-34.280341,
39.250993,-0.017025,0.151225,0.768145,-0.621927,0.171172,-0.055055,0.729734,-0.659664,-0.093063,0.001001,-0.779526,0.619418,-32.412211,-20.576530,
39.496761,0.133062,0.003001,0.757353,-0.639298,0.175173,-0.047046,0.725716,-0.663655,-0.099069,-0.007005,-0.775542,0.623435,-7.867434,3.571098,
39.748937,0.153195,-0.003004,0.747954,-0.645823,0.183043,-0.039009,0.719168,-0.669157,-0.105092,-0.015013,-0.769673,0.629550,-5.760413,5.875254,
39.989114,0.137198,-0.001001,0.756091,-0.639923,0.167173,-0.041042,0.729755,-0.661685,-0.093113,-0.013016,-0.775943,0.623758,-5.991755,5.200377,
40.251438,0.069096,0.059082,0.768068,-0.633882,0.167310,-0.049091,0.732356,-0.658219,-0.089091,-0.005005,-0.779800,0.619636,-17.078401,-5.429867,
40.487853,-0.023017,0.155118,0.767582,-0.621471,0.161145,-0.055050,0.735664,-0.655592,-0.085089,-0.005005,-0.781821,0.617649,-32.268386,-20.208443,
40.745410,-0.081103,0.211269,0.757966,-0.611780,0.161195,-0.055066,0.731883,-0.659796,-0.082999,-0.003000,-0.780992,0.618994,-41.735704,-29.563490,
40.993183,-0.093058,0.235146,0.751468,-0.609379,0.169066,-0.053021,0.725283,-0.665260,-0.091160,-0.007012,-0.774363,0.626102,-45.283969,-32.981581,
41.243515,-0.096996,0.234989,0.752965,-0.606972,0.163190,-0.057067,0.725847,-0.665777,-0.089009,-0.005000,-0.777076,0.623061,-45.469806,-33.255255,
41.485472,-0.097096,0.237234,0.751742,-0.607599,0.161259,-0.057092,0.724164,-0.668074,-0.093121,-0.001001,-0.776008,0.623810,-45.535593,-34.096396,
41.749758,-0.013036,0.145397,0.767094,-0.624705,0.161021,-0.053007,0.729095,-0.663086,-0.095076,0.003002,-0.777621,0.621496,-30.605405,-20.139091,
41.984978,0.095116,0.033040,0.761932,-0.639782,0.163262,-0.051082,0.724164,-0.668074,-0.101083,0.001001,-0.773636,0.625514,-12.750098,-2.783776,
42.246725,0.145228,-0.007011,0.756185,-0.638000,0.173218,-0.051064,0.723911,-0.665838,-0.109101,0.001001,-0.775719,0.621576,-6.243280,3.927164,
42.488924,0.149249,-0.003005,0.750254,-0.644077,0.175263,-0.043065,0.720082,-0.670007,-0.107050,-0.007003,-0.771360,0.627292,-5.766981,4.772323,
42.740406,0.141271,-0.003006,0.758456,-0.636221,0.165401,-0.047114,0.730772,-0.660602,-0.099010,-0.001000,-0.779076,0.619061,-5.830506,4.358320,
42.981824,0.101064,0.045029,0.757483,-0.643411,0.171329,-0.049094,0.720383,-0.670287,-0.107052,-0.003001,-0.771375,0.627305,-13.743004,-3.298153,
43.241501,0.003005,0.147227,0.764179,-0.627969,0.173200,-0.053061,0.723836,-0.665769,-0.109133,0.005006,-0.773943,0.623760,-30.496451,-20.211813,
43.485776,-0.045055,0.189231,0.761932,-0.617755,0.171403,-0.057134,0.728714,-0.660554,-0.106952,0.008996,-0.776651,0.620721,-37.979638,-27.688828,
43.725980,-0.081126,0.229357,0.754173,-0.609949,0.173409,-0.053125,0.726716,-0.662564,-0.109097,0.009008,-0.775688,0.621551,-44.152927,-34.138261,
43.963030,-0.091201,0.233514,0.754661,-0.606334,0.171172,-0.055055,0.729734,-0.659664,-0.106950,0.010995,-0.776635,0.620708,-45.279181,-35.354056,
44.205469,-0.093056,0.239143,0.753451,-0.605362,0.171214,-0.053066,0.727910,-0.661828,-0.107120,0.007008,-0.775868,0.621695,-45.785976,-35.679669,
44.460294,-0.001002,0.143224,0.768204,-0.623978,0.171209,-0.051062,0.729890,-0.659804,-0.107086,0.007006,-0.777627,0.619500,-30.121386,-20.226603,
44.703022,0.107027,0.033008,0.759190,-0.641160,0.175210,-0.045054,0.723868,-0.665798,-0.109030,-0.001000,-0.771211,0.627172,-12.274847,-2.272071,
44.961931,0.153209,-0.015021,0.746020,-0.647886,0.179143,-0.047038,0.715571,-0.673538,-0.113217,0.003006,-0.766472,0.632214,-5.129092,4.682855,
45.207680,0.157190,-0.007008,0.741898,-0.651789,0.185302,-0.035057,0.714162,-0.674097,-0.117231,-0.005010,-0.762504,0.636255,-4.987540,4.693747,
45.457517,0.133115,0.011010,0.753653,-0.643558,0.173325,-0.037070,0.724359,-0.666250,-0.105073,-0.005003,-0.771533,0.627433,-7.541041,2.330002,
45.706132,0.057056,0.091090,0.757748,-0.643635,0.181140,-0.037029,0.717553,-0.671517,-0.113074,-0.003002,-0.765501,0.633414,-20.938318,-11.155290,
45.961074,-0.029022,0.167127,0.761581,-0.625477,0.173215,-0.049061,0.725899,-0.663822,-0.105170,0.009015,-0.774254,0.624010,-34.379216,-24.484357,
46.188498,-0.073160,0.211461,0.756650,-0.614339,0.171266,-0.047073,0.728129,-0.662027,-0.103027,0.011003,-0.775200,0.623161,-41.325416,-31.728223,
46.452879,-0.091105,0.227262,0.753867,-0.609702,0.167118,-0.051036,0.727514,-0.663469,-0.101047,0.011005,-0.775358,0.623288,-44.124176,-34.390711,
46.693006,-0.097187,0.233450,0.752451,-0.608172,0.165395,-0.053127,0.726736,-0.664588,-0.103027,0.011003,-0.775200,0.623161,-45.188043,-35.578604,
46.952630,-0.085154,0.221399,0.754361,-0.612104,0.165157,-0.055052,0.725690,-0.665633,-0.101047,0.011005,-0.775358,0.623288,-43.324965,-33.390327,
47.186868,0.025041,0.105173,0.772269,-0.626029,0.163144,-0.055049,0.731646,-0.659582,-0.101079,0.007005,-0.781611,0.615481,-24.565988,-14.583070,
47.441466,0.115077,0.007005,0.763509,-0.635423,0.163188,-0.055064,0.727840,-0.663766,-0.102999,0.007000,-0.776989,0.620991,-9.313789,0.267065,
47.682957,0.133200,-0.001002,0.760143,-0.635956,0.169048,-0.055016,0.725205,-0.665188,-0.109098,0.007006,-0.775700,0.621561,-7.688686,1.942754,
47.947059,0.155347,-0.007016,0.748674,-0.644441,0.181170,-0.037035,0.713670,-0.675634,-0.111005,-0.005000,-0.771032,0.627026,-5.080141,5.127116,
48.187358,0.157303,-0.007013,0.748440,-0.644239,0.183390,-0.031066,0.714521,-0.674435,-0.118928,-0.006996,-0.768534,0.628619,-4.626743,4.706317,
48.440979,0.111214,0.021041,0.766478,-0.632219,0.165203,-0.041050,0.731898,-0.659809,-0.097117,-0.001001,-0.781940,0.615741,-9.819359,0.086788,
48.679534,-0.003001,0.135061,0.765344,-0.629283,0.167344,-0.053109,0.726494,-0.664366,-0.101019,0.007001,-0.777148,0.621118,-29.480999,-19.254429,
48.939175,-0.069080,0.195227,0.761886,-0.613714,0.161375,-0.061142,0.730696,-0.660533,-0.098967,0.014995,-0.780736,0.616792,-39.952286,-30.001474,
49.178200,-0.087099,0.215245,0.757863,-0.609694,0.163346,-0.059125,0.730546,-0.660398,-0.099121,0.015018,-0.779954,0.617755,-43.100268,-33.162163,
49.440954,-0.099054,0.225124,0.755416,-0.607334,0.169209,-0.057070,0.729901,-0.659815,-0.099118,0.017020,-0.779929,0.617736,-45.242647,-35.144338,
49.677786,-0.097146,0.227343,0.756140,-0.605913,0.175049,-0.053015,0.731203,-0.657183,-0.100975,0.016996,-0.778808,0.618848,-45.413998,-35.346060,
49.941166,-0.099100,0.227229,0.757763,-0.603608,0.173278,-0.059095,0.732174,-0.656052,-0.103077,0.019014,-0.779585,0.617463,-45.912416,-35.854754,
50.176629,-0.013010,0.137108,0.769605,-0.623490,0.169178,-0.055058,0.733771,-0.655689,-0.099124,0.013016,-0.779976,0.617773,-30.712001,-20.591505,
50.437641,0.145105,-0.009007,0.751543,-0.643465,0.181286,-0.045071,0.722138,-0.666049,-0.113152,0.007009,-0.770037,0.627846,-6.267389,3.236242,
50.676606,0.165196,-0.011013,0.741880,-0.649771,0.189446,-0.031073,0.714684,-0.672585,-0.125093,-0.005004,-0.763570,0.633473,-4.051694,5.023738,
50.933445,0.147257,-0.005009,0.752312,-0.642120,0.175303,-0.027047,0.726255,-0.664147,-0.109026,-0.009002,-0.771180,0.627147,-4.472289,4.666525,
51.173273,0.079086,0.051056,0.767837,-0.633691,0.167187,-0.025028,0.735823,-0.655734,-0.095014,-0.005001,-0.781117,0.617093,-13.731957,-4.459958,
51.444859,0.005004,0.141123,0.765666,-0.627546,0.181300,-0.029048,0.730209,-0.658089,-0.107122,0.001001,-0.775887,0.621710,-28.546621,-19.093322,
51.675811,-0.065022,0.199068,0.763261,-0.611209,0.173166,-0.039037,0.735705,-0.653626,-0.101077,0.009007,-0.781599,0.615472,-39.103780,-29.649161,
51.933944,-0.095089,0.229215,0.757711,-0.603566,0.171195,-0.043049,0.735838,-0.653744,-0.103092,0.009008,-0.779694,0.617550,-44.236647,-34.871984,
52.177367,-0.099174,0.229403,0.758331,-0.602057,0.167245,-0.047069,0.738083,-0.651956,-0.101075,0.011008,-0.781583,0.615459,-44.559120,-35.204567,
52.412364,-0.085086,0.215217,0.759768,-0.607614,0.169235,-0.045063,0.736024,-0.653910,-0.101109,0.011012,-0.779838,0.617664,-42.232150,-32.878890,
52.657980,0.015019,0.105131,0.775964,-0.621773,0.165341,-0.045093,0.736517,-0.654348,-0.101077,0.009007,-0.781599,0.615472,-24.788108,-15.700092,
52.894321,0.155305,-0.013026,0.750474,-0.642261,0.179412,-0.039090,0.720655,-0.668535,-0.111145,-0.001001,-0.772009,0.625818,-4.516060,5.232744,
53.155835,0.155316,-0.005010,0.750528,-0.642308,0.177264,-0.031046,0.722077,-0.667996,-0.113116,-0.011011,-0.771789,0.625640,-4.331558,5.212744,
53.392912,0.125060,0.005002,0.765369,-0.631304,0.153027,-0.033006,0.739132,-0.655117,-0.093080,-0.009008,-0.785678,0.611527,-5.642241,3.443356,
53.650652,0.061080,0.091119,0.763995,-0.635828,0.171144,-0.035030,0.725611,-0.665561,-0.109100,-0.005005,-0.775709,0.621568,-19.588374,-10.164393,
53.888917,0.015004,0.119033,0.771211,-0.625171,0.159117,-0.041030,0.733539,-0.659484,-0.096997,-0.001000,-0.780977,0.616981,-25.045896,-15.547979,
54.146291,-0.031044,0.165234,0.768090,-0.617877,0.157103,-0.043028,0.737482,-0.655429,-0.095132,0.003004,-0.782088,0.615857,-32.478428,-23.132137,
54.387908,-0.087170,0.221432,0.760484,-0.604179,0.157089,-0.045025,0.737417,-0.655371,-0.095100,0.003003,-0.783827,0.613647,-41.920128,-32.336989,
54.644470,-0.103119,0.235273,0.757878,-0.599695,0.159040,-0.045011,0.737184,-0.655164,-0.094983,0.002999,-0.782864,0.614893,-44.578885,-34.870430,
54.888187,-0.105050,0.237113,0.757362,-0.599287,0.151221,-0.049072,0.736077,-0.657963,-0.094983,0.004999,-0.782858,0.614888,-44.602795,-35.337830,
55.152029,-0.081089,0.209229,0.761834,-0.607665,0.149278,-0.047088,0.736369,-0.658224,-0.093001,0.003000,-0.783011,0.615009,-39.942782,-30.710636,
55.379525,0.065080,0.057070,0.771944,-0.629770,0.149271,-0.051093,0.734333,-0.660199,-0.095132,0.003004,-0.782088,0.615857,-15.912757,-6.766590,
55.644448,0.141266,-0.009017,0.758429,-0.636198,0.161125,-0.039030,0.729565,-0.663514,-0.103160,-0.005008,-0.776204,0.621965,-4.409717,4.635188,
55.885991,0.155181,-0.003004,0.745870,-0.647756,0.167366,-0.027059,0.718570,-0.674473,-0.111086,-0.015012,-0.765590,0.633488,-3.358263,5.484494,
56.130071,0.133166,-0.003004,0.761950,-0.633790,0.151363,-0.029070,0.734761,-0.660583,-0.093055,-0.013008,-0.779460,0.619366,-3.933770,4.954570,
56.373023,0.081154,0.069131,0.762445,-0.638210,0.171177,-0.029030,0.725751,-0.665689,-0.105070,-0.009006,-0.771511,0.627415,-15.708525,-6.256331,
56.636266,-0.009013,0.165244,0.762124,-0.625923,0.165020,-0.039005,0.729089,-0.663081,-0.105042,-0.005002,-0.773308,0.625249,-31.049386,-21.522465,
56.870766,-0.061121,0.217431,0.754494,-0.616220,0.165041,-0.039010,0.727182,-0.665166,-0.105073,-0.005003,-0.771533,0.627433,-39.656929,-30.116373,
57.133759,-0.081135,0.235392,0.752254,-0.610017,0.165248,-0.041062,0.728091,-0.663995,-0.103063,-0.003002,-0.773475,0.625384,-42.994238,-33.235965,
57.367873,-0.089086,0.239230,0.753725,-0.605583,0.165234,-0.043061,0.728030,-0.663939,-0.103063,-0.003002,-0.773475,0.625384,-44.188996,-34.308257,
57.630594,-0.053044,0.203170,0.759637,-0.615516,0.163255,-0.047074,0.728138,-0.664038,-0.103063,-0.003002,-0.773475,0.625384,-38.344127,-28.313251,
57.867643,0.043090,0.103215,0.766595,-0.632315,0.165034,-0.043009,0.725149,-0.667137,-0.105070,-0.009006,-0.771511,0.627415,-22.198259,-12.165397,
58.136366,0.135227,0.009015,0.756267,-0.640072,0.163319,-0.041080,0.726418,-0.666301,-0.105067,-0.011007,-0.771495,0.627403,-6.688405,3.044706,
58.359210,0.161096,-0.003002,0.741441,-0.651387,0.171230,-0.035047,0.715961,-0.675908,-0.113108,-0.021020,-0.761724,0.637606,-3.788314,6.268097,
58.614794,0.145079,0.001001,0.753408,-0.641348,0.149217,-0.035051,0.730062,-0.665969,-0.089013,-0.023003,-0.775116,0.625094,-3.491853,6.869858,
58.849411,0.107044,0.041017,0.755310,-0.645265,0.161173,-0.043046,0.721776,-0.671722,-0.097160,-0.017028,-0.770272,0.630040,-11.568454,-0.600819,
59.109583,0.021036,0.141241,0.758292,-0.636084,0.161189,-0.043050,0.719843,-0.673789,-0.104988,-0.014998,-0.766913,0.632928,-26.762428,-16.416786,
59.340022,-0.033032,0.181176,0.759737,-0.623605,0.155203,-0.051067,0.727954,-0.665873,-0.099071,-0.003002,-0.775557,0.623448,-34.499717,-24.415544,
59.597693,-0.091098,0.239257,0.751808,-0.607653,0.159092,-0.053031,0.727421,-0.665385,-0.103192,0.003006,-0.774443,0.624163,-44.642326,-34.890605,
59.834113,-0.091185,0.235477,0.752523,-0.608231,0.159072,-0.053024,0.729328,-0.663299,-0.105172,0.007011,-0.774266,0.624020,-44.286772,-35.087978,
