Timestamp,Kinect left shoulder flex.-ext.,WISE left shoulder flex.-ext.,Kinect left shoulder abd.-add.,WISE left shoulder abd.-add.,Kinect left shoulder int.- ext.,WISE left shoulder int.- ext.,Kinect left elbow flex.-ext.,WISE left elbow flex.-ext.,WISE left forearm pro.- sup.,Kinect right shoulder flex.-ext.,WISE right shoulder flex.-ext.,Kinect right shoulder Abd.-Add.,WISE right shoulder abd.-add.,Kinect right shoulder int.-ext.,WISE right shoulder int.-ext.,Kinect right elbow flex.-ext.,WISE right elbow flex.-ext.,WISE right forearm pro.-sup.
0.05,0.18,97.62,3.06,-151.05,666.00,175.70,16.90,69.27,-155.08,-4.93,21.61,15.84,12.47,666.00,22.36,22.80,17.14,159.37
0.24,0.45,97.73,2.48,-152.02,666.00,175.81,16.60,68.81,-153.94,-4.94,21.76,15.63,12.57,666.00,21.99,23.03,17.03,159.24
0.37,0.53,97.60,1.61,-152.25,666.00,175.94,18.77,68.61,-152.86,-4.88,21.72,15.56,12.70,666.00,22.43,22.97,17.26,159.57
0.49,0.16,97.49,1.79,-152.60,666.00,175.84,19.22,69.70,-155.50,-4.91,21.83,15.53,12.72,666.00,22.94,22.73,17.12,159.34
0.62,-0.98,97.60,2.31,-152.25,666.00,175.94,21.00,70.19,-155.76,-4.78,21.88,15.40,12.49,666.00,22.62,22.44,17.17,159.32
0.76,-3.31,97.62,5.14,-151.05,666.00,175.70,20.64,70.45,-156.25,-4.75,21.64,15.28,12.61,666.00,22.55,22.75,17.33,159.63
0.89,-2.95,97.53,4.79,-148.80,666.00,175.56,19.62,70.41,-156.43,-4.74,21.61,15.32,12.48,666.00,22.25,23.12,17.21,159.44
1.05,-2.82,97.31,3.92,-146.71,666.00,175.55,18.02,70.41,-156.43,-4.81,21.32,15.37,12.33,666.00,22.15,23.20,17.28,159.56
1.18,-2.35,97.44,3.41,-145.40,666.00,175.42,18.49,70.41,-156.43,-4.78,21.38,15.42,12.52,666.00,22.18,23.33,17.33,159.57
1.33,-0.41,97.20,1.97,-145.71,666.00,175.44,18.14,70.41,-156.43,-4.89,21.17,15.54,12.23,666.00,22.52,23.42,17.16,159.60
1.46,-0.42,97.20,1.68,-145.71,666.00,175.44,18.34,70.41,-156.43,-4.93,21.06,15.56,12.40,666.00,22.72,23.22,17.19,159.58
1.59,-4.36,96.98,6.97,-143.58,666.00,175.44,26.81,70.41,-156.43,-4.92,20.80,15.53,12.40,666.00,22.80,23.30,17.10,159.68
1.73,-4.08,97.22,6.96,-143.35,666.00,175.41,25.20,70.15,-155.53,-4.88,20.91,15.48,12.00,666.00,22.37,23.33,17.06,159.53
1.87,-0.00,97.35,2.44,-143.30,666.00,175.28,19.69,70.15,-155.53,-4.84,20.92,15.49,12.10,666.00,21.40,23.50,16.96,159.65
2.11,0.20,97.33,2.83,-145.61,666.00,175.31,16.48,70.15,-155.53,-4.94,20.90,15.41,12.17,666.00,20.19,23.86,17.02,160.22
2.25,-0.55,97.53,3.37,-150.18,666.00,175.35,17.60,69.74,-153.77,-4.85,21.04,15.25,12.32,666.00,19.73,24.02,16.72,161.62
2.41,-1.01,97.75,3.18,-152.25,666.00,175.36,18.14,69.80,-153.17,-4.92,21.31,15.09,12.27,666.00,19.96,24.33,16.62,163.46
2.55,-1.12,98.05,2.88,-156.57,666.00,175.50,17.73,70.14,-152.61,-4.69,21.73,14.96,12.00,666.00,20.50,24.20,16.80,166.79
2.67,-0.41,98.34,5.94,-166.43,666.00,175.94,17.89,70.48,-151.62,-4.33,22.64,15.67,13.03,666.00,8.71,21.17,16.57,164.70
2.81,-0.78,98.71,3.06,176.65,666.00,176.36,16.37,71.01,-150.54,-3.71,25.60,19.48,18.29,666.00,-0.45,21.76,15.74,164.10
2.95,-1.37,98.57,3.01,172.89,666.00,176.52,17.89,71.35,-147.21,-2.47,29.29,30.85,31.02,666.00,-24.52,22.31,14.33,173.25
3.08,-1.10,98.60,3.61,177.80,666.00,177.15,16.63,70.87,-145.37,0.25,30.31,44.02,35.04,666.00,-29.71,21.41,22.42,-159.64
3.21,-1.45,100.09,4.41,171.66,666.00,178.98,18.00,70.12,-145.06,5.70,46.73,58.04,58.85,666.00,-71.69,21.14,20.27,-150.88
3.34,0.25,100.44,1.98,166.60,666.00,179.42,16.99,69.54,-144.70,10.33,69.77,70.76,78.48,666.00,-78.33,17.44,18.59,-147.45
3.47,0.19,101.93,2.08,169.60,666.00,179.07,17.62,69.65,-146.38,13.81,76.81,77.71,82.87,666.00,-80.26,20.22,21.34,-146.50
3.59,-0.02,101.59,1.53,172.38,666.00,179.58,18.55,70.07,-146.49,18.78,112.08,84.23,98.88,666.00,-85.98,16.36,10.94,-149.39
3.72,-1.22,102.14,2.08,169.44,666.00,178.39,18.20,71.79,-148.01,8.40,119.77,87.61,101.71,666.00,-86.69,16.36,10.46,-149.66
3.84,-1.38,102.48,3.69,166.87,666.00,177.89,17.56,72.21,-146.87,-27.33,141.04,89.40,107.61,666.00,-94.01,14.74,4.48,-153.21
3.97,-1.12,102.48,5.21,162.29,666.00,178.70,18.02,71.05,-143.71,-18.42,143.82,89.10,107.41,666.00,-94.71,15.20,3.82,-153.87
4.10,-0.82,102.61,6.83,160.48,666.00,179.57,18.81,69.90,-141.83,-17.34,142.07,87.86,105.90,666.00,-95.09,14.35,2.58,-155.74
4.23,-0.53,102.53,7.08,158.18,666.00,179.97,19.17,68.08,-140.79,-12.28,140.72,86.70,104.93,666.00,-94.12,15.15,2.65,-161.00
4.36,-0.45,102.69,7.31,154.70,666.00,-179.34,19.26,68.73,-139.39,-9.38,138.05,86.03,104.53,666.00,-90.54,16.26,2.36,-164.99
4.50,-0.42,103.06,7.16,155.05,666.00,-178.96,19.09,69.41,-139.13,-15.57,132.58,86.18,104.18,666.00,-72.94,16.42,1.47,-168.86
4.63,-0.44,103.06,7.22,155.05,666.00,-178.96,18.68,70.52,-138.85,-11.74,126.42,86.31,103.48,666.00,-62.87,16.19,1.15,164.13
4.75,-0.45,103.39,7.27,156.91,666.00,-178.88,18.14,70.88,-138.57,2.96,124.81,86.36,103.48,666.00,-59.70,16.03,1.84,154.25
4.88,-0.61,103.38,7.39,160.33,666.00,-178.98,18.17,70.77,-139.05,10.79,119.54,86.72,102.35,666.00,-50.00,15.10,2.40,145.80
5.01,-0.55,103.50,7.32,162.62,666.00,-179.16,18.00,70.25,-139.54,12.52,114.41,87.35,101.06,666.00,-38.05,14.04,3.26,149.42
5.14,-0.59,103.59,6.86,165.85,666.00,-179.37,17.69,70.10,-139.17,13.72,113.14,87.97,100.39,666.00,-33.84,12.94,3.31,134.62
5.38,-0.66,103.80,6.00,169.61,666.00,-179.70,17.59,70.39,-137.77,-12.55,108.27,88.88,98.56,666.00,-24.04,11.17,5.57,122.00
5.52,-0.82,103.67,5.55,169.93,666.00,-179.83,17.72,70.38,-137.05,48.17,104.79,89.31,97.12,666.00,-19.42,9.96,6.52,118.53
5.65,-0.99,103.77,5.58,170.54,666.00,-179.73,18.17,70.51,-135.70,22.33,103.12,89.25,96.40,666.00,-16.72,10.01,7.48,116.29
5.78,-0.83,103.68,5.48,169.12,666.00,-179.57,17.98,70.34,-135.04,65.08,100.33,89.30,95.10,666.00,-15.01,8.94,7.38,115.32
6.00,-0.97,103.57,5.47,168.50,666.00,-179.67,18.06,70.20,-134.67,74.84,100.46,89.16,95.19,666.00,-14.87,7.72,7.74,115.40
6.12,-1.14,103.45,5.35,168.00,666.00,-179.55,18.18,70.00,-134.47,73.79,99.04,88.96,94.57,666.00,-14.64,7.60,8.12,115.64
6.25,-1.20,103.45,5.59,168.00,666.00,-179.55,18.26,69.78,-134.70,69.88,99.25,88.61,94.67,666.00,-15.08,7.67,7.99,115.56
6.38,-1.17,103.45,5.75,168.00,666.00,-179.55,18.34,69.85,-134.82,59.82,99.82,88.35,95.00,666.00,-16.19,8.72,8.45,115.37
6.50,-0.95,103.45,5.77,168.00,666.00,-179.55,17.98,69.78,-134.70,50.43,101.89,87.92,96.12,666.00,-19.85,10.45,8.95,120.53
6.62,-0.92,103.45,5.96,168.00,666.00,-179.55,17.86,69.93,-134.35,45.90,114.78,87.37,102.76,666.00,-50.71,13.17,8.57,124.03
6.75,-0.92,103.23,5.92,162.11,666.00,-179.63,18.04,69.73,-133.27,53.98,118.32,86.55,105.36,666.00,-61.63,14.17,7.11,138.17
6.88,-0.55,103.23,5.85,162.11,666.00,-179.63,18.30,69.13,-133.23,57.80,125.86,86.83,108.12,666.00,-84.96,15.23,2.38,156.91
7.01,0.11,103.22,5.60,163.93,666.00,-179.68,17.92,68.49,-135.02,59.99,129.23,87.17,108.66,666.00,-92.93,16.13,0.72,166.62
7.15,0.02,103.22,5.30,169.59,666.00,-179.84,17.34,69.38,-136.27,57.50,130.68,87.06,108.34,666.00,-92.99,14.11,1.88,-162.34
7.28,-0.07,103.08,4.87,171.90,666.00,179.98,16.85,69.97,-136.91,53.70,134.59,87.26,107.04,666.00,-105.08,9.02,4.73,-142.82
7.41,-0.17,103.21,4.55,172.40,666.00,179.86,17.16,70.00,-137.91,42.77,135.76,86.50,105.50,666.00,-114.25,7.69,5.57,-141.76
7.55,0.06,103.08,4.29,173.88,666.00,179.93,17.19,69.34,-138.45,26.65,133.92,85.36,104.18,666.00,-111.13,7.68,3.96,-132.83
7.78,0.01,102.98,4.71,173.26,666.00,179.83,17.72,68.97,-138.30,18.29,133.39,84.51,103.15,666.00,-111.71,8.14,3.78,-130.43
7.93,0.04,103.21,4.68,172.40,666.00,179.86,17.60,68.97,-138.30,25.94,134.37,84.29,103.55,666.00,-111.09,8.38,3.86,-130.21
8.06,0.08,103.08,4.33,171.90,666.00,179.98,17.40,69.18,-138.21,25.63,133.67,84.36,103.42,666.00,-108.35,8.82,3.83,-129.87
8.19,0.01,103.09,4.34,169.93,666.00,-179.97,17.36,69.36,-138.16,24.35,132.63,84.21,103.65,666.00,-106.32,12.10,4.79,-135.22
8.32,0.09,103.09,4.38,169.93,666.00,-179.97,17.46,69.12,-137.96,21.43,133.28,84.19,104.37,666.00,-101.76,15.95,5.50,-148.31
8.46,0.08,103.09,4.66,169.93,666.00,-179.97,17.68,68.97,-138.30,19.02,129.05,83.93,104.40,666.00,-89.78,17.43,3.60,-150.35
8.59,0.12,103.11,4.90,167.04,666.00,-179.89,17.80,68.69,-137.98,24.40,125.87,83.73,104.27,666.00,-85.52,16.87,0.33,164.33
8.73,-0.98,103.09,5.18,168.00,666.00,-179.91,18.86,68.89,-138.18,45.27,117.45,86.18,103.16,666.00,-61.97,14.71,3.49,142.13
8.86,-1.53,102.99,5.50,168.44,666.00,-179.82,18.81,68.96,-138.59,50.90,106.78,86.99,98.94,666.00,-33.98,13.88,5.18,146.88
8.98,-2.12,102.99,5.82,170.40,666.00,-179.87,19.06,69.52,-139.23,51.10,103.90,86.87,97.28,666.00,-26.31,14.91,5.20,132.32
9.11,-2.63,103.08,5.99,171.90,666.00,179.98,19.46,69.55,-139.53,58.73,97.79,87.01,94.04,666.00,-13.69,10.04,5.30,119.53
9.23,-2.98,103.08,6.01,173.88,666.00,179.93,19.68,69.52,-139.53,60.58,92.53,86.74,91.27,666.00,-5.94,8.17,6.14,116.93
9.36,-3.24,103.08,6.10,173.88,666.00,179.93,19.91,69.43,-139.70,56.25,87.90,85.74,88.92,666.00,-1.08,7.15,6.76,115.91
9.48,-3.42,103.08,6.24,173.88,666.00,179.93,20.18,69.39,-139.74,53.62,84.92,85.13,87.35,666.00,-0.57,6.76,7.15,115.93
9.61,-3.44,103.08,6.26,173.88,666.00,179.93,20.26,69.36,-139.45,51.83,85.27,84.78,87.54,666.00,-0.87,6.46,7.39,117.65
9.74,-3.46,102.98,6.28,173.26,666.00,179.83,20.51,69.36,-139.45,49.61,86.44,84.49,88.16,666.00,-3.93,6.30,7.40,116.34
9.86,-3.47,103.11,6.33,172.88,666.00,179.96,20.61,69.15,-139.24,46.87,86.28,84.20,88.09,666.00,-4.69,6.09,7.73,117.36
9.99,-3.48,102.99,6.40,172.38,666.00,-179.92,21.08,69.12,-138.95,40.66,86.02,83.57,87.98,666.00,-7.20,7.52,8.80,123.46
10.11,-3.45,103.08,6.42,171.90,666.00,179.98,21.27,68.75,-138.80,24.41,88.12,83.73,89.05,666.00,-11.64,11.99,7.94,124.37
10.25,-2.42,102.98,6.09,171.27,666.00,179.88,20.43,68.84,-138.63,29.14,90.25,82.87,90.12,666.00,-17.64,9.40,7.56,134.09
10.38,-1.41,102.98,5.79,171.27,666.00,179.88,19.53,69.12,-137.95,12.38,99.38,81.38,94.43,666.00,-41.64,13.56,8.18,127.17
10.51,-0.60,102.63,5.80,169.58,666.00,-179.98,18.72,68.72,-137.37,4.59,113.22,81.27,99.10,666.00,-80.52,14.80,2.45,165.06
10.75,-0.48,102.63,5.88,170.71,666.00,-179.77,18.34,68.41,-137.76,4.79,115.85,81.60,99.56,666.00,-86.73,13.90,0.25,175.90
10.98,-0.01,102.40,5.76,176.70,666.00,179.85,17.58,68.40,-139.51,-0.85,125.07,82.34,100.54,666.00,-99.45,10.87,4.20,-153.25
11.13,0.02,102.63,5.68,177.80,666.00,179.82,17.37,68.56,-139.89,-3.17,127.55,82.32,100.19,666.00,-104.76,9.63,4.28,-145.90
11.26,0.11,102.63,5.56,177.80,666.00,179.82,17.27,68.54,-140.31,-5.55,127.09,82.36,99.55,666.00,-106.51,10.47,4.03,-139.06
11.38,0.20,102.63,5.52,177.80,666.00,179.82,17.28,68.49,-140.48,-7.96,127.21,82.24,99.35,666.00,-107.04,8.40,3.63,-135.33
11.51,0.26,102.63,5.50,177.80,666.00,179.82,17.33,68.49,-140.48,-9.64,127.68,82.17,99.26,666.00,-107.08,8.54,3.46,-134.27
11.64,0.20,102.63,5.57,177.80,666.00,179.82,17.63,68.49,-140.48,-10.55,127.68,82.09,99.26,666.00,-107.08,8.72,3.67,-135.14
11.77,0.18,102.63,5.52,177.80,666.00,179.82,17.73,68.49,-140.48,-11.79,128.35,82.11,99.25,666.00,-106.29,8.69,3.68,-139.28
11.91,0.08,102.40,5.49,176.70,666.00,179.85,17.97,68.65,-140.56,-14.61,127.91,82.38,99.46,666.00,-101.77,9.03,2.73,-145.57
12.05,-1.94,102.50,5.87,175.22,666.00,180.00,20.16,68.56,-140.44,7.94,124.06,81.81,100.18,666.00,-87.82,10.60,3.30,155.61
12.26,-1.66,102.63,5.64,173.66,666.00,179.92,19.88,68.74,-140.11,13.97,118.60,82.09,99.54,666.00,-77.85,13.53,4.80,148.32
12.39,-1.07,102.63,5.27,171.61,666.00,179.97,19.17,68.65,-140.28,4.68,113.79,81.19,99.26,666.00,-70.47,17.61,6.64,134.34
12.52,-1.23,102.75,5.39,174.17,666.00,179.80,19.34,68.89,-140.77,10.49,105.15,83.46,96.55,666.00,-50.21,11.78,8.08,127.90
12.65,-1.85,102.86,5.71,174.78,666.00,179.90,19.49,69.11,-140.84,19.03,96.37,84.31,93.08,666.00,-26.27,9.40,9.77,122.88
12.77,-2.42,102.98,5.84,175.27,666.00,179.77,19.78,69.62,-140.95,33.19,92.00,84.58,90.97,666.00,-16.33,7.90,9.57,124.03
12.91,-2.43,102.98,5.71,177.29,666.00,179.72,19.92,69.55,-140.99,40.12,88.31,84.89,89.21,666.00,-12.93,7.06,9.37,115.68
13.12,-2.34,103.08,5.74,176.76,666.00,179.62,19.90,69.38,-141.04,41.43,88.45,84.79,89.27,666.00,-12.52,7.06,9.57,115.94
13.25,-2.35,103.21,5.90,176.34,666.00,179.75,20.06,69.01,-140.88,43.34,88.62,84.87,89.35,666.00,-12.77,7.78,9.33,115.93
13.38,-2.17,103.21,5.77,176.34,666.00,179.75,19.94,69.18,-140.83,44.25,89.00,84.88,89.53,666.00,-12.86,7.45,9.58,116.63
13.51,-1.93,103.08,5.50,175.87,666.00,179.88,19.87,69.16,-140.96,31.62,88.74,84.94,89.41,666.00,-13.60,8.02,9.43,117.38
13.63,-1.87,103.08,5.28,175.87,666.00,179.88,19.63,69.28,-141.08,22.00,88.95,84.54,89.51,666.00,-14.28,12.50,9.09,121.00
13.76,-0.85,103.08,5.16,174.76,666.00,179.68,18.87,69.24,-140.79,18.41,95.60,82.51,92.67,666.00,-26.07,12.13,8.83,129.42
13.88,-0.59,103.21,5.06,174.36,666.00,179.80,18.83,69.11,-140.84,11.25,97.34,82.52,93.56,666.00,-28.99,14.73,8.29,139.25
14.01,-0.20,102.98,4.85,175.27,666.00,179.77,18.79,68.60,-141.02,12.68,102.27,83.05,95.77,666.00,-38.29,15.50,6.48,157.80
14.14,0.02,102.98,4.80,175.27,666.00,179.77,18.43,68.76,-141.40,3.64,112.97,83.07,99.51,666.00,-68.70,13.80,1.25,-175.05
14.26,-0.13,103.08,4.53,176.76,666.00,179.62,18.30,68.94,-142.49,9.65,116.57,82.73,99.99,666.00,-79.07,12.75,0.52,-166.65
14.39,-0.40,103.11,4.12,177.76,666.00,179.60,17.91,69.31,-142.65,1.13,120.30,79.80,99.97,666.00,-90.49,15.91,2.08,-157.50
14.52,-0.24,103.21,3.91,178.33,666.00,179.70,17.89,69.64,-142.97,1.23,120.95,81.08,99.36,666.00,-95.74,11.70,3.30,-147.01
14.67,-0.07,103.21,3.78,179.21,666.00,179.44,17.67,69.56,-143.14,9.32,124.70,81.91,99.62,666.00,-99.56,9.26,2.92,-141.76
14.81,-0.21,103.21,3.72,179.21,666.00,179.44,18.51,68.99,-143.07,13.64,125.69,81.63,99.57,666.00,-100.27,9.29,2.58,-140.26
14.94,-0.07,103.21,3.86,179.21,666.00,179.44,18.53,68.82,-143.12,12.82,126.48,81.61,99.57,666.00,-100.95,11.70,2.68,-139.04
15.07,0.18,103.21,3.86,179.21,666.00,179.44,18.02,69.05,-143.32,8.05,126.88,81.81,99.55,666.00,-101.30,10.74,3.32,-138.19
15.21,0.31,103.21,3.85,179.21,666.00,179.44,17.46,69.43,-143.48,-6.18,121.49,81.97,98.82,666.00,-93.06,13.35,2.93,-142.50
15.43,-0.58,103.21,3.80,178.33,666.00,179.70,18.22,69.38,-143.65,7.76,118.71,81.03,98.23,666.00,-91.01,14.45,1.99,-166.64
15.56,-0.79,103.21,3.77,177.22,666.00,179.50,18.81,69.13,-143.15,13.07,113.87,80.37,98.00,666.00,-79.67,15.02,0.82,-169.27
15.69,-0.64,103.08,3.78,176.76,666.00,179.62,18.90,68.75,-143.42,11.32,111.56,80.04,97.60,666.00,-75.50,14.97,3.40,170.91
15.82,-0.50,103.08,3.66,176.76,666.00,179.62,18.76,68.91,-143.37,12.25,106.42,80.02,96.62,666.00,-66.13,13.10,5.12,155.49
15.95,-0.67,103.08,3.63,176.76,666.00,179.62,18.39,69.16,-143.87,24.91,103.46,78.39,95.56,666.00,-61.89,14.07,5.96,142.20
16.08,-1.27,103.08,3.50,178.76,666.00,179.57,18.73,69.37,-144.08,32.34,102.45,79.49,95.29,666.00,-57.98,10.42,8.04,117.22
16.21,-1.65,103.21,3.50,179.21,666.00,179.44,18.67,69.46,-144.20,35.41,84.95,81.57,87.49,666.00,-16.67,7.02,7.72,136.15
16.33,-1.83,103.21,3.47,-178.79,666.00,179.39,18.79,69.39,-144.37,36.06,82.74,82.15,86.39,666.00,-10.09,6.28,8.82,127.56
16.46,-2.16,103.11,3.56,-178.22,666.00,179.49,19.02,69.60,-144.15,35.85,78.37,82.39,84.43,666.00,-4.51,5.79,9.19,120.82
16.58,-1.40,103.21,3.88,-178.79,666.00,179.39,18.33,69.83,-142.76,19.22,77.95,82.62,84.31,666.00,-4.62,6.37,8.76,121.05
16.71,-1.93,103.09,3.85,-179.23,666.00,179.52,19.00,69.80,-142.04,24.38,76.96,82.55,83.86,666.00,-5.17,6.02,9.14,121.61
16.94,-2.30,103.11,3.94,179.77,666.00,179.54,19.58,69.48,-141.00,25.60,79.04,82.55,84.95,666.00,-9.55,6.60,8.88,125.12
17.11,-2.35,103.21,3.85,-179.67,666.00,179.65,19.76,69.40,-140.88,24.81,79.66,82.15,85.33,666.00,-11.36,7.47,8.34,126.49
17.24,-2.27,103.08,3.89,178.76,666.00,179.57,19.91,69.40,-140.88,19.77,92.81,80.38,91.26,666.00,-33.57,11.51,8.04,141.94
17.54,-1.64,103.08,3.81,178.76,666.00,179.57,19.66,69.03,-142.61,0.89,96.09,79.53,92.66,666.00,-40.38,19.46,8.49,145.67
17.67,-1.62,103.08,3.76,178.76,666.00,179.57,19.70,68.71,-143.88,-4.19,110.15,80.14,97.18,666.00,-76.36,16.23,2.69,175.97
17.79,-1.75,103.08,3.65,178.76,666.00,179.57,19.52,69.08,-144.47,15.39,112.12,79.80,97.37,-50.94,-82.14,30.19,1.27,178.14
17.92,-1.92,103.09,3.65,-179.23,666.00,179.52,19.47,69.26,-144.71,21.42,118.83,79.68,98.32,666.00,-94.25,11.71,1.50,-153.93
18.04,-2.12,103.09,3.58,-179.23,666.00,179.52,19.42,69.39,-145.54,23.43,120.02,79.57,97.73,666.00,-100.02,8.56,2.75,-144.18
18.18,-2.26,103.09,3.51,-179.23,666.00,179.52,19.58,69.39,-145.54,24.20,118.83,79.19,97.12,666.00,-101.42,9.42,2.25,-135.99
18.31,-0.47,102.86,3.37,179.77,666.00,179.54,18.13,69.17,-145.76,8.83,119.17,79.37,97.17,666.00,-101.05,9.46,2.19,-135.40
18.44,-1.12,102.86,3.47,179.77,666.00,179.54,19.00,69.00,-145.82,16.71,119.32,79.17,97.38,666.00,-100.84,9.91,2.16,-135.84
18.57,-0.82,102.98,3.52,-179.78,666.00,179.42,18.64,68.95,-145.98,11.56,119.70,79.17,97.44,666.00,-100.29,10.47,2.61,-136.54
18.71,-0.44,102.86,3.34,179.77,666.00,179.54,18.21,69.14,-145.90,9.12,118.35,79.68,97.37,666.00,-97.21,11.15,2.65,-141.20
18.83,-1.48,102.98,3.47,179.32,666.00,179.67,19.14,69.31,-145.85,16.31,119.09,79.78,97.65,666.00,-96.17,12.25,2.31,-158.00
18.96,-1.84,102.98,3.47,179.32,666.00,179.67,19.46,69.38,-145.67,17.35,118.00,79.96,98.17,666.00,-90.41,11.82,0.37,-177.48
19.09,-2.18,102.98,3.45,179.32,666.00,179.67,19.69,69.15,-145.47,11.85,115.22,80.28,98.03,666.00,-85.69,11.75,1.39,177.86
19.21,-1.57,102.98,3.45,179.32,666.00,179.67,19.24,69.36,-145.68,14.42,113.80,79.91,97.93,666.00,-82.30,12.82,3.67,153.22
19.35,-2.00,102.98,3.50,179.32,666.00,179.67,19.76,69.36,-145.68,19.49,108.61,79.37,97.37,666.00,-68.53,15.92,6.10,153.37
19.48,-2.23,102.86,3.54,179.77,666.00,179.54,19.53,69.52,-146.06,30.23,104.14,79.49,95.94,666.00,-59.85,14.02,6.56,133.77
19.61,-3.03,103.09,3.66,-179.23,666.00,179.52,20.30,69.61,-146.18,38.11,94.76,81.89,92.33,666.00,-32.49,9.11,9.91,131.30
19.74,-3.04,102.99,3.59,-178.65,666.00,179.62,20.31,69.54,-146.35,44.72,89.85,82.36,89.92,666.00,-22.96,6.52,10.63,130.75
19.87,-3.07,103.09,3.56,-179.23,666.00,179.52,20.40,69.54,-146.35,43.70,88.12,82.66,89.04,666.00,-20.03,6.27,11.77,122.33
19.99,-3.11,102.99,3.64,-178.65,666.00,179.62,20.47,69.48,-146.10,40.97,86.24,82.43,88.12,666.00,-19.33,6.79,11.25,123.33
20.12,-3.07,103.09,3.66,-179.23,666.00,179.52,20.51,69.38,-145.98,42.27,86.56,81.97,88.29,666.00,-19.60,6.61,10.98,123.80
20.25,-2.94,102.99,3.76,-178.65,666.00,179.62,20.60,69.32,-145.72,33.76,85.58,82.00,87.81,666.00,-19.99,9.14,11.11,124.56
20.37,-2.89,102.99,3.81,-178.65,666.00,179.62,20.60,69.32,-145.72,37.97,85.74,81.66,87.95,666.00,-21.35,7.90,10.65,128.15
20.50,-2.77,103.09,3.84,-179.23,666.00,179.52,20.59,69.41,-145.52,39.20,86.12,80.83,88.12,666.00,-21.38,7.93,10.81,132.98
20.63,-1.65,102.98,3.65,-179.78,666.00,179.42,19.41,69.49,-145.34,28.41,86.29,77.91,88.20,666.00,-21.23,13.69,11.61,164.03
20.75,-1.17,103.08,3.52,178.76,666.00,179.57,19.10,69.15,-145.47,18.80,102.21,78.81,95.22,666.00,-61.12,13.71,8.21,131.62
20.89,-0.96,102.98,3.48,179.32,666.00,179.67,19.47,69.08,-145.64,17.05,109.06,79.42,97.12,666.00,-75.68,17.35,4.10,160.94
21.01,-1.10,103.08,3.41,178.76,666.00,179.57,19.49,68.80,-146.03,23.19,111.74,79.54,97.68,666.00,-81.33,16.27,2.14,169.56
21.14,-0.47,103.08,3.04,178.76,666.00,179.57,18.73,69.03,-146.66,6.23,113.09,80.50,98.15,666.00,-83.10,15.32,0.26,-169.81
21.29,-0.27,102.98,2.77,179.32,666.00,179.67,18.22,69.19,-147.04,10.04,113.98,80.43,98.13,666.00,-86.39,12.45,2.21,-146.83
21.42,-0.76,102.98,3.07,179.32,666.00,179.67,18.53,69.29,-147.58,10.14,114.92,80.09,97.80,666.00,-91.02,11.95,1.99,-141.69
21.55,-0.79,102.98,2.88,179.32,666.00,179.67,18.67,69.29,-147.58,14.93,114.99,79.45,97.73,666.00,-91.88,9.15,1.35,-141.18
21.68,-0.66,102.98,2.88,179.32,666.00,179.67,18.53,69.34,-147.42,7.73,114.16,79.49,97.22,666.00,-92.48,8.75,1.71,-139.76
21.81,-0.68,102.98,3.03,179.32,666.00,179.67,18.98,69.00,-147.12,12.82,113.86,79.04,97.06,666.00,-92.66,10.64,1.87,-140.20
21.94,-1.22,102.98,3.33,179.32,666.00,179.67,19.33,69.12,-147.21,19.42,113.85,78.62,96.98,666.00,-92.36,11.16,2.13,-140.00
22.07,-0.41,103.08,3.08,178.76,666.00,179.57,18.30,69.21,-147.33,10.93,113.43,78.94,97.13,666.00,-91.73,11.15,2.04,-142.19
22.20,-0.66,103.08,3.15,178.76,666.00,179.57,18.44,69.40,-147.25,11.37,112.75,78.86,97.09,666.00,-89.88,11.49,2.14,-141.49
22.33,-1.37,102.86,3.36,177.72,666.00,179.60,19.12,69.34,-147.42,13.89,112.13,79.29,97.08,666.00,-88.48,12.50,1.24,-160.21
22.46,-1.31,102.98,3.33,177.29,666.00,179.72,19.07,69.35,-146.99,11.72,110.43,79.47,97.41,666.00,-81.08,16.79,0.66,-168.32
22.58,-0.63,102.85,3.11,175.68,666.00,179.65,18.59,69.35,-146.99,13.41,110.07,79.54,97.90,666.00,-76.70,17.40,3.13,166.07
22.72,0.03,102.98,2.77,175.27,666.00,179.77,17.85,69.35,-146.99,22.46,107.43,79.60,97.68,666.00,-66.72,17.33,5.84,150.94
22.85,-0.08,103.08,2.73,175.87,666.00,179.88,17.55,69.57,-147.62,23.88,100.02,79.32,95.25,666.00,-46.32,17.20,8.69,150.11
22.98,0.29,103.08,2.45,176.76,666.00,179.62,17.10,69.94,-148.21,18.80,98.43,80.37,94.65,666.00,-38.16,15.88,9.87,131.13
23.11,-1.30,102.98,2.93,177.29,666.00,179.72,18.78,70.04,-148.33,38.15,94.45,81.52,92.56,666.00,-27.38,11.06,10.89,122.83
23.24,-1.70,103.08,2.98,178.76,666.00,179.57,18.60,70.27,-149.29,41.22,92.59,81.40,91.50,666.00,-24.61,9.54,12.71,119.50
23.38,-1.93,103.08,3.01,178.76,666.00,179.57,18.95,70.23,-149.01,42.74,89.59,81.33,89.76,666.00,-22.63,8.63,13.12,117.64
23.51,-2.00,103.08,2.83,178.76,666.00,179.57,19.22,70.17,-148.75,43.38,88.90,81.11,89.37,666.00,-23.30,8.02,12.74,118.79
23.64,-1.99,102.98,2.57,178.19,666.00,179.47,20.05,69.85,-148.43,39.82,89.23,80.92,89.56,666.00,-23.83,9.91,12.72,118.62
23.77,-2.04,102.86,2.49,177.72,666.00,179.60,20.10,69.69,-148.05,42.47,90.21,80.59,90.12,666.00,-27.65,8.94,12.74,122.05
23.90,-2.13,102.86,2.49,177.72,666.00,179.60,20.19,69.85,-147.99,39.19,91.32,79.33,90.72,666.00,-31.07,11.14,12.01,125.35
24.03,-1.42,102.86,2.96,177.72,666.00,179.60,19.36,69.74,-147.88,32.84,92.41,78.49,91.29,666.00,-33.22,13.77,11.57,129.20
24.15,-1.58,102.86,2.69,177.72,666.00,179.60,19.49,69.69,-147.61,32.65,96.11,79.09,93.16,666.00,-39.54,14.20,9.99,145.22
24.28,-0.48,102.63,2.66,178.73,666.00,179.57,18.42,69.24,-147.63,22.58,97.70,80.72,93.79,666.00,-44.29,15.38,8.72,151.88
24.41,-0.42,102.63,2.74,178.73,666.00,179.57,18.31,69.30,-147.46,13.85,98.66,80.95,94.26,666.00,-46.13,17.98,7.61,167.95
24.54,-1.55,102.63,3.81,178.73,666.00,179.57,19.36,69.18,-147.37,12.83,100.17,80.31,94.71,666.00,-51.43,17.70,4.78,-179.31
24.68,-1.27,102.50,3.90,179.19,666.00,179.44,19.23,69.02,-147.42,17.82,102.83,79.99,95.73,666.00,-57.43,14.13,3.47,-171.37
24.81,-2.71,102.53,4.05,-179.76,666.00,179.42,20.64,68.99,-147.88,24.16,110.97,79.60,97.58,666.00,-81.56,10.96,0.62,-165.14
24.95,-2.77,102.50,4.11,-178.71,666.00,179.39,20.75,69.28,-147.92,26.51,113.06,79.04,96.86,666.00,-95.59,9.78,2.10,-151.35
25.09,-2.72,102.63,4.10,178.73,666.00,179.57,20.55,69.34,-148.18,36.13,114.44,80.32,97.26,666.00,-99.32,9.05,2.26,-146.80
25.22,-2.79,102.40,4.26,177.65,666.00,179.59,20.68,68.99,-147.88,34.17,115.14,79.57,97.33,666.00,-100.75,9.55,2.34,-143.43
25.36,-2.73,102.40,4.52,177.65,666.00,179.59,20.91,68.83,-147.93,36.99,114.01,79.56,97.23,666.00,-100.24,8.73,2.52,-143.35
25.48,-2.64,102.50,4.82,178.25,666.00,179.70,20.90,69.21,-148.09,36.22,113.89,79.04,97.22,666.00,-99.53,9.56,2.42,-143.12
25.64,-2.27,102.53,4.76,177.20,666.00,179.72,20.44,69.44,-148.30,25.67,112.30,78.84,97.20,666.00,-96.70,9.98,2.49,-150.86
25.89,-2.18,102.63,4.68,176.65,666.00,179.62,20.46,69.34,-148.18,29.27,112.73,78.52,97.41,666.00,-95.94,10.85,1.93,-159.49
26.04,-1.25,102.63,4.47,174.58,666.00,179.67,19.99,69.23,-147.64,21.33,110.74,78.55,97.84,666.00,-87.46,12.81,1.75,172.44
26.31,-0.27,102.50,4.08,174.06,666.00,179.80,18.82,69.18,-147.80,26.56,109.45,78.22,97.78,666.00,-83.27,14.02,2.48,169.74
26.45,0.04,102.40,3.89,174.59,666.00,179.90,18.25,69.45,-148.29,29.36,104.43,78.44,96.43,666.00,-71.35,13.72,5.26,158.60
26.60,-0.72,102.50,4.03,176.15,666.00,179.75,18.80,69.61,-149.10,31.01,101.32,77.96,95.14,666.00,-66.72,13.83,6.68,122.02
26.73,0.54,102.53,3.67,177.20,666.00,179.72,17.31,69.77,-149.50,29.54,86.46,79.46,88.08,666.00,-23.73,10.33,8.76,135.43
26.87,0.86,102.53,3.76,177.20,666.00,179.72,16.81,69.81,-149.79,18.74,81.45,79.82,85.22,666.00,-14.91,9.59,9.60,135.46
27.01,0.92,102.53,3.70,177.20,666.00,179.72,16.81,69.75,-149.97,18.48,80.04,79.54,84.49,666.00,-13.99,9.05,10.19,124.08
27.19,1.02,102.53,3.43,177.20,666.00,179.72,16.95,69.53,-149.75,16.21,79.43,79.39,84.13,666.00,-14.55,8.85,10.32,124.94
27.33,1.14,102.63,3.19,176.65,666.00,179.62,16.97,69.47,-149.92,8.42,79.42,79.25,84.13,666.00,-15.68,9.68,10.08,125.76
27.49,-0.29,102.53,3.29,177.20,666.00,179.72,18.44,69.25,-150.12,11.48,79.08,79.01,84.04,666.00,-17.28,11.28,9.96,127.20
27.64,0.01,102.63,2.48,176.65,666.00,179.62,18.03,69.32,-150.37,6.44,81.28,78.97,85.39,666.00,-23.04,12.21,9.62,129.50
27.78,-0.77,102.53,2.73,177.20,666.00,179.72,18.59,69.00,-150.47,17.47,85.40,77.40,87.70,666.00,-33.36,12.82,8.11,142.50
27.93,-0.26,102.50,2.72,176.15,666.00,179.75,18.19,69.12,-150.13,14.37,93.38,77.99,91.56,666.00,-51.42,13.05,5.61,158.57
28.09,-1.23,102.40,2.71,174.59,666.00,179.90,19.33,68.94,-150.21,21.59,102.68,78.19,95.28,666.00,-72.78,15.59,4.87,157.65
28.22,-1.38,102.53,2.82,175.11,666.00,179.77,19.57,69.32,-150.81,24.93,109.55,78.95,97.44,666.00,-84.91,16.12,0.87,-172.66
28.36,-1.75,102.50,2.75,176.15,666.00,179.75,20.03,69.75,-151.69,21.44,112.37,79.80,97.96,666.00,-88.07,14.33,1.69,-166.54
28.49,-3.10,102.53,2.97,177.20,666.00,179.72,21.31,69.81,-152.37,20.13,114.48,79.73,98.06,666.00,-93.29,12.59,2.21,-148.61
28.65,-2.95,102.53,3.07,177.20,666.00,179.72,21.53,69.81,-152.37,21.61,113.15,79.36,97.13,666.00,-96.28,9.12,2.48,-147.11
28.78,-2.55,102.40,3.05,174.59,666.00,179.90,20.76,69.75,-152.12,25.58,111.25,78.92,96.62,666.00,-97.06,9.98,2.65,-144.54
28.94,-2.70,102.53,3.62,175.11,666.00,179.77,20.67,70.12,-151.90,24.68,111.42,77.77,96.50,666.00,-97.04,10.08,2.81,-144.38
29.09,-1.66,102.53,3.88,175.11,666.00,179.77,19.71,70.40,-151.97,12.91,108.30,77.65,95.48,666.00,-96.04,10.56,4.14,-143.94
29.21,-1.15,102.40,3.81,174.59,666.00,179.90,19.01,70.40,-151.95,7.78,106.65,78.24,95.02,666.00,-95.98,10.24,3.78,-144.76
29.34,-1.64,102.53,4.20,175.11,666.00,179.77,18.75,70.40,-151.95,8.27,105.02,78.13,94.64,666.00,-95.29,10.57,4.10,-144.65
29.51,-1.82,102.50,4.06,176.15,666.00,179.75,19.04,70.46,-151.79,9.72,103.35,78.06,94.11,666.00,-94.01,11.55,3.75,-148.97
29.63,-1.10,102.40,3.98,175.53,666.00,179.64,18.25,70.62,-151.76,6.15,103.97,78.15,94.47,666.00,-91.69,11.72,2.86,-158.37
29.76,-1.67,102.30,4.16,176.08,666.00,179.74,18.76,70.56,-151.49,11.21,103.43,77.82,94.71,666.00,-87.36,14.87,0.24,179.29
29.90,-1.68,102.30,4.51,176.08,666.00,179.74,18.98,70.23,-151.15,13.25,103.19,77.91,94.95,666.00,-83.09,15.64,1.11,176.56
30.03,-2.71,102.30,4.09,176.08,666.00,179.74,20.20,70.18,-150.85,22.31,104.06,78.18,95.56,666.00,-79.41,15.69,2.53,176.86
30.16,-2.67,102.30,3.66,176.08,666.00,179.74,19.97,69.96,-151.07,27.12,101.53,77.91,95.35,666.00,-61.58,18.65,6.66,-165.11
30.30,-2.92,102.30,3.74,176.08,666.00,179.74,20.15,70.24,-151.11,37.23,96.81,79.22,93.51,666.00,-48.71,14.33,7.16,145.24
30.45,-3.10,102.27,3.08,177.15,666.00,179.72,20.55,70.40,-150.63,41.86,96.79,82.29,93.47,666.00,-48.70,11.60,6.75,116.56
30.58,-4.00,102.28,3.31,179.29,666.00,179.67,21.36,70.40,-151.07,49.17,88.68,83.01,89.23,666.00,-19.95,8.41,10.58,120.96
30.71,-4.02,102.40,2.95,179.77,666.00,179.54,21.67,70.57,-151.46,49.43,84.13,83.07,86.61,666.00,-11.29,7.67,11.57,117.47
30.84,-4.39,102.40,3.22,179.77,666.00,179.54,21.62,70.73,-151.40,48.55,82.30,82.73,85.69,666.00,-11.49,7.45,10.73,117.66
30.97,-3.42,102.40,2.94,179.77,666.00,179.54,20.71,70.39,-151.53,48.17,81.76,82.58,85.38,666.00,-11.91,7.33,10.30,118.83
31.10,-2.18,102.40,3.10,179.77,666.00,179.54,19.89,70.45,-151.37,45.44,81.15,82.36,85.14,666.00,-12.79,7.31,10.11,119.76
31.25,-2.53,102.50,3.21,178.25,666.00,179.70,20.39,70.45,-151.37,44.90,81.32,81.82,85.15,666.00,-13.14,7.40,10.04,120.50
31.38,-2.55,102.40,3.10,177.65,666.00,179.59,20.45,70.29,-151.41,43.84,82.69,81.36,85.89,666.00,-16.15,7.97,10.53,121.61
31.51,-2.14,102.53,3.04,177.20,666.00,179.72,19.99,70.23,-151.57,43.32,84.02,81.18,86.62,666.00,-18.04,8.09,10.55,123.03
31.78,-1.98,102.40,3.13,175.53,666.00,179.64,19.73,70.29,-151.83,42.02,89.26,80.21,89.58,666.00,-26.70,10.78,10.74,123.54
31.92,-0.60,102.27,3.63,175.02,666.00,179.77,18.27,70.18,-151.73,35.37,96.37,78.91,93.52,666.00,-42.96,15.90,9.64,123.81
32.05,-0.97,102.27,3.36,175.02,666.00,179.77,18.86,69.96,-151.96,35.28,101.10,80.07,95.82,666.00,-55.43,15.65,6.60,148.40
32.18,-0.71,102.27,3.16,175.02,666.00,179.77,18.74,69.48,-152.57,27.59,101.10,80.05,95.82,666.00,-55.43,16.13,3.26,-172.79
32.31,-0.48,102.17,3.04,175.57,666.00,179.87,18.61,69.65,-152.95,22.19,103.50,79.89,96.24,666.00,-73.33,14.00,1.32,-158.01
32.44,-1.33,102.40,3.27,176.70,666.00,179.85,19.37,69.92,-153.45,24.03,103.77,78.96,96.04,666.00,-77.40,12.52,1.87,-153.20
32.58,-1.84,102.50,3.45,176.15,666.00,179.75,19.65,70.15,-153.68,28.39,103.85,77.63,95.72,666.00,-83.17,12.17,0.90,-148.36
32.71,-1.14,102.50,3.28,174.06,666.00,179.80,19.02,70.20,-153.08,23.47,102.92,77.75,95.43,666.00,-84.08,12.20,1.03,-147.24
32.83,-1.30,102.63,3.57,173.66,666.00,179.92,19.82,69.75,-152.65,24.09,101.57,77.29,94.81,666.00,-84.19,12.43,1.74,-148.26
32.96,-0.89,102.63,3.56,173.66,666.00,179.92,19.64,69.47,-152.60,20.94,101.31,77.07,94.67,666.00,-83.54,12.78,1.88,-146.82
33.09,0.01,102.76,3.25,173.26,666.00,-179.95,18.79,69.59,-152.69,11.81,101.13,77.60,94.62,666.00,-83.69,12.54,1.68,-146.54
33.22,-0.35,102.86,3.35,172.76,666.00,179.95,18.48,70.08,-152.94,18.65,101.48,76.93,94.79,666.00,-83.74,13.40,1.58,-147.68
33.35,-0.73,102.86,3.41,172.76,666.00,179.95,18.37,70.34,-153.00,15.97,101.48,77.33,94.79,666.00,-83.74,12.94,2.00,-152.92
33.48,-0.86,102.86,3.44,172.76,666.00,179.95,17.66,70.41,-153.29,18.48,101.48,77.16,94.79,666.00,-83.74,15.11,1.87,-159.37
33.61,-1.53,102.86,3.63,172.76,666.00,179.95,18.70,70.41,-153.29,23.07,100.88,77.01,94.91,666.00,-76.89,15.66,0.14,-167.61
33.75,0.43,102.63,3.00,173.66,666.00,179.92,17.07,70.15,-153.68,14.50,100.51,77.65,94.98,666.00,-74.17,16.46,1.85,171.33
33.88,-0.37,102.63,3.11,173.66,666.00,179.92,17.49,70.21,-153.94,22.84,100.68,77.39,95.29,666.00,-70.08,16.74,3.75,160.38
34.01,0.29,102.63,2.83,173.66,666.00,179.92,17.09,70.36,-153.88,29.65,98.74,78.43,94.71,666.00,-60.82,14.24,5.94,145.85
34.15,-1.07,102.63,3.21,173.66,666.00,179.92,18.73,70.30,-154.04,39.51,94.99,79.89,93.04,666.00,-43.44,11.97,8.40,140.93
34.27,-1.28,102.63,3.22,174.58,666.00,179.67,18.94,70.48,-154.45,43.85,94.34,80.72,92.72,666.00,-38.08,10.06,9.26,127.33
34.41,-2.36,102.63,3.55,175.73,666.00,179.87,19.44,71.19,-154.52,49.85,83.75,81.88,86.02,666.00,-7.52,7.82,10.59,118.53
34.65,-2.98,102.63,3.91,175.73,666.00,179.87,20.09,71.42,-154.75,50.36,82.65,82.00,85.36,666.00,-7.80,7.59,10.66,118.36
34.78,-3.22,102.53,4.07,175.11,666.00,179.77,20.38,71.30,-154.18,50.22,82.40,81.94,85.27,666.00,-8.75,7.43,10.50,117.83
34.91,-3.17,102.53,4.17,173.03,666.00,179.82,20.63,70.75,-153.63,49.52,82.25,81.84,85.15,666.00,-8.87,7.70,9.99,119.08
35.04,-3.11,102.53,4.21,172.11,666.00,-179.93,21.13,70.36,-153.47,47.56,82.33,81.53,85.20,666.00,-10.45,7.93,9.67,120.17
35.17,-3.10,102.40,4.24,172.50,666.00,179.95,21.20,70.47,-153.59,46.70,82.32,81.43,85.33,666.00,-11.33,8.00,9.34,119.78
35.30,-3.21,102.40,4.31,172.50,666.00,179.95,21.76,70.52,-153.41,45.12,83.04,81.35,85.81,666.00,-12.17,8.53,9.44,122.13
35.43,-3.41,102.17,4.39,171.30,666.00,179.97,21.41,70.52,-153.41,37.20,85.63,81.00,87.38,666.00,-17.02,10.96,9.52,125.10
35.56,-1.71,102.17,4.06,171.30,666.00,179.97,20.08,70.47,-153.13,31.94,87.85,81.47,88.73,666.00,-22.88,11.83,9.16,127.84
35.68,-0.67,101.95,3.95,170.07,666.00,179.99,19.37,70.14,-152.78,29.15,94.81,80.64,92.66,666.00,-40.92,12.85,7.18,143.63
35.81,-0.24,101.95,3.93,170.07,666.00,179.99,18.90,69.31,-152.64,25.14,105.51,80.44,97.09,666.00,-74.24,14.92,3.54,144.93
35.94,-1.61,101.72,4.43,170.97,666.00,179.96,20.29,69.70,-152.83,27.40,106.70,79.75,97.24,666.00,-79.16,16.45,0.68,171.16
36.08,-1.56,101.72,4.55,173.17,666.00,179.91,19.72,69.98,-153.33,25.64,108.55,79.39,97.20,666.00,-87.64,16.02,3.36,-162.20
36.21,-2.46,101.72,4.73,173.17,666.00,179.91,20.37,70.48,-154.07,26.44,111.33,77.75,97.56,666.00,-96.45,13.22,4.66,-158.60
36.34,-0.76,101.72,4.26,173.17,666.00,179.91,18.65,70.50,-154.51,19.23,110.74,76.83,97.05,666.00,-98.54,14.08,3.52,-142.35
36.48,-1.50,101.72,4.53,173.17,666.00,179.91,19.66,70.33,-154.54,19.40,109.11,77.26,96.37,666.00,-98.98,12.09,3.13,-141.43
36.61,-1.22,101.82,4.69,172.63,666.00,179.81,19.70,69.89,-154.11,13.92,108.51,77.46,96.15,666.00,-97.95,11.52,3.42,-140.86
36.75,-1.54,101.82,4.93,170.46,666.00,179.86,20.03,69.94,-153.95,14.98,108.55,77.37,96.28,666.00,-97.44,16.64,3.45,-142.26
36.88,-1.86,101.82,5.17,169.49,666.00,-179.89,20.30,69.99,-153.77,21.16,107.33,77.09,95.94,666.00,-96.53,12.32,3.56,-144.21
37.01,-1.79,101.85,5.13,168.42,666.00,-179.87,20.42,70.04,-153.60,24.30,107.33,76.92,96.21,666.00,-94.03,13.57,2.83,-146.34
37.14,-1.51,101.95,4.94,167.94,666.00,-179.97,19.98,70.10,-153.86,22.14,107.40,76.37,96.45,666.00,-92.89,17.01,2.75,-152.27
37.28,-1.00,101.82,4.78,169.49,666.00,-179.89,19.35,70.16,-154.16,24.44,105.61,76.14,95.89,666.00,-91.01,17.22,1.65,-163.57
37.49,-0.80,102.17,4.67,169.20,666.00,-179.98,18.97,70.32,-154.10,24.50,105.52,75.99,96.33,666.00,-87.21,17.40,0.25,-170.16
37.62,-0.40,102.17,4.52,169.20,666.00,-179.98,18.59,70.21,-153.98,25.77,104.38,76.49,96.32,666.00,-79.93,15.73,2.17,171.84
37.75,-1.05,101.95,4.80,167.94,666.00,-179.97,19.55,70.05,-154.04,34.71,101.98,77.98,95.94,666.00,-71.92,12.92,5.00,157.81
37.88,-0.18,102.17,4.49,169.20,666.00,-179.98,18.60,69.89,-154.53,30.72,100.40,77.66,95.43,666.00,-65.22,14.08,5.96,152.25
38.01,-0.93,102.17,4.72,169.20,666.00,-179.98,18.72,70.46,-155.11,36.27,94.81,78.05,92.90,666.00,-47.98,12.16,7.28,138.54
38.15,-0.05,102.17,4.37,171.30,666.00,179.97,17.64,70.57,-155.23,34.44,89.33,78.21,89.57,666.00,-33.88,11.53,8.59,132.70
38.27,0.35,102.17,4.08,172.25,666.00,179.71,16.86,70.76,-156.06,32.89,87.76,77.94,88.55,666.00,-29.67,10.77,9.11,131.62
38.41,0.55,102.17,3.84,174.38,666.00,179.67,16.82,70.72,-156.24,32.28,81.42,77.88,84.40,666.00,-17.88,9.64,10.99,120.62
38.53,0.62,102.27,3.76,175.02,666.00,179.77,16.79,70.83,-156.77,31.59,76.00,77.83,80.93,666.00,-8.94,8.46,11.29,121.33
38.66,0.72,102.17,3.67,174.38,666.00,179.67,16.66,70.72,-156.24,23.39,75.28,77.59,80.53,666.00,-8.77,8.68,11.21,119.36
38.79,0.77,102.05,3.68,173.85,666.00,179.79,16.75,70.72,-156.24,17.78,73.30,77.54,79.49,666.00,-9.48,9.09,10.55,119.19
38.91,0.85,102.17,3.92,173.43,666.00,179.92,16.97,70.72,-155.82,19.26,73.75,76.79,79.81,666.00,-10.02,9.43,10.43,119.49
39.04,0.72,102.05,3.89,173.85,666.00,179.79,16.90,70.27,-155.80,14.70,74.30,76.69,80.38,666.00,-12.22,10.21,10.05,121.25
39.17,0.76,102.05,3.83,173.85,666.00,179.79,16.86,70.60,-156.13,17.47,74.12,76.52,80.58,666.00,-12.73,9.94,9.35,120.94
39.31,0.85,102.05,3.55,173.85,666.00,179.79,16.71,70.72,-156.24,12.87,77.59,76.86,82.88,666.00,-18.58,10.95,8.43,124.68
39.51,1.02,102.17,3.40,173.43,666.00,179.92,16.65,70.76,-156.06,10.53,79.31,77.35,83.88,666.00,-23.12,12.48,7.88,128.79
39.64,-0.36,102.17,3.53,173.43,666.00,179.92,18.12,70.16,-156.10,17.88,85.81,77.14,87.75,666.00,-42.11,13.35,7.02,121.66
39.78,0.15,102.07,3.65,172.77,666.00,179.81,18.03,70.06,-156.43,19.50,90.14,77.07,90.07,666.00,-51.63,13.50,3.89,159.24
39.91,-0.47,102.17,4.13,173.43,666.00,179.92,18.45,69.96,-156.76,22.13,93.55,76.71,91.68,666.00,-67.62,14.50,0.11,177.10
40.05,-3.42,102.17,6.61,173.43,666.00,179.92,21.20,70.46,-157.47,34.76,100.47,78.33,94.46,666.00,-83.59,15.40,4.34,-148.90
40.27,-4.45,102.17,6.93,173.43,666.00,179.92,21.95,70.69,-157.04,40.83,103.67,78.69,95.33,666.00,-92.84,12.45,4.22,-142.72
40.40,-4.07,102.17,8.00,173.43,666.00,179.92,22.11,70.62,-156.33,43.46,105.90,79.49,95.63,666.00,-104.73,9.41,4.65,-134.69
40.58,-3.21,102.17,9.06,173.43,666.00,179.92,22.73,69.91,-155.42,44.92,102.95,79.27,94.32,666.00,-108.06,8.62,5.44,-134.59
40.72,-3.00,102.17,9.44,173.43,666.00,179.92,22.73,69.75,-155.06,45.46,101.50,78.34,93.82,666.00,-108.30,9.01,5.10,-132.87
40.84,-3.14,102.17,9.45,173.43,666.00,179.92,22.83,70.24,-155.32,45.08,99.05,78.21,93.05,666.00,-106.27,9.24,5.37,-132.13
